"pos","ref","alt","depth","protein_start","protein_end","amino_acids","consequence_terms","cigar","seq","mdz","n_nuc","ct","codons","type"
965,"G","A",8823,335,335,"V","synonymous_variant","133M","ACCTCCTGGACTACCTGAGGGAGTGCAACCGGCAGGAGGTAAACGCCGTGGTGCTGCTGTACATGGCCACTCAGATCTCGTCAGCCATGGAGTACCTGGAGAAGAAAAACTTCATCCACAGAGATCTTGCTGC","40G92",1,2,"gtG/gtA","snp"
988,"G","A",9201,335,335,"V","synonymous_variant","133M","TGCAACCGGCAGGAGGTAAACGCCGTGGTGCTGCTGTACATGGCCACTCAGATCTCGTCAGCCATGGAGTACCTGGAGAAGAAAAACTTCATCCACAGAGATCTTGCTGCCCGAAACTGCCTGGTAGGGGAGA","17G115",1,2,"gtG/gtA","snp"
920,"A","C",7931,336,336,"N/T","missense_variant","133M","GGGAGCCCCCGTTCTATATCATCACTGAGTTCATGACCTACGGGAACCTCCTGGACTACCTGAGGGAGTGCAACCGGCAGGAGGTGACCGCCGTGGTGCTGCTGTACATGGCCACTCAGATCTCGTCAGCCAT","87A45",1,4,"aAc/aCc","snp"
941,"A","C",8714,336,336,"N/T","missense_variant","133M","TCACTGAGTTCATGACCTACGGGAACCTCCTGGACTACCTGAGGGAGTGCAACCGGCAGGAGGTGACCGCCGTGGTGCTGCTGTACATGGCCACTCAGATCTCGTCAGCCATGGAGTACCTGGAGAAGAAAAA","66A66",1,4,"aAc/aCc","snp"
990,"A","C",9280,336,336,"N/T","missense_variant","133M","CAACCGGCAGGAGGTGACCGCCGTGGTGCTGCTGTACATGGCCACTCAGATCTCGTCAGCCATGGAGTACCTGGAGAAGAAAAACTTCATCCACAGAGATCTTGCTGCCCGAAACTGCCTGGTAGGGGAGAAC","17A115",1,4,"aAc/aCc","snp"
952,"A","C",8767,336,336,"N/T","missense_variant","133M","ATGACCTACGGGAACCTCCTGGACTACCTGAGGGAGTGCAACCGGCAGGAGGTGACCGCCGTGGTGCTGCTGTACATGGCCACTCAGATCTCGTCAGCCATGGAGTACCTGGAGAAGAAAAACTTCATCCACA","55A77",1,4,"aAc/aCc","snp"
980,"C","G",9103,336,336,"N/K","missense_variant","133M","TGAGGGAGTGCAACCGGCAGGAGGTGAAGGCCGTGGTGCTGCTGTACATGGCCACTCAGATCTCGTCAGCCATGGAGTACCTGGAGAAGAAAAACTTCATCCACAGAGATCTTGCTGCCCGAAACTGCCTGGT","28C104",1,3,"aaC/aaG","snp"
982,"C","G",9096,336,336,"N/K","missense_variant","133M","AGGGAGTGCAACCGGCAGGAGGTGAAGGCCGTGGTGCTGCTGTACATGGCCACTCAGATCTCGTCAGCCATGGAGTACCTGGAGAAGAAAAACTTCATCCACAGAGATCTTGCTGCCCGAAACTGCCTGGTAG","26C106",1,3,"aaC/aaG","snp"
902,"C","G",7102,336,336,"N/K","missense_variant","133M","TCCTTGGGGTCTGCACCCGGGAGCCCCCGTTCTATATCATCACTGAGTTCATGACCTACGGGAACCTCCTGGACTACCTGAGGGAGTGCAACCGGCAGGAGGTGAAGGCCGTGGTGCTGCTGTACATGGCCAC","106C26",1,3,"aaC/aaG","snp"
942,"G","A",8764,337,337,"A/T","missense_variant","133M","CACTGAGTTCATGACCTACGGGAACCTCCTGGACTACCTGAGGGAGTGCAACCGGCAGGAGGTGAACACCGTGGTGCTGCTGTACATGGCCACTCAGATCTCGTCAGCCATGGAGTACCTGGAGAAGAAAAAC","67G65",1,2,"Gcc/Acc","snp"
997,"G","A",9493,337,337,"A/T","missense_variant","133M","CAGGAGGTGAACACCGTGGTGCTGCTGTACATGGCCACTCAGATCTCGTCAGCCATGGAGTACCTGGAGAAGAAAAACTTCATCCACAGAGATCTTGCTGCCCGAAACTGCCTGGTAGGGGAGAACCACTTGG","12G120",1,2,"Gcc/Acc","snp"
961,"G","C",8764,338,338,"V/L","missense_variant","133M","GGGAACCTCCTGGACTACCTGAGGGAGTGCAACCGGCAGGAGGTGAACGCCCTGGTGCTGCTGTACATGGCCACTCAGATCTCGTCAGCCATGGAGTACCTGGAGAAGAAAAACTTCATCCACAGAGATCTTG","51G81",1,4,"Gtg/Ctg","snp"
1003,"G","C",9772,338,338,"V/L","missense_variant","133M","GTGAACGCCCTGGTGCTGCTGTACATGGCCACTCAGATCTCGTCAGCCATGGAGTACCTGGAGAAGAAAAACTTCATCCACAGAGATCTTGCTGCCCGAAACTGCCTGGTAGGGGAGAACCACTTGGTGAAGG","9G123",1,4,"Gtg/Ctg","snp"
979,"G","C",9036,338,338,"V/L","missense_variant","133M","CTGAGGGAGTGCAACCGGCAGGAGGTGAACGCCCTGGTGCTGCTGTACATGGCCACTCAGATCTCGTCAGCCATGGAGTACCTGGAGAAGAAAAACTTCATCCACAGAGATCTTGCTGCCCGAAACTGCCTGG","33G99",1,4,"Gtg/Ctg","snp"
920,"G","C",7931,338,338,"V/L","missense_variant","133M","GGGAGCCCCCGTTCTATATCATCACTGAGTTCATGACCTACGGGAACCTCCTGGACTACCTGAGGGAGTGCAACCGGCAGGAGGTGAACGCCCTGGTGCTGCTGTACATGGCCACTCAGATCTCGTCAGCCAT","92G40",1,4,"Gtg/Ctg","snp"
936,"G","A",8646,338,338,"V","synonymous_variant","133M","TATCATCACTGAGTTCATGACCTACGGGAACCTCCTGGACTACCTGAGGGAGTGCAACCGGCAGGAGGTGAACGCCGTAGTGCTGCTGTACATGGCCACTCAGATCTCGTCAGCCATGGAGTACCTGGAGAAG","78G54",1,1,"gtG/gtA","snp"
924,"G","A",8134,339,339,"V/M","missense_variant","133M","GCCCCCGTTCTATATCATCACTGAGTTCATGACCTACGGGAACCTCCTGGACTACCTGAGGGAGTGCAACCGGCAGGAGGTGAACGCCGTGATGCTGCTGTACATGGCCACTCAGATCTCGTCAGCCATGGAG","91G41",1,1,"Gtg/Atg","snp"
957,"C","A",8843,340,340,"L/M","missense_variant","133M","CTACGGGAACCTCCTGGACTACCTGAGGGAGTGCAACCGGCAGGAGGTGAACGCCGTGGTGATGCTGTACATGGCCACTCAGATCTCGTCAGCCATGGAGTACCTGGAGAAGAAAAACTTCATCCACAGAGAT","61C71",1,6,"Ctg/Atg","snp"
918,"C","A",7792,340,340,"L/M","missense_variant","133M","CCGGGAGCCCCCGTTCTATATCATCACTGAGTTCATGACCTACGGGAACCTCCTGGACTACCTGAGGGAGTGCAACCGGCAGGAGGTGAACGCCGTGGTGATGCTGTACATGGCCACTCAGATCTCGTCAGCC","100C32",1,6,"Ctg/Atg","snp"
925,"C","A",8184,340,340,"L/M","missense_variant","133M","CCCCCGTTCTATATCATCACTGAGTTCATGACCTACGGGAACCTCCTGGACTACCTGAGGGAGTGCAACCGGCAGGAGGTGAACGCCGTGGTGATGCTGTACATGGCCACTCAGATCTCGTCAGCCATGGAGT","93C39",1,6,"Ctg/Atg","snp"
998,"C","A",9553,340,340,"L/M","missense_variant","133M","AGGAGGTGAACGCCGTGGTGATGCTGTACATGGCCACTCAGATCTCGTCAGCCATGGAGTACCTGGAGAAGAAAAACTTCATCCACAGAGATCTTGCTGCCCGAAACTGCCTGGTAGGGGAGAACCACTTGGT","20C112",1,6,"Ctg/Atg","snp"
953,"C","A",8771,340,340,"L/M","missense_variant","133M","TGACCTACGGGAACCTCCTGGACTACCTGAGGGAGTGCAACCGGCAGGAGGTGAACGCCGTGGTGATGCTGTACATGGCCACTCAGATCTCGTCAGCCATGGAGTACCTGGAGAAGAAAAACTTCATCCACAG","65C67",1,6,"Ctg/Atg","snp"
907,"C","A",7318,340,340,"L/M","missense_variant","133M","GGGGTCTGCACCCGGGAGCCCCCGTTCTATATCATCACTGAGTTCATGACCTACGGGAACCTCCTGGACTACCTGAGGGAGTGCAACCGGCAGGAGGTGAACGCCGTGGTGATGCTGTACATGGCCACTCAGA","111C21",1,6,"Ctg/Atg","snp"
918,"C","G",7792,341,341,"L/V","missense_variant","133M","CCGGGAGCCCCCGTTCTATATCATCACTGAGTTCATGACCTACGGGAACCTCCTGGACTACCTGAGGGAGTGCAACCGGCAGGAGGTGAACGCCGTGGTGCTGGTGTACATGGCCACTCAGATCTCGTCAGCC","103C29",1,1,"Ctg/Gtg","snp"
900,"C","T",7001,341,341,"L","synonymous_variant","133M","GCTCCTTGGGGTCTGCACCCGGGAGCCCCCGTTCTATATCATCACTGAGTTCATGACCTACGGGAACCTCCTGGACTACCTGAGGGAGTGCAACCGGCAGGAGGTGAACGCCGTGGTGCTGTTGTACATGGCC","121C11",1,49,"Ctg/Ttg","snp"
906,"C","T",7249,341,341,"L","synonymous_variant","133M","TGGGGTCTGCACCCGGGAGCCCCCGTTCTATATCATCACTGAGTTCATGACCTACGGGAACCTCCTGGACTACCTGAGGGAGTGCAACCGGCAGGAGGTGAACGCCGTGGTGCTGTTGTACATGGCCACTCAG","115C17",1,49,"Ctg/Ttg","snp"
928,"C","T",8218,341,341,"L","synonymous_variant","133M","CCGTTCTATATCATCACTGAGTTCATGACCTACGGGAACCTCCTGGACTACCTGAGGGAGTGCAACCGGCAGGAGGTGAACGCCGTGGTGCTGTTGTACATGGCCACTCAGATCTCGTCAGCCATGGAGTACC","93C39",1,49,"Ctg/Ttg","snp"
907,"C","T",7318,341,341,"L","synonymous_variant","133M","GGGGTCTGCACCCGGGAGCCCCCGTTCTATATCATCACTGAGTTCATGACCTACGGGAACCTCCTGGACTACCTGAGGGAGTGCAACCGGCAGGAGGTGAACGCCGTGGTGCTGTTGTACATGGCCACTCAGA","114C18",1,49,"Ctg/Ttg","snp"
1011,"C","T",10071,341,341,"L","synonymous_variant","133M","CGTGGTGCTGTTGTACATGGCCACTCAGATCTCGTCAGCCATGGAGTACCTGGAGAAGAAAAACTTCATCCACAGAGATCTTGCTGCCCGAAACTGCCTGGTAGGGGAGAACCACTTGGTGAAGGTAGCTGAT","10C122",1,49,"Ctg/Ttg","snp"
937,"C","T",8714,341,341,"L","synonymous_variant","133M","ATCATCACTGAGTTCATGACCTACGGGAACCTCCTGGACTACCTGAGGGAGTGCAACCGGCAGGAGGTGAACGCCGTGGTGCTGTTGTACATGGCCACTCAGATCTCGTCAGCCATGGAGTACCTGGAGAAGA","84C48",1,49,"Ctg/Ttg","snp"
891,"C","T",6750,341,341,"L","synonymous_variant","133M","CCTGGTGCAGCTCCTTGGGGTCTGCACCCGGGAGCCCCCGTTCTATATCATCACTGAGTTCATGACCTACGGGAACCTCCTGGACTACCTGAGGGAGTGCAACCGGCAGGAGGTGAACGCCGTGGTGCTGTTG","130C2",1,49,"Ctg/Ttg","snp"
935,"C","T",8565,341,341,"L","synonymous_variant","133M","ATATCATCACTGAGTTCATGACCTACGGGAACCTCCTGGACTACCTGAGGGAGTGCAACCGGCAGGAGGTGAACGCCGTGGTGCTGTTGTACATGGCCACTCAGATCTCGTCAGCCATGGAGTACCTGGAGAA","86C46",1,49,"Ctg/Ttg","snp"
967,"C","T",8899,341,341,"L","synonymous_variant","133M","CTCCTGGACTACCTGAGGGAGTGCAACCGGCAGGAGGTGAACGCCGTGGTGCTGTTGTACATGGCCACTCAGATCTCGTCAGCCATGGAGTACCTGGAGAAGAAAAACTTCATCCACAGAGATCTTGCTGCCC","54C78",1,49,"Ctg/Ttg","snp"
902,"C","T",7102,341,341,"L","synonymous_variant","133M","TCCTTGGGGTCTGCACCCGGGAGCCCCCGTTCTATATCATCACTGAGTTCATGACCTACGGGAACCTCCTGGACTACCTGAGGGAGTGCAACCGGCAGGAGGTGAACGCCGTGGTGCTGTTGTACATGGCCAC","119C13",1,49,"Ctg/Ttg","snp"
989,"C","T",9246,341,341,"L","synonymous_variant","133M","GCAACCGGCAGGAGGTGAACGCCGTGGTGCTGTTGTACATGGCCACTCAGATCTCGTCAGCCATGGAGTACCTGGAGAAGAAAAACTTCATCCACAGAGATCTTGCTGCCCGAAACTGCCTGGTAGGGGAGAA","32C100",1,49,"Ctg/Ttg","snp"
974,"C","T",9014,341,341,"L","synonymous_variant","133M","ACTACCTGAGGGAGTGCAACCGGCAGGAGGTGAACGCCGTGGTGCTGTTGTACATGGCCACTCAGATCTCGTCAGCCATGGAGTACCTGGAGAAGAAAAACTTCATCCACAGAGATCTTGCTGCCCGAAACTG","47C85",1,49,"Ctg/Ttg","snp"
989,"C","T",9246,341,341,"L","synonymous_variant","133M","GCAACCGGCAGGAGGTGAACGCCGTGGTGCTGTTGTACATGGCCACTCAGATCTCGTCAGCCATGGAGTACCTGGAGAAGAAAAACTTCATCCACAGAGATCTTGCTGCCCGAAACTGCCTGGTAGGGGAGAA","32C100",1,49,"Ctg/Ttg","snp"
924,"C","T",8134,341,341,"L","synonymous_variant","133M","GCCCCCGTTCTATATCATCACTGAGTTCATGACCTACGGGAACCTCCTGGACTACCTGAGGGAGTGCAACCGGCAGGAGGTGAACGCCGTGGTGCTGTTGTACATGGCCACTCAGATCTCGTCAGCCATGGAG","97C35",1,49,"Ctg/Ttg","snp"
920,"C","T",7931,341,341,"L","synonymous_variant","133M","GGGAGCCCCCGTTCTATATCATCACTGAGTTCATGACCTACGGGAACCTCCTGGACTACCTGAGGGAGTGCAACCGGCAGGAGGTGAACGCCGTGGTGCTGTTGTACATGGCCACTCAGATCTCGTCAGCCAT","101C31",1,49,"Ctg/Ttg","snp"
938,"C","T",8715,341,341,"L","synonymous_variant","133M","TCATCACTGAGTTCATGACCTACGGGAACCTCCTGGACTACCTGAGGGAGTGCAACCGGCAGGAGGTGAACGCCGTGGTGCTGTTGTACATGGCCACTCAGATCTCGTCAGCCATGGAGTACCTGGAGAAGAA","83C49",1,49,"Ctg/Ttg","snp"
951,"C","T",8758,341,341,"L","synonymous_variant","133M","CATGACCTACGGGAACCTCCTGGACTACCTGAGGGAGTGCAACCGGCAGGAGGTGAACGCCGTGGTGCTGTTGTACATGGCCACTCAGATCTCGTCAGCCATGGAGTACCTGGAGAAGAAAAACTTCATCCAC","70C62",1,49,"Ctg/Ttg","snp"
937,"C","T",8714,341,341,"L","synonymous_variant","133M","ATCATCACTGAGTTCATGACCTACGGGAACCTCCTGGACTACCTGAGGGAGTGCAACCGGCAGGAGGTGAACGCCGTGGTGCTGTTGTACATGGCCACTCAGATCTCGTCAGCCATGGAGTACCTGGAGAAGA","84C48",1,49,"Ctg/Ttg","snp"
929,"C","T",8245,341,341,"L","synonymous_variant","133M","CGTTCTATATCATCACTGAGTTCATGACCTACGGGAACCTCCTGGACTACCTGAGGGAGTGCAACCGGCAGGAGGTGAACGCCGTGGTGCTGTTGTACATGGCCACTCAGATCTCGTCAGCCATGGAGTACCT","92C40",1,49,"Ctg/Ttg","snp"
914,"C","T",7748,341,341,"L","synonymous_variant","133M","GCACCCGGGAGCCCCCGTTCTATATCATCACTGAGTTCATGACCTACGGGAACCTCCTGGACTACCTGAGGGAGTGCAACCGGCAGGAGGTGAACGCCGTGGTGCTGTTGTACATGGCCACTCAGATCTCGTC","107C25",1,49,"Ctg/Ttg","snp"
908,"C","T",7408,341,341,"L","synonymous_variant","133M","GGGTCTGCACCCGGGAGCCCCCGTTCTATATCATCACTGAGTTCATGACCTACGGGAACCTCCTGGACTACCTGAGGGAGTGCAACCGGCAGGAGGTGAACGCCGTGGTGCTGTTGTACATGGCCACTCAGAT","113C19",1,49,"Ctg/Ttg","snp"
951,"C","T",8758,341,341,"L","synonymous_variant","133M","CATGACCTACGGGAACCTCCTGGACTACCTGAGGGAGTGCAACCGGCAGGAGGTGAACGCCGTGGTGCTGTTGTACATGGCCACTCAGATCTCGTCAGCCATGGAGTACCTGGAGAAGAAAAACTTCATCCAC","70C62",1,49,"Ctg/Ttg","snp"
988,"C","T",9201,341,341,"L","synonymous_variant","4S129M","CTGTTGCAACCGGCAGGAGGTGAACGCCGTGGTGCTGTTGTACATGGCCACTCAGATCTCGTCAGCCATGGAGTACCTGGAGAAGAAAAACTTCATCCACAGAGATCTTGCTGCCCGAAACTGCCTGGTAGGG","33C95",1,49,"Ctg/Ttg","snp"
937,"C","T",8714,341,341,"L","synonymous_variant","133M","ATCATCACTGAGTTCATGACCTACGGGAACCTCCTGGACTACCTGAGGGAGTGCAACCGGCAGGAGGTGAACGCCGTGGTGCTGTTGTACATGGCCACTCAGATCTCGTCAGCCATGGAGTACCTGGAGAAGA","84C48",1,49,"Ctg/Ttg","snp"
909,"C","T",7450,341,341,"L","synonymous_variant","133M","GGTCTGCACCCGGGAGCCCCCGTTCTATATCATCACTGAGTTCATGACCTACGGGAACCTCCTGGACTACCTGAGGGAGTGCAACCGGCAGGAGGTGAACGCCGTGGTGCTGTTGTACATGGCCACTCAGATC","112C20",1,49,"Ctg/Ttg","snp"
893,"C","T",6766,341,341,"L","synonymous_variant","133M","TGGTGCAGCTCCTTGGGGTCTGCACCCGGGAGCCCCCGTTCTATATCATCACTGAGTTCATGACCTACGGGAACCTCCTGGACTACCTGAGGGAGTGCAACCGGCAGGAGGTGAACGCCGTGGTGCTGTTGTA","128C4",1,49,"Ctg/Ttg","snp"
953,"C","T",8771,341,341,"L","synonymous_variant","133M","TGACCTACGGGAACCTCCTGGACTACCTGAGGGAGTGCAACCGGCAGGAGGTGAACGCCGTGGTGCTGTTGTACATGGCCACTCAGATCTCGTCAGCCATGGAGTACCTGGAGAAGAAAAACTTCATCCACAG","68C64",1,49,"Ctg/Ttg","snp"
998,"C","T",9553,341,341,"L","synonymous_variant","133M","AGGAGGTGAACGCCGTGGTGCTGTTGTACATGGCCACTCAGATCTCGTCAGCCATGGAGTACCTGGAGAAGAAAAACTTCATCCACAGAGATCTTGCTGCCCGAAACTGCCTGGTAGGGGAGAACCACTTGGT","23C109",1,49,"Ctg/Ttg","snp"
985,"C","T",9078,341,341,"L","synonymous_variant","133M","GAGTGCAACCGGCAGGAGGTGAACGCCGTGGTGCTGTTGTACATGGCCACTCAGATCTCGTCAGCCATGGAGTACCTGGAGAAGAAAAACTTCATCCACAGAGATCTTGCTGCCCGAAACTGCCTGGTAGGGG","36C96",1,49,"Ctg/Ttg","snp"
1012,"C","T",10115,341,341,"L","synonymous_variant","133M","GTGGTGCTGTTGTACATGGCCACTCAGATCTCGTCAGCCATGGAGTACCTGGAGAAGAAAAACTTCATCCACAGAGATCTTGCTGCCCGAAACTGCCTGGTAGGGGAGAACCACTTGGTGAAGGTAGCTGATT","9C123",1,49,"Ctg/Ttg","snp"
895,"C","T",6840,341,341,"L","synonymous_variant","133M","GTGCAGCTCCTTGGGGTCTGCACCCGGGAGCCCCCGTTCTATATCATCACTGAGTTCATGACCTACGGGAACCTCCTGGACTACCTGAGGGAGTGCAACCGGCAGGAGGTGAACGCCGTGGTGCTGTTGTACA","126C6",1,49,"Ctg/Ttg","snp"
913,"C","T",7670,341,341,"L","synonymous_variant","133M","TGCACCCGGGAGCCCCCGTTCTATATCATCACTGAGTTCATGACCTACGGGAACCTCCTGGACTACCTGAGGGAGTGCAACCGGCAGGAGGTGAACGCCGTGGTGCTGTTGTACATGGCCACTCAGATCTCGT","108C24",1,49,"Ctg/Ttg","snp"
1013,"C","T",10128,341,341,"L","synonymous_variant","133M","TGGTGCTGTTGTACATGGCCACTCAGATCTCGTCAGCCATGGAGTACCTGGAGAAGAAAAACTTCATCCACAGAGATCTTGCTGCCCGAAACTGCCTGGTAGGGGAGAACCACTTGGTGAAGGTAGCTGATTT","8C124",1,49,"Ctg/Ttg","snp"
936,"C","T",8646,341,341,"L","synonymous_variant","133M","TATCATCACTGAGTTCATGACCTACGGGAACCTCCTGGACTACCTGAGGGAGTGCAACCGGCAGGAGGTGAACGCCGTGGTGCTGTTGTACATGGCCACTCAGATCTCGTCAGCCATGGAGTACCTGGAGAAG","85C47",1,49,"Ctg/Ttg","snp"
997,"C","T",9493,341,341,"L","synonymous_variant","133M","CAGGAGGTGAACGCCGTGGTGCTGTTGTACATGGCCACTCAGATCTCGTCAGCCATGGAGTACCTGGAGAAGAAAAACTTCATCCACAGAGATCTTGCTGCCCGAAACTGCCTGGTAGGGGAGAACCACTTGG","24C108",1,49,"Ctg/Ttg","snp"
1006,"C","T",9908,341,341,"L","synonymous_variant","133M","AACGCCGTGGTGCTGTTGTACATGGCCACTCAGATCTCGTCAGCCATGGAGTACCTGGAGAAGAAAAACTTCATCCACAGAGATCTTGCTGCCCGAAACTGCCTGGTAGGGGAGAACCACTTGGTGAAGGTAG","15C117",1,49,"Ctg/Ttg","snp"
1006,"C","T",9908,341,341,"L","synonymous_variant","133M","AACGCCGTGGTGCTGTTGTACATGGCCACTCAGATCTCGTCAGCCATGGAGTACCTGGAGAAGAAAAACTTCATCCACAGAGATCTTGCTGCCCGAAACTGCCTGGTAGGGGAGAACCACTTGGTGAAGGTAG","15C117",1,49,"Ctg/Ttg","snp"
972,"C","T",8943,341,341,"L","synonymous_variant","133M","GGACTACCTGAGGGAGTGCAACCGGCAGGAGGTGAACGCCGTGGTGCTGTTGTACATGGCCACTCAGATCTCGTCAGCCATGGAGTACCTGGAGAAGAAAAACTTCATCCACAGAGATCTTGCTGCCCGAAAC","49C83",1,49,"Ctg/Ttg","snp"
965,"C","T",8823,341,341,"L","synonymous_variant","133M","ACCTCCTGGACTACCTGAGGGAGTGCAACCGGCAGGAGGTGAACGCCGTGGTGCTGTTGTACATGGCCACTCAGATCTCGTCAGCCATGGAGTACCTGGAGAAGAAAAACTTCATCCACAGAGATCTTGCTGC","56C76",1,49,"Ctg/Ttg","snp"
997,"C","T",9493,341,341,"L","synonymous_variant","133M","CAGGAGGTGAACGCCGTGGTGCTGTTGTACATGGCCACTCAGATCTCGTCAGCCATGGAGTACCTGGAGAAGAAAAACTTCATCCACAGAGATCTTGCTGCCCGAAACTGCCTGGTAGGGGAGAACCACTTGG","24C108",1,49,"Ctg/Ttg","snp"
967,"C","T",8899,341,341,"L","synonymous_variant","133M","CTCCTGGACTACCTGAGGGAGTGCAACCGGCAGGAGGTGAACGCCGTGGTGCTGTTGTACATGGCCACTCAGATCTCGTCAGCCATGGAGTACCTGGAGAAGAAAAACTTCATCCACAGAGATCTTGCTGCCC","54C78",1,49,"Ctg/Ttg","snp"
906,"C","T",7249,341,341,"L","synonymous_variant","133M","TGGGGTCTGCACCCGGGAGCCCCCGTTCTATATCATCACTGAGTTCATGACCTACGGGAACCTCCTGGACTACCTGAGGGAGTGCAACCGGCAGGAGGTGAACGCCGTGGTGCTGTTGTACATGGCCACTCAG","115C17",1,49,"Ctg/Ttg","snp"
923,"C","T",8118,341,341,"L","synonymous_variant","133M","AGCCCCCGTTCTATATCATCACTGAGTTCATGACCTACGGGAACCTCCTGGACTACCTGAGGGAGTGCAACCGGCAGGAGGTGAACGCCGTGGTGCTGTTGTACATGGCCACTCAGATCTCGTCAGCCATGGA","98C34",1,49,"Ctg/Ttg","snp"
980,"C","T",9103,341,341,"L","synonymous_variant","133M","TGAGGGAGTGCAACCGGCAGGAGGTGAACGCCGTGGTGCTGTTGTACATGGCCACTCAGATCTCGTCAGCCATGGAGTACCTGGAGAAGAAAAACTTCATCCACAGAGATCTTGCTGCCCGAAACTGCCTGGT","41C91",1,49,"Ctg/Ttg","snp"
911,"C","T",7618,341,341,"L","synonymous_variant","133M","TCTGCACCCGGGAGCCCCCGTTCTATATCATCACTGAGTTCATGACCTACGGGAACCTCCTGGACTACCTGAGGGAGTGCAACCGGCAGGAGGTGAACGCCGTGGTGCTGTTGTACATGGCCACTCAGATCTC","110C22",1,49,"Ctg/Ttg","snp"
986,"C","T",9096,341,341,"L","synonymous_variant","133M","AGTGCAACCGGCAGGAGGTGAACGCCGTGGTGCTGTTGTACATGGCCACTCAGATCTCGTCAGCCATGGAGTACCTGGAGAAGAAAAACTTCATCCACAGAGATCTTGCTGCCCGAAACTGCCTGGTAGGGGA","35C97",1,49,"Ctg/Ttg","snp"
1011,"C","T",10071,341,341,"L","synonymous_variant","133M","CGTGGTGCTGTTGTACATGGCCACTCAGATCTCGTCAGCCATGGAGTACCTGGAGAAGAAAAACTTCATCCACAGAGATCTTGCTGCCCGAAACTGCCTGGTAGGGGAGAACCACTTGGTGAAGGTAGCTGAT","10C122",1,49,"Ctg/Ttg","snp"
950,"C","T",8701,341,341,"L","synonymous_variant","133M","TCATGACCTACGGGAACCTCCTGGACTACCTGAGGGAGTGCAACCGGCAGGAGGTGAACGCCGTGGTGCTGTTGTACATGGCCACTCAGATCTCGTCAGCCATGGAGTACCTGGAGAAGAAAAACTTCATCCA","71C61",1,49,"Ctg/Ttg","snp"
992,"C","T",9391,341,341,"L","synonymous_variant","133M","ACCGGCAGGAGGTGAACGCCGTGGTGCTGTTGTACATGGCCACTCAGATCTCGTCAGCCATGGAGTACCTGGAGAAGAAAAACTTCATCCACAGAGATCTTGCTGCCCGAAACTGCCTGGTAGGGGAGAACCA","29C103",1,49,"Ctg/Ttg","snp"
1021,"T","A",10254,342,342,"Y/N","missense_variant","132M","CTGAACATGGCCACTCAGATCTCGTCAGCCATGGAGTACCTGGAGAAGAAAAACTTCATCCACAGAGATCTTGCTGCCCGAAACTGCCTGGTAGGGGAGAACCACTTGGTGAAGGTAGCTGATTTTGGCCTG","3T128",1,1,"Tac/Aac","snp"
994,"A","G",9363,343,343,"M/V","missense_variant","133M","CGGCAGGAGGTGAACGCCGTGGTGCTGCTGTACGTGGCCACTCAGATCTCGTCAGCCATGGAGTACCTGGAGAAGAAAAACTTCATCCACAGAGATCTTGCTGCCCGAAACTGCCTGGTAGGGGAGAACCACT","33A99",1,6,"Atg/Gtg","snp"
946,"A","G",8769,343,343,"M/V","missense_variant","133M","GAGTTCATGACCTACGGGAACCTCCTGGACTACCTGAGGGAGTGCAACCGGCAGGAGGTGAACGCCGTGGTGCTGCTGTACGTGGCCACTCAGATCTCGTCAGCCATGGAGTACCTGGAGAAGAAAAACTTCA","81A51",1,6,"Atg/Gtg","snp"
1016,"A","G",10167,343,343,"M/V","missense_variant","133M","TGCTGCTGTACGTGGCCACTCAGATCTCGTCAGCCATGGAGTACCTGGAGAAGAAAAACTTCATCCACAGAGATCTTGCTGCCCGAAACTGCCTGGTAGGGGAGAACCACTTGGTGAAGGTAGCTGATTTTGG","11A121",1,6,"Atg/Gtg","snp"
988,"A","G",9201,343,343,"M/V","missense_variant","133M","TGCAACCGGCAGGAGGTGAACGCCGTGGTGCTGCTGTACGTGGCCACTCAGATCTCGTCAGCCATGGAGTACCTGGAGAAGAAAAACTTCATCCACAGAGATCTTGCTGCCCGAAACTGCCTGGTAGGGGAGA","39A93",1,6,"Atg/Gtg","snp"
987,"A","G",9139,343,343,"M/V","missense_variant","133M","GTGCAACCGGCAGGAGGTGAACGCCGTGGTGCTGCTGTACGTGGCCACTCAGATCTCGTCAGCCATGGAGTACCTGGAGAAGAAAAACTTCATCCACAGAGATCTTGCTGCCCGAAACTGCCTGGTAGGGGAG","40A92",1,6,"Atg/Gtg","snp"
974,"A","G",9014,343,343,"M/V","missense_variant","133M","ACTACCTGAGGGAGTGCAACCGGCAGGAGGTGAACGCCGTGGTGCTGCTGTACGTGGCCACTCAGATCTCGTCAGCCATGGAGTACCTGGAGAAGAAAAACTTCATCCACAGAGATCTTGCTGCCCGAAACTG","53A79",1,6,"Atg/Gtg","snp"
910,"G","A",7499,343,343,"M/I","missense_variant","133M","GTCTGCACCCGGGAGCCCCCGTTCTATATCATCACTGAGTTCATGACCTACGGGAACCTCCTGGACTACCTGAGGGAGTGCAACCGGCAGGAGGTGAACGCCGTGGTGCTGCTGTACATAGCCACTCAGATCT","119G13",1,1,"atG/atA","snp"
900,"G","A",7001,344,344,"A/T","missense_variant","133M","GCTCCTTGGGGTCTGCACCCGGGAGCCCCCGTTCTATATCATCACTGAGTTCATGACCTACGGGAACCTCCTGGACTACCTGAGGGAGTGCAACCGGCAGGAGGTGAACGCCGTGGTGCTGCTGTACATGACC","130G2",1,7,"Gcc/Acc","snp"
901,"G","A",7030,344,344,"A/T","missense_variant","133M","CTCCTTGGGGTCTGCACCCGGGAGCCCCCGTTCTATATCATCACTGAGTTCATGACCTACGGGAACCTCCTGGACTACCTGAGGGAGTGCAACCGGCAGGAGGTGAACGCCGTGGTGCTGCTGTACATGACCA","129G3",1,7,"Gcc/Acc","snp"
997,"G","A",9493,344,344,"A/T","missense_variant","133M","CAGGAGGTGAACGCCGTGGTGCTGCTGTACATGACCACTCAGATCTCGTCAGCCATGGAGTACCTGGAGAAGAAAAACTTCATCCACAGAGATCTTGCTGCCCGAAACTGCCTGGTAGGGGAGAACCACTTGG","33G99",1,7,"Gcc/Acc","snp"
961,"G","A",8764,344,344,"A/T","missense_variant","133M","GGGAACCTCCTGGACTACCTGAGGGAGTGCAACCGGCAGGAGGTGAACGCCGTGGTGCTGCTGTACATGACCACTCAGATCTCGTCAGCCATGGAGTACCTGGAGAAGAAAAACTTCATCCACAGAGATCTTG","69G63",1,7,"Gcc/Acc","snp"
1016,"G","A",10167,344,344,"A/T","missense_variant","133M","TGCTGCTGTACATGACCACTCAGATCTCGTCAGCCATGGAGTACCTGGAGAAGAAAAACTTCATCCACAGAGATCTTGCTGCCCGAAACTGCCTGGTAGGGGAGAACCACTTGGTGAAGGTAGCTGATTTTGG","14G118",1,7,"Gcc/Acc","snp"
929,"G","A",8245,344,344,"A/T","missense_variant","133M","CGTTCTATATCATCACTGAGTTCATGACCTACGGGAACCTCCTGGACTACCTGAGGGAGTGCAACCGGCAGGAGGTGAACGCCGTGGTGCTGCTGTACATGACCACTCAGATCTCGTCAGCCATGGAGTACCT","101G31",1,7,"Gcc/Acc","snp"
908,"G","A",7408,344,344,"A/T","missense_variant","133M","GGGTCTGCACCCGGGAGCCCCCGTTCTATATCATCACTGAGTTCATGACCTACGGGAACCTCCTGGACTACCTGAGGGAGTGCAACCGGCAGGAGGTGAACGCCGTGGTGCTGCTGTACATGACCACTCAGAT","122G10",1,7,"Gcc/Acc","snp"
989,"T","A",9246,345,345,"T","synonymous_variant","133M","GCAACCGGCAGGAGGTGAACGCCGTGGTGCTGCTGTACATGGCCACACAGATCTCGTCAGCCATGGAGTACCTGGAGAAGAAAAACTTCATCCACAGAGATCTTGCTGCCCGAAACTGCCTGGTAGGGGAGAA","46T86",1,1,"acT/acA","snp"
1021,"A","C",10254,351,351,"M/L","missense_variant","133M","CTGTACATGGCCACTCAGATCTCGTCAGCCCTGGAGTACCTGGAGAAGAAAAACTTCATCCACAGAGATCTTGCTGCCCGAAACTGCCTGGTAGGGGAGAACCACTTGGTGAAGGTAGCTGATTTTGGCCTGA","30A102",1,2,"Atg/Ctg","snp"
1040,"A","C",9904,351,351,"M/L","missense_variant","133M","TCTCGTCAGCCCTGGAGTACCTGGAGAAGAAAAACTTCATCCACAGAGATCTTGCTGCCCGAAACTGCCTGGTAGGGGAGAACCACTTGGTGAAGGTAGCTGATTTTGGCCTGAGCAGGTTGATGACAGGGGA","11A121",1,2,"Atg/Ctg","snp"
1024,"G","A",10073,351,351,"M/I","missense_variant","133M","TACATGGCCACTCAGATCTCGTCAGCCATAGAGTACCTGGAGAAGAAAAACTTCATCCACAGAGATCTTGCTGCCCGAAACTGCCTGGTAGGGGAGAACCACTTGGTGAAGGTAGCTGATTTTGGCCTGAGCA","29G103",1,2,"atG/atA","snp"
932,"G","A",8453,351,351,"M/I","missense_variant","133M","TCTATATCATCACTGAGTTCATGACCTACGGGAACCTCCTGGACTACCTGAGGGAGTGCAACCGGCAGGAGGTGAACGCCGTGGTGCTGCTGTACATGGCCACTCAGATCTCGTCAGCCATAGAGTACCTGGA","121G11",1,2,"atG/atA","snp"
937,"G","T",8714,NA,NA,"NaN","stop_gained","133M","ATCATCACTGAGTTCATGACCTACGGGAACCTCCTGGACTACCTGAGGGAGTGCAACCGGCAGGAGGTGAACGCCGTGGTGCTGCTGTACATGGCCACTCAGATCTCGTCAGCCATGTAGTACCTGGAGAAGA","117G15",1,2,"NaN","snp"
984,"G","T",9102,NA,NA,"NaN","stop_gained","133M","GGAGTGCAACCGGCAGGAGGTGAACGCCGTGGTGCTGCTGTACATGGCCACTCAGATCTCGTCAGCCATGTAGTACCTGGAGAAGAAAAACTTCATCCACAGAGATCTTGCTGCCCGAAACTGCCTGGTAGGG","70G62",1,2,"NaN","snp"
935,"C","T",8565,353,353,"Y","synonymous_variant","133M","ATATCATCACTGAGTTCATGACCTACGGGAACCTCCTGGACTACCTGAGGGAGTGCAACCGGCAGGAGGTGAACGCCGTGGTGCTGCTGTACATGGCCACTCAGATCTCGTCAGCCATGGAGTATCTGGAGAA","124C8",1,1,"taC/taT","snp"
1006,"C","A",9908,354,354,"L/M","missense_variant","133M","AACGCCGTGGTGCTGCTGTACATGGCCACTCAGATCTCGTCAGCCATGGAGTACATGGAGAAGAAAAACTTCATCCACAGAGATCTTGCTGCCCGAAACTGCCTGGTAGGGGAGAACCACTTGGTGAAGGTAG","54C78",1,5,"Ctg/Atg","snp"
937,"C","A",8714,354,354,"L/M","missense_variant","133M","ATCATCACTGAGTTCATGACCTACGGGAACCTCCTGGACTACCTGAGGGAGTGCAACCGGCAGGAGGTGAACGCCGTGGTGCTGCTGTACATGGCCACTCAGATCTCGTCAGCCATGGAGTACATGGAGAAGA","123C9",1,5,"Ctg/Atg","snp"
1017,"C","A",10190,354,354,"L/M","missense_variant","133M","GCTGCTGTACATGGCCACTCAGATCTCGTCAGCCATGGAGTACATGGAGAAGAAAAACTTCATCCACAGAGATCTTGCTGCCCGAAACTGCCTGGTAGGGGAGAACCACTTGGTGAAGGTAGCTGATTTTGGC","43C89",1,5,"Ctg/Atg","snp"
966,"C","A",8850,354,354,"L/M","missense_variant","133M","CCTCCTGGACTACCTGAGGGAGTGCAACCGGCAGGAGGTGAACGCCGTGGTGCTGCTGTACATGGCCACTCAGATCTCGTCAGCCATGGAGTACATGGAGAAGAAAAACTTCATCCACAGAGATCTTGCTGCC","94C38",1,5,"Ctg/Atg","snp"
1015,"C","A",10121,354,354,"L/M","missense_variant","133M","GTGCTGCTGTACATGGCCACTCAGATCTCGTCAGCCATGGAGTACATGGAGAAGAAAAACTTCATCCACAGAGATCTTGCTGCCCGAAACTGCCTGGTAGGGGAGAACCACTTGGTGAAGGTAGCTGATTTTG","45C87",1,5,"Ctg/Atg","snp"
962,"C","T",8810,354,354,"L","synonymous_variant","133M","GGAACCTCCTGGACTACCTGAGGGAGTGCAACCGGCAGGAGGTGAACGCCGTGGTGCTGCTGTACATGGCCACTCAGATCTCGTCAGCCATGGAGTACTTGGAGAAGAAAAACTTCATCCACAGAGATCTTGC","98C34",1,1,"Ctg/Ttg","snp"
1057,"G","A",9264,354,354,"L","synonymous_variant","133M","TACCTAGAGAAGAAAAACTTCATCCACAGAGATCTTGCTGCCCGAAACTGCCTGGTAGGGGAGAACCACTTGGTGAAGGTAGCTGATTTTGGCCTGAGCAGGTTGATGACAGGGGACACCTACACAGCCCATG","5G127",1,10,"ctG/ctA","snp"
1018,"G","A",10238,354,354,"L","synonymous_variant","133M","CTGCTGTACATGGCCACTCAGATCTCGTCAGCCATGGAGTACCTAGAGAAGAAAAACTTCATCCACAGAGATCTTGCTGCCCGAAACTGCCTGGTAGGGGAGAACCACTTGGTGAAGGTAGCTGATTTTGGCC","44G88",1,10,"ctG/ctA","snp"
975,"G","A",8990,354,354,"L","synonymous_variant","133M","CTACCTGAGGGAGTGCAACCGGCAGGAGGTGAACGCCGTGGTGCTGCTGTACATGGCCACTCAGATCTCGTCAGCCATGGAGTACCTAGAGAAGAAAAACTTCATCCACAGAGATCTTGCTGCCCGAAACTGC","87G45",1,10,"ctG/ctA","snp"
972,"G","A",8943,354,354,"L","synonymous_variant","133M","GGACTACCTGAGGGAGTGCAACCGGCAGGAGGTGAACGCCGTGGTGCTGCTGTACATGGCCACTCAGATCTCGTCAGCCATGGAGTACCTAGAGAAGAAAAACTTCATCCACAGAGATCTTGCTGCCCGAAAC","90G42",1,10,"ctG/ctA","snp"
993,"G","A",9390,354,354,"L","synonymous_variant","133M","CCGGCAGGAGGTGAACGCCGTGGTGCTGCTGTACATGGCCACTCAGATCTCGTCAGCCATGGAGTACCTAGAGAAGAAAAACTTCATCCACAGAGATCTTGCTGCCCGAAACTGCCTGGTAGGGGAGAACCAC","69G63",1,10,"ctG/ctA","snp"
945,"G","A",8791,354,354,"L","synonymous_variant","133M","TGAGTTCATGACCTACGGGAACCTCCTGGACTACCTGAGGGAGTGCAACCGGCAGGAGGTGAACGCCGTGGTGCTGCTGTACATGGCCACTCAGATCTCGTCAGCCATGGAGTACCTAGAGAAGAAAAACTTC","117G15",1,10,"ctG/ctA","snp"
1006,"G","A",9908,354,354,"L","synonymous_variant","133M","AACGCCGTGGTGCTGCTGTACATGGCCACTCAGATCTCGTCAGCCATGGAGTACCTAGAGAAGAAAAACTTCATCCACAGAGATCTTGCTGCCCGAAACTGCCTGGTAGGGGAGAACCACTTGGTGAAGGTAG","56G76",1,10,"ctG/ctA","snp"
954,"G","A",8802,354,354,"L","synonymous_variant","133M","GACCTACGGGAACCTCCTGGACTACCTGAGGGAGTGCAACCGGCAGGAGGTGAACGCCGTGGTGCTGCTGTACATGGCCACTCAGATCTCGTCAGCCATGGAGTACCTAGAGAAGAAAAACTTCATCCACAGA","108G24",1,10,"ctG/ctA","snp"
1037,"G","A",9973,354,354,"L","synonymous_variant","133M","AGATCTCGTCAGCCATGGAGTACCTAGAGAAGAAAAACTTCATCCACAGAGATCTTGCTGCCCGAAACTGCCTGGTAGGGGAGAACCACTTGGTGAAGGTAGCTGATTTTGGCCTGAGCAGGTTGATGACAGG","25G107",1,10,"ctG/ctA","snp"
1006,"G","A",9908,354,354,"L","synonymous_variant","133M","AACGCCGTGGTGCTGCTGTACATGGCCACTCAGATCTCGTCAGCCATGGAGTACCTAGAGAAGAAAAACTTCATCCACAGAGATCTTGCTGCCCGAAACTGCCTGGTAGGGGAGAACCACTTGGTGAAGGTAG","56G76",1,10,"ctG/ctA","snp"
1058,"A","T",9280,355,355,"E/V","missense_variant","133M","ACCTGGTGAAGAAAAACTTCATCCACAGAGATCTTGCTGCCCGAAACTGCCTGGTAGGGGAGAACCACTTGGTGAAGGTAGCTGATTTTGGCCTGAGCAGGTTGATGACAGGGGACACCTACACAGCCCATGC","6A126",1,2,"gAg/gTg","snp"
1004,"A","T",9775,355,355,"E/V","missense_variant","133M","TGAACGCCGTGGTGCTGCTGTACATGGCCACTCAGATCTCGTCAGCCATGGAGTACCTGGTGAAGAAAAACTTCATCCACAGAGATCTTGCTGCCCGAAACTGCCTGGTAGGGGAGAACCACTTGGTGAAGGT","60A72",1,2,"gAg/gTg","snp"
1019,"G","T",10265,355,355,"E/D","missense_variant","133M","TGCTGTACATGGCCACTCAGATCTCGTCAGCCATGGAGTACCTGGATAAGAAAAACTTCATCCACAGAGATCTTGCTGCCCGAAACTGCCTGGTAGGGGAGAACCACTTGGTGAAGGTAGCTGATTTTGGCCT","46G86",1,6,"gaG/gaT","snp"
985,"G","T",9078,355,355,"E/D","missense_variant","133M","GAGTGCAACCGGCAGGAGGTGAACGCCGTGGTGCTGCTGTACATGGCCACTCAGATCTCGTCAGCCATGGAGTACCTGGATAAGAAAAACTTCATCCACAGAGATCTTGCTGCCCGAAACTGCCTGGTAGGGG","80G52",1,6,"gaG/gaT","snp"
1021,"G","T",10254,355,355,"E/D","missense_variant","133M","CTGTACATGGCCACTCAGATCTCGTCAGCCATGGAGTACCTGGATAAGAAAAACTTCATCCACAGAGATCTTGCTGCCCGAAACTGCCTGGTAGGGGAGAACCACTTGGTGAAGGTAGCTGATTTTGGCCTGA","44G88",1,6,"gaG/gaT","snp"
963,"G","T",8801,355,355,"E/D","missense_variant","133M","GAACCTCCTGGACTACCTGAGGGAGTGCAACCGGCAGGAGGTGAACGCCGTGGTGCTGCTGTACATGGCCACTCAGATCTCGTCAGCCATGGAGTACCTGGATAAGAAAAACTTCATCCACAGAGATCTTGCT","102G30",1,6,"gaG/gaT","snp"
992,"G","T",9391,355,355,"E/D","missense_variant","133M","ACCGGCAGGAGGTGAACGCCGTGGTGCTGCTGTACATGGCCACTCAGATCTCGTCAGCCATGGAGTACCTGGATAAGAAAAACTTCATCCACAGAGATCTTGCTGCCCGAAACTGCCTGGTAGGGGAGAACCA","73G59",1,6,"gaG/gaT","snp"
948,"G","T",8743,355,355,"E/D","missense_variant","133M","GTTCATGACCTACGGGAACCTCCTGGACTACCTGAGGGAGTGCAACCGGCAGGAGGTGAACGCCGTGGTGCTGCTGTACATGGCCACTCAGATCTCGTCAGCCATGGAGTACCTGGATAAGAAAAACTTCATC","117G15",1,6,"gaG/gaT","snp"
1052,"A","C",9503,356,356,"K/Q","missense_variant","133M","TGGAGTACCTGGAGCAGAAAAACTTCATCCACAGAGATCTTGCTGCCCGAAACTGCCTGGTAGGGGAGAACCACTTGGTGAAGGTAGCTGATTTTGGCCTGAGCAGGTTGATGACAGGGGACACCTACACAGC","14A118",1,1,"Aag/Cag","snp"
953,"G","A",8771,356,356,"K","synonymous_variant","133M","TGACCTACGGGAACCTCCTGGACTACCTGAGGGAGTGCAACCGGCAGGAGGTGAACGCCGTGGTGCTGCTGTACATGGCCACTCAGATCTCGTCAGCCATGGAGTACCTGGAGAAAAAAAACTTCATCCACAG","115G17",1,5,"aaG/aaA","snp"
969,"G","A",8927,356,356,"K","synonymous_variant","133M","CCTGGACTACCTGAGGGAGTGCAACCGGCAGGAGGTGAACGCCGTGGTGCTGCTGTACATGGCCACTCAGATCTCGTCAGCCATGGAGTACCTGGAGAAAAAAAACTTCATCCACAGAGATCTTGCTGCCCGA","99G33",1,5,"aaG/aaA","snp"
1005,"G","A",9812,356,356,"K","synonymous_variant","133M","GAACGCCGTGGTGCTGCTGTACATGGCCACTCAGATCTCGTCAGCCATGGAGTACCTGGAGAAAAAAAACTTCATCCACAGAGATCTTGCTGCCCGAAACTGCCTGGTAGGGGAGAACCACTTGGTGAAGGTA","63G69",1,5,"aaG/aaA","snp"
992,"G","A",9391,356,356,"K","synonymous_variant","133M","ACCGGCAGGAGGTGAACGCCGTGGTGCTGCTGTACATGGCCACTCAGATCTCGTCAGCCATGGAGTACCTGGAGAAAAAAAACTTCATCCACAGAGATCTTGCTGCCCGAAACTGCCTGGTAGGGGAGAACCA","76G56",1,5,"aaG/aaA","snp"
1005,"G","A",9812,356,356,"K","synonymous_variant","133M","GAACGCCGTGGTGCTGCTGTACATGGCCACTCAGATCTCGTCAGCCATGGAGTACCTGGAGAAAAAAAACTTCATCCACAGAGATCTTGCTGCCCGAAACTGCCTGGTAGGGGAGAACCACTTGGTGAAGGTA","63G69",1,5,"aaG/aaA","snp"
1021,"A","C",10254,357,357,"K/N","missense_variant","133M","CTGTACATGGCCACTCAGATCTCGTCAGCCATGGAGTACCTGGAGAAGAACAACTTCATCCACAGAGATCTTGCTGCCCGAAACTGCCTGGTAGGGGAGAACCACTTGGTGAAGGTAGCTGATTTTGGCCTGA","50A82",1,4,"aaA/aaC","snp"
1001,"A","C",9698,357,357,"K/N","missense_variant","133M","AGGTGAACGCCGTGGTGCTGCTGTACATGGCCACTCAGATCTCGTCAGCCATGGAGTACCTGGAGAAGAACAACTTCATCCACAGAGATCTTGCTGCCCGAAACTGCCTGGTAGGGGAGAACCACTTGGTGAA","70A62",1,4,"aaA/aaC","snp"
1025,"A","C",10070,357,357,"K/N","missense_variant","133M","ACATGGCCACTCAGATCTCGTCAGCCATGGAGTACCTGGAGAAGAACAACTTCATCCACAGAGATCTTGCTGCCCGAAACTGCCTGGTAGGGGAGAACCACTTGGTGAAGGTAGCTGATTTTGGCCTGAGCAG","46A86",1,4,"aaA/aaC","snp"
1002,"A","C",9733,357,357,"K/N","missense_variant","133M","GGTGAACGCCGTGGTGCTGCTGTACATGGCCACTCAGATCTCGTCAGCCATGGAGTACCTGGAGAAGAACAACTTCATCCACAGAGATCTTGCTGCCCGAAACTGCCTGGTAGGGGAGAACCACTTGGTGAAG","69A63",1,4,"aaA/aaC","snp"
1018,"A","G",10238,358,358,"N/S","missense_variant","133M","CTGCTGTACATGGCCACTCAGATCTCGTCAGCCATGGAGTACCTGGAGAAGAAAAGCTTCATCCACAGAGATCTTGCTGCCCGAAACTGCCTGGTAGGGGAGAACCACTTGGTGAAGGTAGCTGATTTTGGCC","55A77",1,3,"aAc/aGc","snp"
1010,"A","G",10055,358,358,"N/S","missense_variant","133M","CCGTGGTGCTGCTGTACATGGCCACTCAGATCTCGTCAGCCATGGAGTACCTGGAGAAGAAAAGCTTCATCCACAGAGATCTTGCTGCCCGAAACTGCCTGGTAGGGGAGAACCACTTGGTGAAGGTAGCTGA","63A69",1,3,"aAc/aGc","snp"
996,"A","G",9431,358,358,"N/S","missense_variant","133M","GCAGGAGGTGAACGCCGTGGTGCTGCTGTACATGGCCACTCAGATCTCGTCAGCCATGGAGTACCTGGAGAAGAAAAGCTTCATCCACAGAGATCTTGCTGCCCGAAACTGCCTGGTAGGGGAGAACCACTTG","77A55",1,3,"aAc/aGc","snp"
985,"C","A",9078,358,358,"N/K","missense_variant","133M","GAGTGCAACCGGCAGGAGGTGAACGCCGTGGTGCTGCTGTACATGGCCACTCAGATCTCGTCAGCCATGGAGTACCTGGAGAAGAAAAAATTCATCCACAGAGATCTTGCTGCCCGAAACTGCCTGGTAGGGG","89C43",1,2,"aaC/aaA","snp"
1053,"C","A",9495,358,358,"N/K","missense_variant","133M","GGAGTACCTGGAGAAGAAAAAATTCATCCACAGAGATCTTGCTGCCCGAAACTGCCTGGTAGGGGAGAACCACTTGGTGAAGGTAGCTGATTTTGGCCTGAGCAGGTTGATGACAGGGGACACCTACACAGCC","21C111",1,2,"aaC/aaA","snp"
961,"C","G",8764,358,358,"N/K","missense_variant","133M","GGGAACCTCCTGGACTACCTGAGGGAGTGCAACCGGCAGGAGGTGAACGCCGTGGTGCTGCTGTACATGGCCACTCAGATCTCGTCAGCCATGGAGTACCTGGAGAAGAAAAAGTTCATCCACAGAGATCTTG","113C19",1,26,"aaC/aaG","snp"
1017,"C","G",10190,358,358,"N/K","missense_variant","133M","GCTGCTGTACATGGCCACTCAGATCTCGTCAGCCATGGAGTACCTGGAGAAGAAAAAGTTCATCCACAGAGATCTTGCTGCCCGAAACTGCCTGGTAGGGGAGAACCACTTGGTGAAGGTAGCTGATTTTGGC","57C75",1,26,"aaC/aaG","snp"
951,"C","G",8758,358,358,"N/K","missense_variant","133M","CATGACCTACGGGAACCTCCTGGACTACCTGAGGGAGTGCAACCGGCAGGAGGTGAACGCCGTGGTGCTGCTGTACATGGCCACTCAGATCTCGTCAGCCATGGAGTACCTGGAGAAGAAAAAGTTCATCCAC","123C9",1,26,"aaC/aaG","snp"
993,"C","G",9390,358,358,"N/K","missense_variant","133M","CCGGCAGGAGGTGAACGCCGTGGTGCTGCTGTACATGGCCACTCAGATCTCGTCAGCCATGGAGTACCTGGAGAAGAAAAAGTTCATCCACAGAGATCTTGCTGCCCGAAACTGCCTGGTAGGGGAGAACCAC","81C51",1,26,"aaC/aaG","snp"
1031,"C","G",10126,358,358,"N/K","missense_variant","133M","CCACTCAGATCTCGTCAGCCATGGAGTACCTGGAGAAGAAAAAGTTCATCCACAGAGATCTTGCTGCCCGAAACTGCCTGGTAGGGGAGAACCACTTGGTGAAGGTAGCTGATTTTGGCCTGAGCAGGTTGAT","43C89",1,26,"aaC/aaG","snp"
973,"C","G",8988,358,358,"N/K","missense_variant","133M","GACTACCTGAGGGAGTGCAACCGGCAGGAGGTGAACGCCGTGGTGCTGCTGTACATGGCCACTCAGATCTCGTCAGCCATGGAGTACCTGGAGAAGAAAAAGTTCATCCACAGAGATCTTGCTGCCCGAAACT","101C31",1,26,"aaC/aaG","snp"
979,"C","G",9036,358,358,"N/K","missense_variant","133M","CTGAGGGAGTGCAACCGGCAGGAGGTGAACGCCGTGGTGCTGCTGTACATGGCCACTCAGATCTCGTCAGCCATGGAGTACCTGGAGAAGAAAAAGTTCATCCACAGAGATCTTGCTGCCCGAAACTGCCTGG","95C37",1,26,"aaC/aaG","snp"
1026,"C","G",10110,358,358,"N/K","missense_variant","133M","CATGGCCACTCAGATCTCGTCAGCCATGGAGTACCTGGAGAAGAAAAAGTTCATCCACAGAGATCTTGCTGCCCGAAACTGCCTGGTAGGGGAGAACCACTTGGTGAAGGTAGCTGATTTTGGCCTGAGCAGG","48C84",1,26,"aaC/aaG","snp"
997,"C","G",9493,358,358,"N/K","missense_variant","133M","CAGGAGGTGAACGCCGTGGTGCTGCTGTACATGGCCACTCAGATCTCGTCAGCCATGGAGTACCTGGAGAAGAAAAAGTTCATCCACAGAGATCTTGCTGCCCGAAACTGCCTGGTAGGGGAGAACCACTTGG","77C55",1,26,"aaC/aaG","snp"
992,"C","G",9391,358,358,"N/K","missense_variant","133M","ACCGGCAGGAGGTGAACGCCGTGGTGCTGCTGTACATGGCCACTCAGATCTCGTCAGCCATGGAGTACCTGGAGAAGAAAAAGTTCATCCACAGAGATCTTGCTGCCCGAAACTGCCTGGTAGGGGAGAACCA","82C50",1,26,"aaC/aaG","snp"
1068,"C","G",8905,358,358,"N/K","missense_variant","133M","GAAAAAGTTCATCCACAGAGATCTTGCTGCCCGAAACTGCCTGGTAGGGGAGAACCACTTGGTGAAGGTAGCTGATTTTGGCCTGAGCAGGTTGATGACAGGGGACACCTACACAGCCCATGCTGGAGCCAAG","6C126",1,26,"aaC/aaG","snp"
997,"C","G",9493,358,358,"N/K","missense_variant","133M","CAGGAGGTGAACGCCGTGGTGCTGCTGTACATGGCCACTCAGATCTCGTCAGCCATGGAGTACCTGGAGAAGAAAAAGTTCATCCACAGAGATCTTGCTGCCCGAAACTGCCTGGTAGGGGAGAACCACTTGG","77C55",1,26,"aaC/aaG","snp"
1042,"C","G",9811,358,358,"N/K","missense_variant","133M","TCGTCAGCCATGGAGTACCTGGAGAAGAAAAAGTTCATCCACAGAGATCTTGCTGCCCGAAACTGCCTGGTAGGGGAGAACCACTTGGTGAAGGTAGCTGATTTTGGCCTGAGCAGGTTGATGACAGGGGACA","32C100",1,26,"aaC/aaG","snp"
953,"C","G",8771,358,358,"N/K","missense_variant","133M","TGACCTACGGGAACCTCCTGGACTACCTGAGGGAGTGCAACCGGCAGGAGGTGAACGCCGTGGTGCTGCTGTACATGGCCACTCAGATCTCGTCAGCCATGGAGTACCTGGAGAAGAAAAAGTTCATCCACAG","121C11",1,26,"aaC/aaG","snp"
979,"C","G",9036,358,358,"N/K","missense_variant","133M","CTGAGGGAGTGCAACCGGCAGGAGGTGAACGCCGTGGTGCTGCTGTACATGGCCACTCAGATCTCGTCAGCCATGGAGTACCTGGAGAAGAAAAAGTTCATCCACAGAGATCTTGCTGCCCGAAACTGCCTGG","95C37",1,26,"aaC/aaG","snp"
986,"C","G",9096,358,358,"N/K","missense_variant","133M","AGTGCAACCGGCAGGAGGTGAACGCCGTGGTGCTGCTGTACATGGCCACTCAGATCTCGTCAGCCATGGAGTACCTGGAGAAGAAAAAGTTCATCCACAGAGATCTTGCTGCCCGAAACTGCCTGGTAGGGGA","88C44",1,26,"aaC/aaG","snp"
1014,"C","G",10094,358,358,"N/K","missense_variant","133M","GGTGCTGCTGTACATGGCCACTCAGATCTCGTCAGCCATGGAGTACCTGGAGAAGAAAAAGTTCATCCACAGAGATCTTGCTGCCCGAAACTGCCTGGTAGGGGAGAACCACTTGGTGAAGGTAGCTGATTTT","60C72",1,26,"aaC/aaG","snp"
970,"C","G",8906,358,358,"N/K","missense_variant","133M","CTGGACTACCTGAGGGAGTGCAACCGGCAGGAGGTGAACGCCGTGGTGCTGCTGTACATGGCCACTCAGATCTCGTCAGCCATGGAGTACCTGGAGAAGAAAAAGTTCATCCACAGAGATCTTGCTGCCCGAA","104C28",1,26,"aaC/aaG","snp"
1063,"C","G",9098,358,358,"N/K","missense_variant","133M","GAGAAGAAAAAGTTCATCCACAGAGATCTTGCTGCCCGAAACTGCCTGGTAGGGGAGAACCACTTGGTGAAGGTAGCTGATTTTGGCCTGAGCAGGTTGATGACAGGGGACACCTACACAGCCCATGCTGGAG","11C121",1,26,"aaC/aaG","snp"
974,"C","G",9014,358,358,"N/K","missense_variant","133M","ACTACCTGAGGGAGTGCAACCGGCAGGAGGTGAACGCCGTGGTGCTGCTGTACATGGCCACTCAGATCTCGTCAGCCATGGAGTACCTGGAGAAGAAAAAGTTCATCCACAGAGATCTTGCTGCCCGAAACTG","100C32",1,26,"aaC/aaG","snp"
994,"C","G",9363,358,358,"N/K","missense_variant","133M","CGGCAGGAGGTGAACGCCGTGGTGCTGCTGTACATGGCCACTCAGATCTCGTCAGCCATGGAGTACCTGGAGAAGAAAAAGTTCATCCACAGAGATCTTGCTGCCCGAAACTGCCTGGTAGGGGAGAACCACT","80C52",1,26,"aaC/aaG","snp"
1021,"C","G",10254,358,358,"N/K","missense_variant","133M","CTGTACATGGCCACTCAGATCTCGTCAGCCATGGAGTACCTGGAGAAGAAAAAGTTCATCCACAGAGATCTTGCTGCCCGAAACTGCCTGGTAGGGGAGAACCACTTGGTGAAGGTAGCTGATTTTGGCCTGA","53C79",1,26,"aaC/aaG","snp"
1038,"C","G",9969,358,358,"N/K","missense_variant","133M","GATCTCGTCAGCCATGGAGTACCTGGAGAAGAAAAAGTTCATCCACAGAGATCTTGCTGCCCGAAACTGCCTGGTAGGGGAGAACCACTTGGTGAAGGTAGCTGATTTTGGCCTGAGCAGGTTGATGACAGGG","36C96",1,26,"aaC/aaG","snp"
1016,"C","G",10167,358,358,"N/K","missense_variant","133M","TGCTGCTGTACATGGCCACTCAGATCTCGTCAGCCATGGAGTACCTGGAGAAGAAAAAGTTCATCCACAGAGATCTTGCTGCCCGAAACTGCCTGGTAGGGGAGAACCACTTGGTGAAGGTAGCTGATTTTGG","58C74",1,26,"aaC/aaG","snp"
1007,"C","G",9987,358,358,"N/K","missense_variant","133M","ACGCCGTGGTGCTGCTGTACATGGCCACTCAGATCTCGTCAGCCATGGAGTACCTGGAGAAGAAAAAGTTCATCCACAGAGATCTTGCTGCCCGAAACTGCCTGGTAGGGGAGAACCACTTGGTGAAGGTAGC","67C65",1,26,"aaC/aaG","snp"
1043,"C","G",9799,358,358,"N/K","missense_variant","133M","CGTCAGCCATGGAGTACCTGGAGAAGAAAAAGTTCATCCACAGAGATCTTGCTGCCCGAAACTGCCTGGTAGGGGAGAACCACTTGGTGAAGGTAGCTGATTTTGGCCTGAGCAGGTTGATGACAGGGGACAC","31C101",1,26,"aaC/aaG","snp"
968,"T","A",8943,359,359,"F/I","missense_variant","133M","TCCTGGACTACCTGAGGGAGTGCAACCGGCAGGAGGTGAACGCCGTGGTGCTGCTGTACATGGCCACTCAGATCTCGTCAGCCATGGAGTACCTGGAGAAGAAAAACATCATCCACAGAGATCTTGCTGCCCG","107T25",1,1,"Ttc/Atc","snp"
953,"C","T",8771,361,361,"H","splice_region_variant","133M","TGACCTACGGGAACCTCCTGGACTACCTGAGGGAGTGCAACCGGCAGGAGGTGAACGCCGTGGTGCTGCTGTACATGGCCACTCAGATCTCGTCAGCCATGGAGTACCTGGAGAAGAAAAACTTCATCCATAG","130C2",1,1,"caC/caT","snp"
984,"C","G",9102,370,370,"L/V","missense_variant","133M","GGAGTGCAACCGGCAGGAGGTGAACGCCGTGGTGCTGCTGTACATGGCCACTCAGATCTCGTCAGCCATGGAGTACCTGGAGAAGAAAAACTTCATCCACAGAGATCTTGCTGCCCGAAACTGCGTGGTAGGG","124C8",1,1,"Ctg/Gtg","snp"
1007,"G","A",9987,372,372,"G/R","missense_variant","133M","ACGCCGTGGTGCTGCTGTACATGGCCACTCAGATCTCGTCAGCCATGGAGTACCTGGAGAAGAAAAACTTCATCCACAGAGATCTTGCTGCCCGAAACTGCCTGGTAAGGGAGAACCACTTGGTGAAGGTAGC","107G25",1,1,"Ggg/Agg","snp"
1084,"G","A",8824,373,373,"E/K","missense_variant","133M","AGAGATCTTGCTGCCCGAAACTGCCTGGTAGGGAAGAACCACTTGGTGAAGGTAGCTGATTTTGGCCTGAGCAGGTTGATGACAGGGGACACCTACACAGCCCATGCTGGAGCCAAGTTCCCCATCAAATGGA","33G99",1,6,"Gag/Aag","snp"
1004,"G","A",9775,373,373,"E/K","missense_variant","133M","TGAACGCCGTGGTGCTGCTGTACATGGCCACTCAGATCTCGTCAGCCATGGAGTACCTGGAGAAGAAAAACTTCATCCACAGAGATCTTGCTGCCCGAAACTGCCTGGTAGGGAAGAACCACTTGGTGAAGGT","113G19",1,6,"Gag/Aag","snp"
1088,"G","A",8603,373,373,"E/K","missense_variant","133M","ATCTTGCTGCCCGAAACTGCCTGGTAGGGAAGAACCACTTGGTGAAGGTAGCTGATTTTGGCCTGAGCAGGTTGATGACAGGGGACACCTACACAGCCCATGCTGGAGCCAAGTTCCCCATCAAATGGACTGC","29G103",1,6,"Gag/Aag","snp"
1054,"G","A",9410,373,373,"E/K","missense_variant","133M","GAGTACCTGGAGAAGAAAAACTTCATCCACAGAGATCTTGCTGCCCGAAACTGCCTGGTAGGGAAGAACCACTTGGTGAAGGTAGCTGATTTTGGCCTGAGCAGGTTGATGACAGGGGACACCTACACAGCCC","63G69",1,6,"Gag/Aag","snp"
1004,"G","A",9775,373,373,"E/K","missense_variant","133M","TGAACGCCGTGGTGCTGCTGTACATGGCCACTCAGATCTCGTCAGCCATGGAGTACCTGGAGAAGAAAAACTTCATCCACAGAGATCTTGCTGCCCGAAACTGCCTGGTAGGGAAGAACCACTTGGTGAAGGT","113G19",1,6,"Gag/Aag","snp"
1019,"G","A",10265,373,373,"E/K","missense_variant","133M","TGCTGTACATGGCCACTCAGATCTCGTCAGCCATGGAGTACCTGGAGAAGAAAAACTTCATCCACAGAGATCTTGCTGCCCGAAACTGCCTGGTAGGGAAGAACCACTTGGTGAAGGTAGCTGATTTTGGCCT","98G34",1,6,"Gag/Aag","snp"
1063,"G","A",9098,373,373,"E","synonymous_variant","133M","GAGAAGAAAAACTTCATCCACAGAGATCTTGCTGCCCGAAACTGCCTGGTAGGGGAAAACCACTTGGTGAAGGTAGCTGATTTTGGCCTGAGCAGGTTGATGACAGGGGACACCTACACAGCCCATGCTGGAG","56G76",1,7,"gaG/gaA","snp"
993,"G","A",9390,373,373,"E","synonymous_variant","133M","CCGGCAGGAGGTGAACGCCGTGGTGCTGCTGTACATGGCCACTCAGATCTCGTCAGCCATGGAGTACCTGGAGAAGAAAAACTTCATCCACAGAGATCTTGCTGCCCGAAACTGCCTGGTAGGGGAAAACCAC","126G6",1,7,"gaG/gaA","snp"
1033,"G","A",10113,373,373,"E","synonymous_variant","133M","ACTCAGATCTCGTCAGCCATGGAGTACCTGGAGAAGAAAAACTTCATCCACAGAGATCTTGCTGCCCGAAACTGCCTGGTAGGGGAAAACCACTTGGTGAAGGTAGCTGATTTTGGCCTGAGCAGGTTGATGA","86G46",1,7,"gaG/gaA","snp"
1092,"G","A",8550,373,373,"E","synonymous_variant","133M","TGCTGCCCGAAACTGCCTGGTAGGGGAAAACCACTTGGTGAAGGTAGCTGATTTTGGCCTGAGCAGGTTGATGACAGGGGACACCTACACAGCCCATGCTGGAGCCAAGTTCCCCATCAAATGGACTGCACCC","27G105",1,7,"gaG/gaA","snp"
1060,"G","A",9190,373,373,"E","synonymous_variant","133M","CTGGAGAAGAAAAACTTCATCCACAGAGATCTTGCTGCCCGAAACTGCCTGGTAGGGGAAAACCACTTGGTGAAGGTAGCTGATTTTGGCCTGAGCAGGTTGATGACAGGGGACACCTACACAGCCCATGCTG","59G73",1,7,"gaG/gaA","snp"
1031,"G","A",10126,373,373,"E","synonymous_variant","133M","CCACTCAGATCTCGTCAGCCATGGAGTACCTGGAGAAGAAAAACTTCATCCACAGAGATCTTGCTGCCCGAAACTGCCTGGTAGGGGAAAACCACTTGGTGAAGGTAGCTGATTTTGGCCTGAGCAGGTTGAT","88G44",1,7,"gaG/gaA","snp"
1007,"G","A",9987,373,373,"E","synonymous_variant","133M","ACGCCGTGGTGCTGCTGTACATGGCCACTCAGATCTCGTCAGCCATGGAGTACCTGGAGAAGAAAAACTTCATCCACAGAGATCTTGCTGCCCGAAACTGCCTGGTAGGGGAAAACCACTTGGTGAAGGTAGC","112G20",1,7,"gaG/gaA","snp"
1004,"A","C",9775,374,374,"N/T","missense_variant","133M","TGAACGCCGTGGTGCTGCTGTACATGGCCACTCAGATCTCGTCAGCCATGGAGTACCTGGAGAAGAAAAACTTCATCCACAGAGATCTTGCTGCCCGAAACTGCCTGGTAGGGGAGACCCACTTGGTGAAGGT","117A15",1,15,"aAc/aCc","snp"
1059,"A","C",9214,374,374,"N/T","missense_variant","7S126M","CGAATCTCCTGGAGAAGAAAAACTTCATCCACAGAGATCTTGCTGCCCGAAACTGCCTGGTAGGGGAGACCCACTTGGTGAAGGTAGCTGATTTTGGCCTGAGCAGGTTGATGACAGGGGACACCTACACAGC","62A63",1,15,"aAc/aCc","snp"
995,"A","C",9376,374,374,"N/T","missense_variant","133M","GGCAGGAGGTGAACGCCGTGGTGCTGCTGTACATGGCCACTCAGATCTCGTCAGCCATGGAGTACCTGGAGAAGAAAAACTTCATCCACAGAGATCTTGCTGCCCGAAACTGCCTGGTAGGGGAGACCCACTT","126A6",1,15,"aAc/aCc","snp"
1042,"A","C",9811,374,374,"N/T","missense_variant","133M","TCGTCAGCCATGGAGTACCTGGAGAAGAAAAACTTCATCCACAGAGATCTTGCTGCCCGAAACTGCCTGGTAGGGGAGACCCACTTGGTGAAGGTAGCTGATTTTGGCCTGAGCAGGTTGATGACAGGGGACA","79A53",1,15,"aAc/aCc","snp"
1113,"A","C",7915,374,374,"N/T","missense_variant","133M","AGGGGAGACCCACTTGGTGAAGGTAGCTGATTTTGGCCTGAGCAGGTTGATGACAGGGGACACCTACACAGCCCATGCTGGAGCCAAGTTCCCCATCAAATGGACTGCACCCGAGAGCCTGGCCTACAACAAG","8A124",1,15,"aAc/aCc","snp"
998,"A","C",9553,374,374,"N/T","missense_variant","133M","AGGAGGTGAACGCCGTGGTGCTGCTGTACATGGCCACTCAGATCTCGTCAGCCATGGAGTACCTGGAGAAGAAAAACTTCATCCACAGAGATCTTGCTGCCCGAAACTGCCTGGTAGGGGAGACCCACTTGGT","123A9",1,15,"aAc/aCc","snp"
1095,"A","C",8503,374,374,"N/T","missense_variant","133M","TGCCCGAAACTGCCTGGTAGGGGAGACCCACTTGGTGAAGGTAGCTGATTTTGGCCTGAGCAGGTTGATGACAGGGGACACCTACACAGCCCATGCTGGAGCCAAGTTCCCCATCAAATGGACTGCACCCGAG","26A106",1,15,"aAc/aCc","snp"
1105,"A","C",8176,374,374,"N/T","missense_variant","133M","TGCCTGGTAGGGGAGACCCACTTGGTGAAGGTAGCTGATTTTGGCCTGAGCAGGTTGATGACAGGGGACACCTACACAGCCCATGCTGGAGCCAAGTTCCCCATCAAATGGACTGCACCCGAGAGCCTGGCCT","16A116",1,15,"aAc/aCc","snp"
1045,"A","C",9683,374,374,"N/T","missense_variant","133M","TCAGCCATGGAGTACCTGGAGAAGAAAAACTTCATCCACAGAGATCTTGCTGCCCGAAACTGCCTGGTAGGGGAGACCCACTTGGTGAAGGTAGCTGATTTTGGCCTGAGCAGGTTGATGACAGGGGACACCT","76A56",1,15,"aAc/aCc","snp"
1039,"A","C",9943,374,374,"N/T","missense_variant","133M","ATCTCGTCAGCCATGGAGTACCTGGAGAAGAAAAACTTCATCCACAGAGATCTTGCTGCCCGAAACTGCCTGGTAGGGGAGACCCACTTGGTGAAGGTAGCTGATTTTGGCCTGAGCAGGTTGATGACAGGGG","82A50",1,15,"aAc/aCc","snp"
1114,"A","C",7823,374,374,"N/T","missense_variant","133M","GGGGAGACCCACTTGGTGAAGGTAGCTGATTTTGGCCTGAGCAGGTTGATGACAGGGGACACCTACACAGCCCATGCTGGAGCCAAGTTCCCCATCAAATGGACTGCACCCGAGAGCCTGGCCTACAACAAGT","7A125",1,15,"aAc/aCc","snp"
1013,"A","C",10128,374,374,"N/T","missense_variant","133M","TGGTGCTGCTGTACATGGCCACTCAGATCTCGTCAGCCATGGAGTACCTGGAGAAGAAAAACTTCATCCACAGAGATCTTGCTGCCCGAAACTGCCTGGTAGGGGAGACCCACTTGGTGAAGGTAGCTGATTT","108A24",1,15,"aAc/aCc","snp"
1079,"A","C",8848,374,374,"N/T","missense_variant","133M","TCCACAGAGATCTTGCTGCCCGAAACTGCCTGGTAGGGGAGACCCACTTGGTGAAGGTAGCTGATTTTGGCCTGAGCAGGTTGATGACAGGGGACACCTACACAGCCCATGCTGGAGCCAAGTTCCCCATCAA","42A90",1,15,"aAc/aCc","snp"
998,"A","C",9553,374,374,"N/T","missense_variant","133M","AGGAGGTGAACGCCGTGGTGCTGCTGTACATGGCCACTCAGATCTCGTCAGCCATGGAGTACCTGGAGAAGAAAAACTTCATCCACAGAGATCTTGCTGCCCGAAACTGCCTGGTAGGGGAGACCCACTTGGT","123A9",1,15,"aAc/aCc","snp"
1070,"A","C",8804,374,374,"N/T","missense_variant","133M","AAAACTTCATCCACAGAGATCTTGCTGCCCGAAACTGCCTGGTAGGGGAGACCCACTTGGTGAAGGTAGCTGATTTTGGCCTGAGCAGGTTGATGACAGGGGACACCTACACAGCCCATGCTGGAGCCAAGTT","51A81",1,15,"aAc/aCc","snp"
1013,"A","G",10128,374,374,"N/S","missense_variant","133M","TGGTGCTGCTGTACATGGCCACTCAGATCTCGTCAGCCATGGAGTACCTGGAGAAGAAAAACTTCATCCACAGAGATCTTGCTGCCCGAAACTGCCTGGTAGGGGAGAGCCACTTGGTGAAGGTAGCTGATTT","108A24",1,8,"aAc/aGc","snp"
1118,"A","G",7738,374,374,"N/S","missense_variant","133M","AGAGCCACTTGGTGAAGGTAGCTGATTTTGGCCTGAGCAGGTTGATGACAGGGGACACCTACACAGCCCATGCTGGAGCCAAGTTCCCCATCAAATGGACTGCACCCGAGAGCCTGGCCTACAACAAGTTCTC","3A129",1,8,"aAc/aGc","snp"
992,"A","G",9391,374,374,"N/S","missense_variant","133M","ACCGGCAGGAGGTGAACGCCGTGGTGCTGCTGTACATGGCCACTCAGATCTCGTCAGCCATGGAGTACCTGGAGAAGAAAAACTTCATCCACAGAGATCTTGCTGCCCGAAACTGCCTGGTAGGGGAGAGCCA","129A3",1,8,"aAc/aGc","snp"
1000,"A","G",9660,374,374,"N/S","missense_variant","133M","GAGGTGAACGCCGTGGTGCTGCTGTACATGGCCACTCAGATCTCGTCAGCCATGGAGTACCTGGAGAAGAAAAACTTCATCCACAGAGATCTTGCTGCCCGAAACTGCCTGGTAGGGGAGAGCCACTTGGTGA","121A11",1,8,"aAc/aGc","snp"
1078,"A","G",8810,374,374,"N/S","missense_variant","133M","ATCCACAGAGATCTTGCTGCCCGAAACTGCCTGGTAGGGGAGAGCCACTTGGTGAAGGTAGCTGATTTTGGCCTGAGCAGGTTGATGACAGGGGACACCTACACAGCCCATGCTGGAGCCAAGTTCCCCATCA","43A89",1,8,"aAc/aGc","snp"
997,"A","G",9493,374,374,"N/S","missense_variant","133M","CAGGAGGTGAACGCCGTGGTGCTGCTGTACATGGCCACTCAGATCTCGTCAGCCATGGAGTACCTGGAGAAGAAAAACTTCATCCACAGAGATCTTGCTGCCCGAAACTGCCTGGTAGGGGAGAGCCACTTGG","124A8",1,8,"aAc/aGc","snp"
1037,"A","G",9973,374,374,"N/S","missense_variant","133M","AGATCTCGTCAGCCATGGAGTACCTGGAGAAGAAAAACTTCATCCACAGAGATCTTGCTGCCCGAAACTGCCTGGTAGGGGAGAGCCACTTGGTGAAGGTAGCTGATTTTGGCCTGAGCAGGTTGATGACAGG","84A48",1,8,"aAc/aGc","snp"
999,"A","G",9602,374,374,"N/S","missense_variant","133M","GGAGGTGAACGCCGTGGTGCTGCTGTACATGGCCACTCAGATCTCGTCAGCCATGGAGTACCTGGAGAAGAAAAACTTCATCCACAGAGATCTTGCTGCCCGAAACTGCCTGGTAGGGGAGAGCCACTTGGTG","122A10",1,8,"aAc/aGc","snp"
1037,"C","G",9973,374,374,"N/K","missense_variant","133M","AGATCTCGTCAGCCATGGAGTACCTGGAGAAGAAAAACTTCATCCACAGAGATCTTGCTGCCCGAAACTGCCTGGTAGGGGAGAAGCACTTGGTGAAGGTAGCTGATTTTGGCCTGAGCAGGTTGATGACAGG","85C47",1,3,"aaC/aaG","snp"
1043,"C","G",9799,374,374,"N/K","missense_variant","133M","CGTCAGCCATGGAGTACCTGGAGAAGAAAAACTTCATCCACAGAGATCTTGCTGCCCGAAACTGCCTGGTAGGGGAGAAGCACTTGGTGAAGGTAGCTGATTTTGGCCTGAGCAGGTTGATGACAGGGGACAC","79C53",1,3,"aaC/aaG","snp"
992,"C","G",9391,374,374,"N/K","missense_variant","133M","ACCGGCAGGAGGTGAACGCCGTGGTGCTGCTGTACATGGCCACTCAGATCTCGTCAGCCATGGAGTACCTGGAGAAGAAAAACTTCATCCACAGAGATCTTGCTGCCCGAAACTGCCTGGTAGGGGAGAAGCA","130C2",1,3,"aaC/aaG","snp"
1058,"C","T",9280,374,374,"N","synonymous_variant","133M","ACCTGGAGAAGAAAAACTTCATCCACAGAGATCTTGCTGCCCGAAACTGCCTGGTAGGGGAGAATCACTTGGTGAAGGTAGCTGATTTTGGCCTGAGCAGGTTGATGACAGGGGACACCTACACAGCCCATGC","64C68",1,2,"aaC/aaT","snp"
1096,"C","T",8432,374,374,"N","synonymous_variant","133M","GCCCGAAACTGCCTGGTAGGGGAGAATCACTTGGTGAAGGTAGCTGATTTTGGCCTGAGCAGGTTGATGACAGGGGACACCTACACAGCCCATGCTGGAGCCAAGTTCCCCATCAAATGGACTGCACCCGAGA","26C106",1,2,"aaC/aaT","snp"
997,"C","A",9493,375,375,"H/N","missense_variant","133M","CAGGAGGTGAACGCCGTGGTGCTGCTGTACATGGCCACTCAGATCTCGTCAGCCATGGAGTACCTGGAGAAGAAAAACTTCATCCACAGAGATCTTGCTGCCCGAAACTGCCTGGTAGGGGAGAACAACTTGG","126C6",1,3,"Cac/Aac","snp"
1002,"C","A",9733,375,375,"H/N","missense_variant","133M","GGTGAACGCCGTGGTGCTGCTGTACATGGCCACTCAGATCTCGTCAGCCATGGAGTACCTGGAGAAGAAAAACTTCATCCACAGAGATCTTGCTGCCCGAAACTGCCTGGTAGGGGAGAACAACTTGGTGAAG","121C11",1,3,"Cac/Aac","snp"
1110,"C","A",8094,375,375,"H/N","missense_variant","133M","GGTAGGGGAGAACAACTTGGTGAAGGTAGCTGATTTTGGCCTGAGCAGGTTGATGACAGGGGACACCTACACAGCCCATGCTGGAGCCAAGTTCCCCATCAAATGGACTGCACCCGAGAGCCTGGCCTACAAC","13C119",1,3,"Cac/Aac","snp"
1026,"C","T",10110,375,375,"H/Y","missense_variant","133M","CATGGCCACTCAGATCTCGTCAGCCATGGAGTACCTGGAGAAGAAAAACTTCATCCACAGAGATCTTGCTGCCCGAAACTGCCTGGTAGGGGAGAACTACTTGGTGAAGGTAGCTGATTTTGGCCTGAGCAGG","97C35",1,8,"Cac/Tac","snp"
1066,"C","T",8945,375,375,"H/Y","missense_variant","133M","AAGAAAAACTTCATCCACAGAGATCTTGCTGCCCGAAACTGCCTGGTAGGGGAGAACTACTTGGTGAAGGTAGCTGATTTTGGCCTGAGCAGGTTGATGACAGGGGACACCTACACAGCCCATGCTGGAGCCA","57C75",1,8,"Cac/Tac","snp"
1066,"C","T",8945,375,375,"H/Y","missense_variant","7S126M","CCTGTTCAAGAAAAACTTCATCCACAGAGATCTTGCTGCCCGAAACTGCCTGGTAGGGGAGAACTACTTGGTGAAGGTAGCTGATTTTGGCCTGAGCAGGTTGATGACAGGGGACACCTACACAGCCCATGCT","57C68",1,8,"Cac/Tac","snp"
1006,"C","T",9908,375,375,"H/Y","missense_variant","133M","AACGCCGTGGTGCTGCTGTACATGGCCACTCAGATCTCGTCAGCCATGGAGTACCTGGAGAAGAAAAACTTCATCCACAGAGATCTTGCTGCCCGAAACTGCCTGGTAGGGGAGAACTACTTGGTGAAGGTAG","117C15",1,8,"Cac/Tac","snp"
1044,"C","T",9787,375,375,"H/Y","missense_variant","133M","GTCAGCCATGGAGTACCTGGAGAAGAAAAACTTCATCCACAGAGATCTTGCTGCCCGAAACTGCCTGGTAGGGGAGAACTACTTGGTGAAGGTAGCTGATTTTGGCCTGAGCAGGTTGATGACAGGGGACACC","79C53",1,8,"Cac/Tac","snp"
1052,"C","T",9503,375,375,"H/Y","missense_variant","133M","TGGAGTACCTGGAGAAGAAAAACTTCATCCACAGAGATCTTGCTGCCCGAAACTGCCTGGTAGGGGAGAACTACTTGGTGAAGGTAGCTGATTTTGGCCTGAGCAGGTTGATGACAGGGGACACCTACACAGC","71C61",1,8,"Cac/Tac","snp"
994,"C","T",9363,375,375,"H/Y","missense_variant","133M","CGGCAGGAGGTGAACGCCGTGGTGCTGCTGTACATGGCCACTCAGATCTCGTCAGCCATGGAGTACCTGGAGAAGAAAAACTTCATCCACAGAGATCTTGCTGCCCGAAACTGCCTGGTAGGGGAGAACTACT","129C3",1,8,"Cac/Tac","snp"
993,"C","T",9390,375,375,"H/Y","missense_variant","133M","CCGGCAGGAGGTGAACGCCGTGGTGCTGCTGTACATGGCCACTCAGATCTCGTCAGCCATGGAGTACCTGGAGAAGAAAAACTTCATCCACAGAGATCTTGCTGCCCGAAACTGCCTGGTAGGGGAGAACTAC","130C2",1,8,"Cac/Tac","snp"
1068,"A","G",8905,375,375,"H/R","missense_variant","133M","GAAAAACTTCATCCACAGAGATCTTGCTGCCCGAAACTGCCTGGTAGGGGAGAACCGCTTGGTGAAGGTAGCTGATTTTGGCCTGAGCAGGTTGATGACAGGGGACACCTACACAGCCCATGCTGGAGCCAAG","56A76",1,2,"cAc/cGc","snp"
1032,"A","G",10086,375,375,"H/R","missense_variant","133M","CACTCAGATCTCGTCAGCCATGGAGTACCTGGAGAAGAAAAACTTCATCCACAGAGATCTTGCTGCCCGAAACTGCCTGGTAGGGGAGAACCGCTTGGTGAAGGTAGCTGATTTTGGCCTGAGCAGGTTGATG","92A40",1,2,"cAc/cGc","snp"
1021,"T","A",10254,376,376,"L/M","missense_variant","133M","CTGTACATGGCCACTCAGATCTCGTCAGCCATGGAGTACCTGGAGAAGAAAAACTTCATCCACAGAGATCTTGCTGCCCGAAACTGCCTGGTAGGGGAGAACCACATGGTGAAGGTAGCTGATTTTGGCCTGA","105T27",1,4,"Ttg/Atg","snp"
1028,"T","A",10180,376,376,"L/M","missense_variant","132M","TGGCCACTCAGATCTCGTCAGCCATGGAGTACCTGGAGAAGAAAAACTTCATCCACAGAGATCTTGCTGCCCGAAACTGCCTGGTAGGGGAGAACCACATGGTGAAGGTAGCTGATTTTGGCCTGAGCAGGT","98T33",1,4,"Ttg/Atg","snp"
997,"T","A",9493,376,376,"L/M","missense_variant","133M","CAGGAGGTGAACGCCGTGGTGCTGCTGTACATGGCCACTCAGATCTCGTCAGCCATGGAGTACCTGGAGAAGAAAAACTTCATCCACAGAGATCTTGCTGCCCGAAACTGCCTGGTAGGGGAGAACCACATGG","129T3",1,4,"Ttg/Atg","snp"
1057,"T","A",9264,376,376,"L/M","missense_variant","133M","TACCTGGAGAAGAAAAACTTCATCCACAGAGATCTTGCTGCCCGAAACTGCCTGGTAGGGGAGAACCACATGGTGAAGGTAGCTGATTTTGGCCTGAGCAGGTTGATGACAGGGGACACCTACACAGCCCATG","69T63",1,4,"Ttg/Atg","snp"
1006,"T","G",9908,376,376,"L/V","missense_variant","133M","AACGCCGTGGTGCTGCTGTACATGGCCACTCAGATCTCGTCAGCCATGGAGTACCTGGAGAAGAAAAACTTCATCCACAGAGATCTTGCTGCCCGAAACTGCCTGGTAGGGGAGAACCACGTGGTGAAGGTAG","120T12",1,1,"Ttg/Gtg","snp"
1002,"G","A",9733,376,376,"L","synonymous_variant","133M","GGTGAACGCCGTGGTGCTGCTGTACATGGCCACTCAGATCTCGTCAGCCATGGAGTACCTGGAGAAGAAAAACTTCATCCACAGAGATCTTGCTGCCCGAAACTGCCTGGTAGGGGAGAACCACTTAGTGAAG","126G6",1,61,"ttG/ttA","snp"
1116,"G","A",7778,376,376,"L","synonymous_variant","133M","GGAGAACCACTTAGTGAAGGTAGCTGATTTTGGCCTGAGCAGGTTGATGACAGGGGACACCTACACAGCCCATGCTGGAGCCAAGTTCCCCATCAAATGGACTGCACCCGAGAGCCTGGCCTACAACAAGTTC","12G120",1,61,"ttG/ttA","snp"
1016,"G","A",10167,376,376,"L","synonymous_variant","133M","TGCTGCTGTACATGGCCACTCAGATCTCGTCAGCCATGGAGTACCTGGAGAAGAAAAACTTCATCCACAGAGATCTTGCTGCCCGAAACTGCCTGGTAGGGGAGAACCACTTAGTGAAGGTAGCTGATTTTGG","112G20",1,61,"ttG/ttA","snp"
1013,"G","A",10128,376,376,"L","synonymous_variant","133M","TGGTGCTGCTGTACATGGCCACTCAGATCTCGTCAGCCATGGAGTACCTGGAGAAGAAAAACTTCATCCACAGAGATCTTGCTGCCCGAAACTGCCTGGTAGGGGAGAACCACTTAGTGAAGGTAGCTGATTT","115G17",1,61,"ttG/ttA","snp"
1068,"G","A",8905,376,376,"L","synonymous_variant","133M","GAAAAACTTCATCCACAGAGATCTTGCTGCCCGAAACTGCCTGGTAGGGGAGAACCACTTAGTGAAGGTAGCTGATTTTGGCCTGAGCAGGTTGATGACAGGGGACACCTACACAGCCCATGCTGGAGCCAAG","60G72",1,61,"ttG/ttA","snp"
1012,"G","A",10115,376,376,"L","synonymous_variant","133M","GTGGTGCTGCTGTACATGGCCACTCAGATCTCGTCAGCCATGGAGTACCTGGAGAAGAAAAACTTCATCCACAGAGATCTTGCTGCCCGAAACTGCCTGGTAGGGGAGAACCACTTAGTGAAGGTAGCTGATT","116G16",1,61,"ttG/ttA","snp"
1007,"G","A",9987,376,376,"L","synonymous_variant","133M","ACGCCGTGGTGCTGCTGTACATGGCCACTCAGATCTCGTCAGCCATGGAGTACCTGGAGAAGAAAAACTTCATCCACAGAGATCTTGCTGCCCGAAACTGCCTGGTAGGGGAGAACCACTTAGTGAAGGTAGC","121G11",1,61,"ttG/ttA","snp"
1040,"G","A",9904,376,376,"L","synonymous_variant","133M","TCTCGTCAGCCATGGAGTACCTGGAGAAGAAAAACTTCATCCACAGAGATCTTGCTGCCCGAAACTGCCTGGTAGGGGAGAACCACTTAGTGAAGGTAGCTGATTTTGGCCTGAGCAGGTTGATGACAGGGGA","88G44",1,61,"ttG/ttA","snp"
1007,"G","A",9987,376,376,"L","synonymous_variant","133M","ACGCCGTGGTGCTGCTGTACATGGCCACTCAGATCTCGTCAGCCATGGAGTACCTGGAGAAGAAAAACTTCATCCACAGAGATCTTGCTGCCCGAAACTGCCTGGTAGGGGAGAACCACTTAGTGAAGGTAGC","121G11",1,61,"ttG/ttA","snp"
1030,"G","A",10126,376,376,"L","synonymous_variant","133M","GCCACTCAGATCTCGTCAGCCATGGAGTACCTGGAGAAGAAAAACTTCATCCACAGAGATCTTGCTGCCCGAAACTGCCTGGTAGGGGAGAACCACTTAGTGAAGGTAGCTGATTTTGGCCTGAGCAGGTTGA","98G34",1,61,"ttG/ttA","snp"
1094,"G","A",8578,376,376,"L","synonymous_variant","133M","CTGCCCGAAACTGCCTGGTAGGGGAGAACCACTTAGTGAAGGTAGCTGATTTTGGCCTGAGCAGGTTGATGACAGGGGACACCTACACAGCCCATGCTGGAGCCAAGTTCCCCATCAAATGGACTGCACCCGA","34G98",1,61,"ttG/ttA","snp"
1052,"G","A",9503,376,376,"L","synonymous_variant","133M","TGGAGTACCTGGAGAAGAAAAACTTCATCCACAGAGATCTTGCTGCCCGAAACTGCCTGGTAGGGGAGAACCACTTAGTGAAGGTAGCTGATTTTGGCCTGAGCAGGTTGATGACAGGGGACACCTACACAGC","76G56",1,61,"ttG/ttA","snp"
1030,"G","A",10126,376,376,"L","synonymous_variant","133M","GCCACTCAGATCTCGTCAGCCATGGAGTACCTGGAGAAGAAAAACTTCATCCACAGAGATCTTGCTGCCCGAAACTGCCTGGTAGGGGAGAACCACTTAGTGAAGGTAGCTGATTTTGGCCTGAGCAGGTTGA","98G34",1,61,"ttG/ttA","snp"
1009,"G","A",10050,376,376,"L","synonymous_variant","133M","GCCGTGGTGCTGCTGTACATGGCCACTCAGATCTCGTCAGCCATGGAGTACCTGGAGAAGAAAAACTTCATCCACAGAGATCTTGCTGCCCGAAACTGCCTGGTAGGGGAGAACCACTTAGTGAAGGTAGCTG","119G13",1,61,"ttG/ttA","snp"
1006,"G","A",9908,376,376,"L","synonymous_variant","133M","AACGCCGTGGTGCTGCTGTACATGGCCACTCAGATCTCGTCAGCCATGGAGTACCTGGAGAAGAAAAACTTCATCCACAGAGATCTTGCTGCCCGAAACTGCCTGGTAGGGGAGAACCACTTAGTGAAGGTAG","122G10",1,61,"ttG/ttA","snp"
1113,"G","A",7915,376,376,"L","synonymous_variant","133M","AGGGGAGAACCACTTAGTGAAGGTAGCTGATTTTGGCCTGAGCAGGTTGATGACAGGGGACACCTACACAGCCCATGCTGGAGCCAAGTTCCCCATCAAATGGACTGCACCCGAGAGCCTGGCCTACAACAAG","15G117",1,61,"ttG/ttA","snp"
1031,"G","A",10126,376,376,"L","synonymous_variant","133M","CCACTCAGATCTCGTCAGCCATGGAGTACCTGGAGAAGAAAAACTTCATCCACAGAGATCTTGCTGCCCGAAACTGCCTGGTAGGGGAGAACCACTTAGTGAAGGTAGCTGATTTTGGCCTGAGCAGGTTGAT","97G35",1,61,"ttG/ttA","snp"
998,"G","A",9553,376,376,"L","synonymous_variant","133M","AGGAGGTGAACGCCGTGGTGCTGCTGTACATGGCCACTCAGATCTCGTCAGCCATGGAGTACCTGGAGAAGAAAAACTTCATCCACAGAGATCTTGCTGCCCGAAACTGCCTGGTAGGGGAGAACCACTTAGT","130G2",1,61,"ttG/ttA","snp"
1016,"G","A",10167,376,376,"L","synonymous_variant","133M","TGCTGCTGTACATGGCCACTCAGATCTCGTCAGCCATGGAGTACCTGGAGAAGAAAAACTTCATCCACAGAGATCTTGCTGCCCGAAACTGCCTGGTAGGGGAGAACCACTTAGTGAAGGTAGCTGATTTTGG","112G20",1,61,"ttG/ttA","snp"
1050,"G","A",9508,376,376,"L","synonymous_variant","133M","CATGGAGTACCTGGAGAAGAAAAACTTCATCCACAGAGATCTTGCTGCCCGAAACTGCCTGGTAGGGGAGAACCACTTAGTGAAGGTAGCTGATTTTGGCCTGAGCAGGTTGATGACAGGGGACACCTACACA","78G54",1,61,"ttG/ttA","snp"
1029,"G","A",10162,376,376,"L","synonymous_variant","133M","GGCCACTCAGATCTCGTCAGCCATGGAGTACCTGGAGAAGAAAAACTTCATCCACAGAGATCTTGCTGCCCGAAACTGCCTGGTAGGGGAGAACCACTTAGTGAAGGTAGCTGATTTTGGCCTGAGCAGGTTG","99G33",1,61,"ttG/ttA","snp"
1051,"G","A",9489,376,376,"L","synonymous_variant","133M","ATGGAGTACCTGGAGAAGAAAAACTTCATCCACAGAGATCTTGCTGCCCGAAACTGCCTGGTAGGGGAGAACCACTTAGTGAAGGTAGCTGATTTTGGCCTGAGCAGGTTGATGACAGGGGACACCTACACAG","77G55",1,61,"ttG/ttA","snp"
1059,"G","A",9214,376,376,"L","synonymous_variant","133M","CCTGGAGAAGAAAAACTTCATCCACAGAGATCTTGCTGCCCGAAACTGCCTGGTAGGGGAGAACCACTTAGTGAAGGTAGCTGATTTTGGCCTGAGCAGGTTGATGACAGGGGACACCTACACAGCCCATGCT","69G63",1,61,"ttG/ttA","snp"
1000,"G","A",9660,376,376,"L","synonymous_variant","133M","GAGGTGAACGCCGTGGTGCTGCTGTACATGGCCACTCAGATCTCGTCAGCCATGGAGTACCTGGAGAAGAAAAACTTCATCCACAGAGATCTTGCTGCCCGAAACTGCCTGGTAGGGGAGAACCACTTAGTGA","128G4",1,61,"ttG/ttA","snp"
1060,"G","A",9190,376,376,"L","synonymous_variant","133M","CTGGAGAAGAAAAACTTCATCCACAGAGATCTTGCTGCCCGAAACTGCCTGGTAGGGGAGAACCACTTAGTGAAGGTAGCTGATTTTGGCCTGAGCAGGTTGATGACAGGGGACACCTACACAGCCCATGCTG","68G64",1,61,"ttG/ttA","snp"
1017,"G","A",10190,376,376,"L","synonymous_variant","133M","GCTGCTGTACATGGCCACTCAGATCTCGTCAGCCATGGAGTACCTGGAGAAGAAAAACTTCATCCACAGAGATCTTGCTGCCCGAAACTGCCTGGTAGGGGAGAACCACTTAGTGAAGGTAGCTGATTTTGGC","111G21",1,61,"ttG/ttA","snp"
1006,"G","A",9908,376,376,"L","synonymous_variant","133M","AACGCCGTGGTGCTGCTGTACATGGCCACTCAGATCTCGTCAGCCATGGAGTACCTGGAGAAGAAAAACTTCATCCACAGAGATCTTGCTGCCCGAAACTGCCTGGTAGGGGAGAACCACTTAGTGAAGGTAG","122G10",1,61,"ttG/ttA","snp"
1015,"G","A",10121,376,376,"L","synonymous_variant","133M","GTGCTGCTGTACATGGCCACTCAGATCTCGTCAGCCATGGAGTACCTGGAGAAGAAAAACTTCATCCACAGAGATCTTGCTGCCCGAAACTGCCTGGTAGGGGAGAACCACTTAGTGAAGGTAGCTGATTTTG","113G19",1,61,"ttG/ttA","snp"
1061,"G","A",9182,376,376,"L","synonymous_variant","133M","TGGAGAAGAAAAACTTCATCCACAGAGATCTTGCTGCCCGAAACTGCCTGGTAGGGGAGAACCACTTAGTGAAGGTAGCTGATTTTGGCCTGAGCAGGTTGATGACAGGGGACACCTACACAGCCCATGCTGG","67G65",1,61,"ttG/ttA","snp"
1015,"G","A",10121,376,376,"L","synonymous_variant","133M","GTGCTGCTGTACATGGCCACTCAGATCTCGTCAGCCATGGAGTACCTGGAGAAGAAAAACTTCATCCACAGAGATCTTGCTGCCCGAAACTGCCTGGTAGGGGAGAACCACTTAGTGAAGGTAGCTGATTTTG","113G19",1,61,"ttG/ttA","snp"
1058,"G","A",9280,376,376,"L","synonymous_variant","133M","ACCTGGAGAAGAAAAACTTCATCCACAGAGATCTTGCTGCCCGAAACTGCCTGGTAGGGGAGAACCACTTAGTGAAGGTAGCTGATTTTGGCCTGAGCAGGTTGATGACAGGGGACACCTACACAGCCCATGC","70G62",1,61,"ttG/ttA","snp"
1083,"G","A",8845,376,376,"L","synonymous_variant","133M","CAGAGATCTTGCTGCCCGAAACTGCCTGGTAGGGGAGAACCACTTAGTGAAGGTAGCTGATTTTGGCCTGAGCAGGTTGATGACAGGGGACACCTACACAGCCCATGCTGGAGCCAAGTTCCCCATCAAATGG","45G87",1,61,"ttG/ttA","snp"
1033,"G","A",10113,376,376,"L","synonymous_variant","133M","ACTCAGATCTCGTCAGCCATGGAGTACCTGGAGAAGAAAAACTTCATCCACAGAGATCTTGCTGCCCGAAACTGCCTGGTAGGGGAGAACCACTTAGTGAAGGTAGCTGATTTTGGCCTGAGCAGGTTGATGA","95G37",1,61,"ttG/ttA","snp"
1115,"G","A",7790,376,376,"L","synonymous_variant","133M","GGGAGAACCACTTAGTGAAGGTAGCTGATTTTGGCCTGAGCAGGTTGATGACAGGGGACACCTACACAGCCCATGCTGGAGCCAAGTTCCCCATCAAATGGACTGCACCCGAGAGCCTGGCCTACAACAAGTT","13G119",1,61,"ttG/ttA","snp"
1022,"G","A",10223,376,376,"L","synonymous_variant","133M","TGTACATGGCCACTCAGATCTCGTCAGCCATGGAGTACCTGGAGAAGAAAAACTTCATCCACAGAGATCTTGCTGCCCGAAACTGCCTGGTAGGGGAGAACCACTTAGTGAAGGTAGCTGATTTTGGCCTGAG","106G26",1,61,"ttG/ttA","snp"
1074,"G","A",8829,376,376,"L","synonymous_variant","133M","CTTCATCCACAGAGATCTTGCTGCCCGAAACTGCCTGGTAGGGGAGAACCACTTAGTGAAGGTAGCTGATTTTGGCCTGAGCAGGTTGATGACAGGGGACACCTACACAGCCCATGCTGGAGCCAAGTTCCCC","54G78",1,61,"ttG/ttA","snp"
1067,"G","A",8928,376,376,"L","synonymous_variant","133M","AGAAAAACTTCATCCACAGAGATCTTGCTGCCCGAAACTGCCTGGTAGGGGAGAACCACTTAGTGAAGGTAGCTGATTTTGGCCTGAGCAGGTTGATGACAGGGGACACCTACACAGCCCATGCTGGAGCCAA","61G71",1,61,"ttG/ttA","snp"
1000,"G","A",9660,376,376,"L","synonymous_variant","133M","GAGGTGAACGCCGTGGTGCTGCTGTACATGGCCACTCAGATCTCGTCAGCCATGGAGTACCTGGAGAAGAAAAACTTCATCCACAGAGATCTTGCTGCCCGAAACTGCCTGGTAGGGGAGAACCACTTAGTGA","128G4",1,61,"ttG/ttA","snp"
1010,"G","A",10055,376,376,"L","synonymous_variant","133M","CCGTGGTGCTGCTGTACATGGCCACTCAGATCTCGTCAGCCATGGAGTACCTGGAGAAGAAAAACTTCATCCACAGAGATCTTGCTGCCCGAAACTGCCTGGTAGGGGAGAACCACTTAGTGAAGGTAGCTGA","118G14",1,61,"ttG/ttA","snp"
1023,"G","A",10146,376,376,"L","synonymous_variant","133M","GTACATGGCCACTCAGATCTCGTCAGCCATGGAGTACCTGGAGAAGAAAAACTTCATCCACAGAGATCTTGCTGCCCGAAACTGCCTGGTAGGGGAGAACCACTTAGTGAAGGTAGCTGATTTTGGCCTGAGC","105G27",1,61,"ttG/ttA","snp"
1008,"G","A",10040,376,376,"L","synonymous_variant","133M","CGCCGTGGTGCTGCTGTACATGGCCACTCAGATCTCGTCAGCCATGGAGTACCTGGAGAAGAAAAACTTCATCCACAGAGATCTTGCTGCCCGAAACTGCCTGGTAGGGGAGAACCACTTAGTGAAGGTAGCT","120G12",1,61,"ttG/ttA","snp"
1102,"G","A",8187,376,376,"L","synonymous_variant","133M","AACTGCCTGGTAGGGGAGAACCACTTAGTGAAGGTAGCTGATTTTGGCCTGAGCAGGTTGATGACAGGGGACACCTACACAGCCCATGCTGGAGCCAAGTTCCCCATCAAATGGACTGCACCCGAGAGCCTGG","26G106",1,61,"ttG/ttA","snp"
1006,"G","A",9908,376,376,"L","synonymous_variant","133M","AACGCCGTGGTGCTGCTGTACATGGCCACTCAGATCTCGTCAGCCATGGAGTACCTGGAGAAGAAAAACTTCATCCACAGAGATCTTGCTGCCCGAAACTGCCTGGTAGGGGAGAACCACTTAGTGAAGGTAG","122G10",1,61,"ttG/ttA","snp"
1124,"G","A",7434,376,376,"L","synonymous_variant","133M","ACTTAGTGAAGGTAGCTGATTTTGGCCTGAGCAGGTTGATGACAGGGGACACCTACACAGCCCATGCTGGAGCCAAGTTCCCCATCAAATGGACTGCACCCGAGAGCCTGGCCTACAACAAGTTCTCCATCAA","4G128",1,61,"ttG/ttA","snp"
1125,"G","A",7404,376,376,"L","synonymous_variant","133M","CTTAGTGAAGGTAGCTGATTTTGGCCTGAGCAGGTTGATGACAGGGGACACCTACACAGCCCATGCTGGAGCCAAGTTCCCCATCAAATGGACTGCACCCGAGAGCCTGGCCTACAACAAGTTCTCCATCAAG","3G129",1,61,"ttG/ttA","snp"
1047,"G","A",9584,376,376,"L","synonymous_variant","133M","AGCCATGGAGTACCTGGAGAAGAAAAACTTCATCCACAGAGATCTTGCTGCCCGAAACTGCCTGGTAGGGGAGAACCACTTAGTGAAGGTAGCTGATTTTGGCCTGAGCAGGTTGATGACAGGGGACACCTAC","81G51",1,61,"ttG/ttA","snp"
1061,"G","A",9182,376,376,"L","synonymous_variant","133M","TGGAGAAGAAAAACTTCATCCACAGAGATCTTGCTGCCCGAAACTGCCTGGTAGGGGAGAACCACTTAGTGAAGGTAGCTGATTTTGGCCTGAGCAGGTTGATGACAGGGGACACCTACACAGCCCATGCTGG","67G65",1,61,"ttG/ttA","snp"
1110,"G","A",8094,376,376,"L","synonymous_variant","133M","GGTAGGGGAGAACCACTTAGTGAAGGTAGCTGATTTTGGCCTGAGCAGGTTGATGACAGGGGACACCTACACAGCCCATGCTGGAGCCAAGTTCCCCATCAAATGGACTGCACCCGAGAGCCTGGCCTACAAC","18G114",1,61,"ttG/ttA","snp"
1031,"G","A",10126,376,376,"L","synonymous_variant","133M","CCACTCAGATCTCGTCAGCCATGGAGTACCTGGAGAAGAAAAACTTCATCCACAGAGATCTTGCTGCCCGAAACTGCCTGGTAGGGGAGAACCACTTAGTGAAGGTAGCTGATTTTGGCCTGAGCAGGTTGAT","97G35",1,61,"ttG/ttA","snp"
1077,"G","A",8781,376,376,"L","synonymous_variant","133M","CATCCACAGAGATCTTGCTGCCCGAAACTGCCTGGTAGGGGAGAACCACTTAGTGAAGGTAGCTGATTTTGGCCTGAGCAGGTTGATGACAGGGGACACCTACACAGCCCATGCTGGAGCCAAGTTCCCCATC","51G81",1,61,"ttG/ttA","snp"
1114,"G","A",7823,376,376,"L","synonymous_variant","133M","GGGGAGAACCACTTAGTGAAGGTAGCTGATTTTGGCCTGAGCAGGTTGATGACAGGGGACACCTACACAGCCCATGCTGGAGCCAAGTTCCCCATCAAATGGACTGCACCCGAGAGCCTGGCCTACAACAAGT","14G118",1,61,"ttG/ttA","snp"
1015,"G","A",10121,376,376,"L","synonymous_variant","133M","GTGCTGCTGTACATGGCCACTCAGATCTCGTCAGCCATGGAGTACCTGGAGAAGAAAAACTTCATCCACAGAGATCTTGCTGCCCGAAACTGCCTGGTAGGGGAGAACCACTTAGTGAAGGTAGCTGATTTTG","113G19",1,61,"ttG/ttA","snp"
1122,"G","A",7553,376,376,"L","synonymous_variant","133M","CCACTTAGTGAAGGTAGCTGATTTTGGCCTGAGCAGGTTGATGACAGGGGACACCTACACAGCCCATGCTGGAGCCAAGTTCCCCATCAAATGGACTGCACCCGAGAGCCTGGCCTACAACAAGTTCTCCATC","6G126",1,61,"ttG/ttA","snp"
1031,"G","A",10126,376,376,"L","synonymous_variant","133M","CCACTCAGATCTCGTCAGCCATGGAGTACCTGGAGAAGAAAAACTTCATCCACAGAGATCTTGCTGCCCGAAACTGCCTGGTAGGGGAGAACCACTTAGTGAAGGTAGCTGATTTTGGCCTGAGCAGGTTGAT","97G35",1,61,"ttG/ttA","snp"
1068,"G","A",8905,376,376,"L","synonymous_variant","133M","GAAAAACTTCATCCACAGAGATCTTGCTGCCCGAAACTGCCTGGTAGGGGAGAACCACTTAGTGAAGGTAGCTGATTTTGGCCTGAGCAGGTTGATGACAGGGGACACCTACACAGCCCATGCTGGAGCCAAG","60G72",1,61,"ttG/ttA","snp"
1053,"G","A",9495,376,376,"L","synonymous_variant","133M","GGAGTACCTGGAGAAGAAAAACTTCATCCACAGAGATCTTGCTGCCCGAAACTGCCTGGTAGGGGAGAACCACTTAGTGAAGGTAGCTGATTTTGGCCTGAGCAGGTTGATGACAGGGGACACCTACACAGCC","75G57",1,61,"ttG/ttA","snp"
1036,"G","A",9990,376,376,"L","synonymous_variant","133M","CAGATCTCGTCAGCCATGGAGTACCTGGAGAAGAAAAACTTCATCCACAGAGATCTTGCTGCCCGAAACTGCCTGGTAGGGGAGAACCACTTAGTGAAGGTAGCTGATTTTGGCCTGAGCAGGTTGATGACAG","92G40",1,61,"ttG/ttA","snp"
1032,"G","A",10086,376,376,"L","synonymous_variant","133M","CACTCAGATCTCGTCAGCCATGGAGTACCTGGAGAAGAAAAACTTCATCCACAGAGATCTTGCTGCCCGAAACTGCCTGGTAGGGGAGAACCACTTAGTGAAGGTAGCTGATTTTGGCCTGAGCAGGTTGATG","96G36",1,61,"ttG/ttA","snp"
1093,"G","A",8567,376,376,"L","synonymous_variant","133M","GCTGCCCGAAACTGCCTGGTAGGGGAGAACCACTTAGTGAAGGTAGCTGATTTTGGCCTGAGCAGGTTGATGACAGGGGACACCTACACAGCCCATGCTGGAGCCAAGTTCCCCATCAAATGGACTGCACCCG","35G97",1,61,"ttG/ttA","snp"
1091,"G","A",8526,376,376,"L","synonymous_variant","133M","TTGCTGCCCGAAACTGCCTGGTAGGGGAGAACCACTTAGTGAAGGTAGCTGATTTTGGCCTGAGCAGGTTGATGACAGGGGACACCTACACAGCCCATGCTGGAGCCAAGTTCCCCATCAAATGGACTGCACC","37G95",1,61,"ttG/ttA","snp"
1081,"G","A",8876,376,376,"L","synonymous_variant","133M","CACAGAGATCTTGCTGCCCGAAACTGCCTGGTAGGGGAGAACCACTTAGTGAAGGTAGCTGATTTTGGCCTGAGCAGGTTGATGACAGGGGACACCTACACAGCCCATGCTGGAGCCAAGTTCCCCATCAAAT","47G85",1,61,"ttG/ttA","snp"
1033,"G","A",10113,377,377,"V","synonymous_variant","133M","ACTCAGATCTCGTCAGCCATGGAGTACCTGGAGAAGAAAAACTTCATCCACAGAGATCTTGCTGCCCGAAACTGCCTGGTAGGGGAGAACCACTTGGTAAAGGTAGCTGATTTTGGCCTGAGCAGGTTGATGA","98G34",1,15,"gtG/gtA","snp"
1033,"G","A",10113,377,377,"V","synonymous_variant","133M","ACTCAGATCTCGTCAGCCATGGAGTACCTGGAGAAGAAAAACTTCATCCACAGAGATCTTGCTGCCCGAAACTGCCTGGTAGGGGAGAACCACTTGGTAAAGGTAGCTGATTTTGGCCTGAGCAGGTTGATGA","98G34",1,15,"gtG/gtA","snp"
1039,"G","A",9943,377,377,"V","synonymous_variant","133M","ATCTCGTCAGCCATGGAGTACCTGGAGAAGAAAAACTTCATCCACAGAGATCTTGCTGCCCGAAACTGCCTGGTAGGGGAGAACCACTTGGTAAAGGTAGCTGATTTTGGCCTGAGCAGGTTGATGACAGGGG","92G40",1,15,"gtG/gtA","snp"
1007,"G","A",9987,377,377,"V","synonymous_variant","133M","ACGCCGTGGTGCTGCTGTACATGGCCACTCAGATCTCGTCAGCCATGGAGTACCTGGAGAAGAAAAACTTCATCCACAGAGATCTTGCTGCCCGAAACTGCCTGGTAGGGGAGAACCACTTGGTAAAGGTAGC","124G8",1,15,"gtG/gtA","snp"
1002,"G","A",9733,377,377,"V","synonymous_variant","133M","GGTGAACGCCGTGGTGCTGCTGTACATGGCCACTCAGATCTCGTCAGCCATGGAGTACCTGGAGAAGAAAAACTTCATCCACAGAGATCTTGCTGCCCGAAACTGCCTGGTAGGGGAGAACCACTTGGTAAAG","129G3",1,15,"gtG/gtA","snp"
1060,"G","A",9190,377,377,"V","synonymous_variant","19S101M","GCTCTTCCGATCTCGATATCTGGAGAAGAAAAACTTCATCCACAGAGATCTTGCTGCCCGAAACTGCCTGGTAGGGGAGAACCACTTGGTAAAGGTAGCTGATTTTGGCCTGAGCAGGTT","71G29",1,15,"gtG/gtA","snp"
1119,"G","A",7703,377,377,"V","synonymous_variant","133M","GAACCACTTGGTAAAGGTAGCTGATTTTGGCCTGAGCAGGTTGATGACAGGGGACACCTACACAGCCCATGCTGGAGCCAAGTTCCCCATCAAATGGACTGCACCCGAGAGCCTGGCCTACAACAAGTTCTCC","12G120",1,15,"gtG/gtA","snp"
1021,"G","A",10254,377,377,"V","synonymous_variant","133M","CTGTACATGGCCACTCAGATCTCGTCAGCCATGGAGTACCTGGAGAAGAAAAACTTCATCCACAGAGATCTTGCTGCCCGAAACTGCCTGGTAGGGGAGAACCACTTGGTAAAGGTAGCTGATTTTGGCCTGA","110G22",1,15,"gtG/gtA","snp"
1039,"G","A",9943,377,377,"V","synonymous_variant","133M","ATCTCGTCAGCCATGGAGTACCTGGAGAAGAAAAACTTCATCCACAGAGATCTTGCTGCCCGAAACTGCCTGGTAGGGGAGAACCACTTGGTAAAGGTAGCTGATTTTGGCCTGAGCAGGTTGATGACAGGGG","92G40",1,15,"gtG/gtA","snp"
1098,"G","A",8394,377,377,"V","synonymous_variant","133M","CCGAAACTGCCTGGTAGGGGAGAACCACTTGGTAAAGGTAGCTGATTTTGGCCTGAGCAGGTTGATGACAGGGGACACCTACACAGCCCATGCTGGAGCCAAGTTCCCCATCAAATGGACTGCACCCGAGAGC","33G99",1,15,"gtG/gtA","snp"
1036,"G","A",9990,377,377,"V","synonymous_variant","133M","CAGATCTCGTCAGCCATGGAGTACCTGGAGAAGAAAAACTTCATCCACAGAGATCTTGCTGCCCGAAACTGCCTGGTAGGGGAGAACCACTTGGTAAAGGTAGCTGATTTTGGCCTGAGCAGGTTGATGACAG","95G37",1,15,"gtG/gtA","snp"
1016,"G","A",10167,377,377,"V","synonymous_variant","133M","TGCTGCTGTACATGGCCACTCAGATCTCGTCAGCCATGGAGTACCTGGAGAAGAAAAACTTCATCCACAGAGATCTTGCTGCCCGAAACTGCCTGGTAGGGGAGAACCACTTGGTAAAGGTAGCTGATTTTGG","115G17",1,15,"gtG/gtA","snp"
1077,"G","A",8781,377,377,"V","synonymous_variant","133M","CATCCACAGAGATCTTGCTGCCCGAAACTGCCTGGTAGGGGAGAACCACTTGGTAAAGGTAGCTGATTTTGGCCTGAGCAGGTTGATGACAGGGGACACCTACACAGCCCATGCTGGAGCCAAGTTCCCCATC","54G78",1,15,"gtG/gtA","snp"
1108,"G","A",8131,377,377,"V","synonymous_variant","133M","CTGGTAGGGGAGAACCACTTGGTAAAGGTAGCTGATTTTGGCCTGAGCAGGTTGATGACAGGGGACACCTACACAGCCCATGCTGGAGCCAAGTTCCCCATCAAATGGACTGCACCCGAGAGCCTGGCCTACA","23G109",1,15,"gtG/gtA","snp"
1008,"G","A",10040,377,377,"V","synonymous_variant","133M","CGCCGTGGTGCTGCTGTACATGGCCACTCAGATCTCGTCAGCCATGGAGTACCTGGAGAAGAAAAACTTCATCCACAGAGATCTTGCTGCCCGAAACTGCCTGGTAGGGGAGAACCACTTGGTAAAGGTAGCT","123G9",1,15,"gtG/gtA","snp"
1055,"G","T",9345,377,377,"V","synonymous_variant","133M","AGTACCTGGAGAAGAAAAACTTCATCCACAGAGATCTTGCTGCCCGAAACTGCCTGGTAGGGGAGAACCACTTGGTTAAGGTAGCTGATTTTGGCCTGAGCAGGTTGATGACAGGGGACACCTACACAGCCCA","76G56",1,1,"gtG/gtT","snp"
1052,"C","G",9503,380,380,"A/G","missense_variant","133M","TGGAGTACCTGGAGAAGAAAAACTTCATCCACAGAGATCTTGCTGCCCGAAACTGCCTGGTAGGGGAGAACCACTTGGTGAAGGTAGGTGATTTTGGCCTGAGCAGGTTGATGACAGGGGACACCTACACAGC","87C45",1,1,"gCt/gGt","snp"
1074,"T","C",8829,382,382,"F","synonymous_variant","133M","CTTCATCCACAGAGATCTTGCTGCCCGAAACTGCCTGGTAGGGGAGAACCACTTGGTGAAGGTAGCTGATTTCGGCCTGAGCAGGTTGATGACAGGGGACACCTACACAGCCCATGCTGGAGCCAAGTTCCCC","72T60",1,2,"ttT/ttC","snp"
1022,"T","C",10223,382,382,"F","synonymous_variant","133M","TGTACATGGCCACTCAGATCTCGTCAGCCATGGAGTACCTGGAGAAGAAAAACTTCATCCACAGAGATCTTGCTGCCCGAAACTGCCTGGTAGGGGAGAACCACTTGGTGAAGGTAGCTGATTTCGGCCTGAG","124T8",1,2,"ttT/ttC","snp"
1033,"C","A",10113,384,384,"L/M","missense_variant","133M","ACTCAGATCTCGTCAGCCATGGAGTACCTGGAGAAGAAAAACTTCATCCACAGAGATCTTGCTGCCCGAAACTGCCTGGTAGGGGAGAACCACTTGGTGAAGGTAGCTGATTTTGGCATGAGCAGGTTGATGA","117C15",1,4,"Ctg/Atg","snp"
1042,"C","A",9811,384,384,"L/M","missense_variant","133M","TCGTCAGCCATGGAGTACCTGGAGAAGAAAAACTTCATCCACAGAGATCTTGCTGCCCGAAACTGCCTGGTAGGGGAGAACCACTTGGTGAAGGTAGCTGATTTTGGCATGAGCAGGTTGATGACAGGGGACA","108C24",1,4,"Ctg/Atg","snp"
1104,"C","A",8194,384,384,"L/M","missense_variant","133M","CTGCCTGGTAGGGGAGAACCACTTGGTGAAGGTAGCTGATTTTGGCATGAGCAGGTTGATGACAGGGGACACCTACACAGCCCATGCTGGAGCCAAGTTCCCCATCAAATGGACTGCACCCGAGAGCCTGGCC","46C86",1,4,"Ctg/Atg","snp"
1029,"C","A",10162,384,384,"L/M","missense_variant","133M","GGCCACTCAGATCTCGTCAGCCATGGAGTACCTGGAGAAGAAAAACTTCATCCACAGAGATCTTGCTGCCCGAAACTGCCTGGTAGGGGAGAACCACTTGGTGAAGGTAGCTGATTTTGGCATGAGCAGGTTG","121C11",1,4,"Ctg/Atg","snp"
1076,"G","A",8790,386,386,"R/K","missense_variant","133M","TCATCCACAGAGATCTTGCTGCCCGAAACTGCCTGGTAGGGGAGAACCACTTGGTGAAGGTAGCTGATTTTGGCCTGAGCAAGTTGATGACAGGGGACACCTACACAGCCCATGCTGGAGCCAAGTTCCCCAT","81G51",1,16,"aGg/aAg","snp"
1091,"G","A",8526,386,386,"R/K","missense_variant","133M","TTGCTGCCCGAAACTGCCTGGTAGGGGAGAACCACTTGGTGAAGGTAGCTGATTTTGGCCTGAGCAAGTTGATGACAGGGGACACCTACACAGCCCATGCTGGAGCCAAGTTCCCCATCAAATGGACTGCACC","66G66",1,16,"aGg/aAg","snp"
1044,"G","A",9787,386,386,"R/K","missense_variant","133M","GTCAGCCATGGAGTACCTGGAGAAGAAAAACTTCATCCACAGAGATCTTGCTGCCCGAAACTGCCTGGTAGGGGAGAACCACTTGGTGAAGGTAGCTGATTTTGGCCTGAGCAAGTTGATGACAGGGGACACC","113G19",1,16,"aGg/aAg","snp"
1051,"G","A",9489,386,386,"R/K","missense_variant","133M","ATGGAGTACCTGGAGAAGAAAAACTTCATCCACAGAGATCTTGCTGCCCGAAACTGCCTGGTAGGGGAGAACCACTTGGTGAAGGTAGCTGATTTTGGCCTGAGCAAGTTGATGACAGGGGACACCTACACAG","106G26",1,16,"aGg/aAg","snp"
1064,"G","A",9088,386,386,"R/K","missense_variant","133M","AGAAGAAAAACTTCATCCACAGAGATCTTGCTGCCCGAAACTGCCTGGTAGGGGAGAACCACTTGGTGAAGGTAGCTGATTTTGGCCTGAGCAAGTTGATGACAGGGGACACCTACACAGCCCATGCTGGAGC","93G39",1,16,"aGg/aAg","snp"
1126,"G","A",7330,386,386,"R/K","missense_variant","133M","TTGGTGAAGGTAGCTGATTTTGGCCTGAGCAAGTTGATGACAGGGGACACCTACACAGCCCATGCTGGAGCCAAGTTCCCCATCAAATGGACTGCACCCGAGAGCCTGGCCTACAACAAGTTCTCCATCAAGT","31G101",1,16,"aGg/aAg","snp"
1065,"G","A",9027,386,386,"R/K","missense_variant","133M","GAAGAAAAACTTCATCCACAGAGATCTTGCTGCCCGAAACTGCCTGGTAGGGGAGAACCACTTGGTGAAGGTAGCTGATTTTGGCCTGAGCAAGTTGATGACAGGGGACACCTACACAGCCCATGCTGGAGCC","92G40",1,16,"aGg/aAg","snp"
1040,"G","A",9904,386,386,"R/K","missense_variant","133M","TCTCGTCAGCCATGGAGTACCTGGAGAAGAAAAACTTCATCCACAGAGATCTTGCTGCCCGAAACTGCCTGGTAGGGGAGAACCACTTGGTGAAGGTAGCTGATTTTGGCCTGAGCAAGTTGATGACAGGGGA","117G15",1,16,"aGg/aAg","snp"
1152,"G","A",5988,386,386,"R/K","missense_variant","133M","GAGCAAGTTGATGACAGGGGACACCTACACAGCCCATGCTGGAGCCAAGTTCCCCATCAAATGGACTGCACCCGAGAGCCTGGCCTACAACAAGTTCTCCATCAAGTCCGACGTCTGGGCATTTGGAGTATTG","5G127",1,16,"aGg/aAg","snp"
1087,"G","A",8657,386,386,"R/K","missense_variant","133M","GATCTTGCTGCCCGAAACTGCCTGGTAGGGGAGAACCACTTGGTGAAGGTAGCTGATTTTGGCCTGAGCAAGTTGATGACAGGGGACACCTACACAGCCCATGCTGGAGCCAAGTTCCCCATCAAATGGACTG","70G62",1,16,"aGg/aAg","snp"
1063,"G","A",9098,386,386,"R/K","missense_variant","133M","GAGAAGAAAAACTTCATCCACAGAGATCTTGCTGCCCGAAACTGCCTGGTAGGGGAGAACCACTTGGTGAAGGTAGCTGATTTTGGCCTGAGCAAGTTGATGACAGGGGACACCTACACAGCCCATGCTGGAG","94G38",1,16,"aGg/aAg","snp"
1094,"G","A",8578,386,386,"R/K","missense_variant","133M","CTGCCCGAAACTGCCTGGTAGGGGAGAACCACTTGGTGAAGGTAGCTGATTTTGGCCTGAGCAAGTTGATGACAGGGGACACCTACACAGCCCATGCTGGAGCCAAGTTCCCCATCAAATGGACTGCACCCGA","63G69",1,16,"aGg/aAg","snp"
1134,"G","A",6873,386,386,"R/K","missense_variant","133M","GGTAGCTGATTTTGGCCTGAGCAAGTTGATGACAGGGGACACCTACACAGCCCATGCTGGAGCCAAGTTCCCCATCAAATGGACTGCACCCGAGAGCCTGGCCTACAACAAGTTCTCCATCAAGTCCGACGTC","23G109",1,16,"aGg/aAg","snp"
1032,"G","A",10086,386,386,"R/K","missense_variant","133M","CACTCAGATCTCGTCAGCCATGGAGTACCTGGAGAAGAAAAACTTCATCCACAGAGATCTTGCTGCCCGAAACTGCCTGGTAGGGGAGAACCACTTGGTGAAGGTAGCTGATTTTGGCCTGAGCAAGTTGATG","125G7",1,16,"aGg/aAg","snp"
1028,"G","A",10180,386,386,"R/K","missense_variant","133M","TGGCCACTCAGATCTCGTCAGCCATGGAGTACCTGGAGAAGAAAAACTTCATCCACAGAGATCTTGCTGCCCGAAACTGCCTGGTAGGGGAGAACCACTTGGTGAAGGTAGCTGATTTTGGCCTGAGCAAGTT","129G3",1,16,"aGg/aAg","snp"
1037,"G","A",9973,386,386,"R/K","missense_variant","133M","AGATCTCGTCAGCCATGGAGTACCTGGAGAAGAAAAACTTCATCCACAGAGATCTTGCTGCCCGAAACTGCCTGGTAGGGGAGAACCACTTGGTGAAGGTAGCTGATTTTGGCCTGAGCAAGTTGATGACAGG","120G12",1,16,"aGg/aAg","snp"
1047,"G","A",9584,386,386,"R","synonymous_variant","133M","AGCCATGGAGTACCTGGAGAAGAAAAACTTCATCCACAGAGATCTTGCTGCCCGAAACTGCCTGGTAGGGGAGAACCACTTGGTGAAGGTAGCTGATTTTGGCCTGAGCAGATTGATGACAGGGGACACCTAC","111G21",1,2,"agG/agA","snp"
1078,"G","A",8810,386,386,"R","synonymous_variant","133M","ATCCACAGAGATCTTGCTGCCCGAAACTGCCTGGTAGGGGAGAACCACTTGGTGAAGGTAGCTGATTTTGGCCTGAGCAGATTGATGACAGGGGACACCTACACAGCCCATGCTGGAGCCAAGTTCCCCATCA","80G52",1,2,"agG/agA","snp"
1094,"T","A",8578,387,387,"L/M","missense_variant","133M","CTGCCCGAAACTGCCTGGTAGGGGAGAACCACTTGGTGAAGGTAGCTGATTTTGGCCTGAGCAGGATGATGACAGGGGACACCTACACAGCCCATGCTGGAGCCAAGTTCCCCATCAAATGGACTGCACCCGA","65T67",1,3,"Ttg/Atg","snp"
1078,"T","A",8810,387,387,"L/M","missense_variant","133M","ATCCACAGAGATCTTGCTGCCCGAAACTGCCTGGTAGGGGAGAACCACTTGGTGAAGGTAGCTGATTTTGGCCTGAGCAGGATGATGACAGGGGACACCTACACAGCCCATGCTGGAGCCAAGTTCCCCATCA","81T51",1,3,"Ttg/Atg","snp"
1155,"T","A",5896,387,387,"L/M","missense_variant","133M","CAGGATGATGACAGGGGACACCTACACAGCCCATGCTGGAGCCAAGTTCCCCATCAAATGGACTGCACCCGAGAGCCTGGCCTACAACAAGTTCTCCATCAAGTCCGACGTCTGGGCATTTGGAGTATTGCTT","4T128",1,3,"Ttg/Atg","snp"
1157,"G","A",5890,387,387,"L","synonymous_variant","133M","GGTTAATGACAGGGGACACCTACACAGCCCATGCTGGAGCCAAGTTCCCCATCAAATGGACTGCACCCGAGAGCCTGGCCTACAACAAGTTCTCCATCAAGTCCGACGTCTGGGCATTTGGAGTATTGCTTTG","4G128",1,1,"ttG/ttA","snp"
1157,"G","C",5890,387,387,"L/F","missense_variant","133M","GGTTCATGACAGGGGACACCTACACAGCCCATGCTGGAGCCAAGTTCCCCATCAAATGGACTGCACCCGAGAGCCTGGCCTACAACAAGTTCTCCATCAAGTCCGACGTCTGGGCATTTGGAGTATTGCTTTG","4G128",1,2,"ttG/ttC","snp"
1105,"G","C",8176,387,387,"L/F","missense_variant","133M","TGCCTGGTAGGGGAGAACCACTTGGTGAAGGTAGCTGATTTTGGCCTGAGCAGGTTCATGACAGGGGACACCTACACAGCCCATGCTGGAGCCAAGTTCCCCATCAAATGGACTGCACCCGAGAGCCTGGCCT","56G76",1,2,"ttG/ttC","snp"
1085,"A","C",8745,388,388,"M/L","missense_variant","133M","GAGATCTTGCTGCCCGAAACTGCCTGGTAGGGGAGAACCACTTGGTGAAGGTAGCTGATTTTGGCCTGAGCAGGTTGCTGACAGGGGACACCTACACAGCCCATGCTGGAGCCAAGTTCCCCATCAAATGGAC","77A55",1,3,"Atg/Ctg","snp"
1147,"A","C",6154,388,388,"M/L","missense_variant","133M","GGCCTGAGCAGGTTGCTGACAGGGGACACCTACACAGCCCATGCTGGAGCCAAGTTCCCCATCAAATGGACTGCACCCGAGAGCCTGGCCTACAACAAGTTCTCCATCAAGTCCGACGTCTGGGCATTTGGAG","15A117",1,3,"Atg/Ctg","snp"
1087,"A","C",8657,388,388,"M/L","missense_variant","133M","GATCTTGCTGCCCGAAACTGCCTGGTAGGGGAGAACCACTTGGTGAAGGTAGCTGATTTTGGCCTGAGCAGGTTGCTGACAGGGGACACCTACACAGCCCATGCTGGAGCCAAGTTCCCCATCAAATGGACTG","75A57",1,3,"Atg/Ctg","snp"
1087,"G","A",8657,388,388,"M/I","missense_variant","133M","GATCTTGCTGCCCGAAACTGCCTGGTAGGGGAGAACCACTTGGTGAAGGTAGCTGATTTTGGCCTGAGCAGGTTGATAACAGGGGACACCTACACAGCCCATGCTGGAGCCAAGTTCCCCATCAAATGGACTG","77G55",1,1,"atG/atA","snp"
1128,"G","T",7261,391,391,"D/Y","missense_variant","133M","GGTGAAGGTAGCTGATTTTGGCCTGAGCAGGTTGATGACAGGGTACACCTACACAGCCCATGCTGGAGCCAAGTTCCCCATCAAATGGACTGCACCCGAGAGCCTGGCCTACAACAAGTTCTCCATCAAGTCC","43G89",1,3,"Gac/Tac","snp"
1168,"G","T",5787,391,391,"D/Y","missense_variant","133M","GGGTACACCTACACAGCCCATGCTGGAGCCAAGTTCCCCATCAAATGGACTGCACCCGAGAGCCTGGCCTACAACAAGTTCTCCATCAAGTCCGACGTCTGGGCATTTGGAGTATTGCTTTGGGAAATTGCTA","3G129",1,3,"Gac/Tac","snp"
1124,"G","T",7434,391,391,"D/Y","missense_variant","133M","ACTTGGTGAAGGTAGCTGATTTTGGCCTGAGCAGGTTGATGACAGGGTACACCTACACAGCCCATGCTGGAGCCAAGTTCCCCATCAAATGGACTGCACCCGAGAGCCTGGCCTACAACAAGTTCTCCATCAA","47G85",1,3,"Gac/Tac","snp"
1067,"C","G",8928,396,396,"H/D","missense_variant","133M","AGAAAAACTTCATCCACAGAGATCTTGCTGCCCGAAACTGCCTGGTAGGGGAGAACCACTTGGTGAAGGTAGCTGATTTTGGCCTGAGCAGGTTGATGACAGGGGACACCTACACAGCCGATGCTGGAGCCAA","119C13",1,9,"Cat/Gat","snp"
1112,"C","G",8010,396,396,"H/D","missense_variant","133M","TAGGGGAGAACCACTTGGTGAAGGTAGCTGATTTTGGCCTGAGCAGGTTGATGACAGGGGACACCTACACAGCCGATGCTGGAGCCAAGTTCCCCATCAAATGGACTGCACCCGAGAGCCTGGCCTACAACAA","74C58",1,9,"Cat/Gat","snp"
1156,"C","G",5873,396,396,"H/D","missense_variant","133M","AGGTTGATGACAGGGGACACCTACACAGCCGATGCTGGAGCCAAGTTCCCCATCAAATGGACTGCACCCGAGAGCCTGGCCTACAACAAGTTCTCCATCAAGTCCGACGTCTGGGCATTTGGAGTATTGCTTT","30C102",1,9,"Cat/Gat","snp"
1119,"C","G",7703,396,396,"H/D","missense_variant","133M","GAACCACTTGGTGAAGGTAGCTGATTTTGGCCTGAGCAGGTTGATGACAGGGGACACCTACACAGCCGATGCTGGAGCCAAGTTCCCCATCAAATGGACTGCACCCGAGAGCCTGGCCTACAACAAGTTCTCC","67C65",1,9,"Cat/Gat","snp"
1157,"C","G",5890,396,396,"H/D","missense_variant","133M","GGTTGATGACAGGGGACACCTACACAGCCGATGCTGGAGCCAAGTTCCCCATCAAATGGACTGCACCCGAGAGCCTGGCCTACAACAAGTTCTCCATCAAGTCCGACGTCTGGGCATTTGGAGTATTGCTTTG","29C103",1,9,"Cat/Gat","snp"
1169,"C","G",5829,396,396,"H/D","missense_variant","133M","GGGACACCTACACAGCCGATGCTGGAGCCAAGTTCCCCATCAAATGGACTGCACCCGAGAGCCTGGCCTACAACAAGTTCTCCATCAAGTCCGACGTCTGGGCATTTGGAGTATTGCTTTGGGAAATTGCTAC","17C115",1,9,"Cat/Gat","snp"
1093,"C","G",8567,396,396,"H/D","missense_variant","133M","GCTGCCCGAAACTGCCTGGTAGGGGAGAACCACTTGGTGAAGGTAGCTGATTTTGGCCTGAGCAGGTTGATGACAGGGGACACCTACACAGCCGATGCTGGAGCCAAGTTCCCCATCAAATGGACTGCACCCG","93C39",1,9,"Cat/Gat","snp"
1174,"C","G",5860,396,396,"H/D","missense_variant","133M","ACCTACACAGCCGATGCTGGAGCCAAGTTCCCCATCAAATGGACTGCACCCGAGAGCCTGGCCTACAACAAGTTCTCCATCAAGTCCGACGTCTGGGCATTTGGAGTATTGCTTTGGGAAATTGCTACCTATG","12C120",1,9,"Cat/Gat","snp"
1106,"C","G",8133,396,396,"H/D","missense_variant","133M","GCCTGGTAGGGGAGAACCACTTGGTGAAGGTAGCTGATTTTGGCCTGAGCAGGTTGATGACAGGGGACACCTACACAGCCGATGCTGGAGCCAAGTTCCCCATCAAATGGACTGCACCCGAGAGCCTGGCCTA","80C52",1,9,"Cat/Gat","snp"
1108,"A","C",8131,396,396,"H/P","missense_variant","133M","CTGGTAGGGGAGAACCACTTGGTGAAGGTAGCTGATTTTGGCCTGAGCAGGTTGATGACAGGGGACACCTACACAGCCCCTGCTGGAGCCAAGTTCCCCATCAAATGGACTGCACCCGAGAGCCTGGCCTACA","79A53",1,18,"cAt/cCt","snp"
1146,"A","C",6168,396,396,"H/P","missense_variant","133M","TGGCCTGAGCAGGTTGATGACAGGGGACACCTACACAGCCCCTGCTGGAGCCAAGTTCCCCATCAAATGGACTGCACCCGAGAGCCTGGCCTACAACAAGTTCTCCATCAAGTCCGACGTCTGGGCATTTGGA","41A91",1,18,"cAt/cCt","snp"
1171,"A","C",5839,396,396,"H/P","missense_variant","133M","GACACCTACACAGCCCCTGCTGGAGCCAAGTTCCCCATCAAATGGACTGCACCCGAGAGCCTGGCCTACAACAAGTTCTCCATCAAGTCCGACGTCTGGGCATTTGGAGTATTGCTTTGGGAAATTGCTACCT","16A116",1,18,"cAt/cCt","snp"
1114,"A","C",7823,396,396,"H/P","missense_variant","133M","GGGGAGAACCACTTGGTGAAGGTAGCTGATTTTGGCCTGAGCAGGTTGATGACAGGGGACACCTACACAGCCCCTGCTGGAGCCAAGTTCCCCATCAAATGGACTGCACCCGAGAGCCTGGCCTACAACAAGT","73A59",1,18,"cAt/cCt","snp"
1084,"A","C",8824,396,396,"H/P","missense_variant","133M","AGAGATCTTGCTGCCCGAAACTGCCTGGTAGGGGAGAACCACTTGGTGAAGGTAGCTGATTTTGGCCTGAGCAGGTTGATGACAGGGGACACCTACACAGCCCCTGCTGGAGCCAAGTTCCCCATCAAATGGA","103A29",1,18,"cAt/cCt","snp"
1183,"A","C",5788,396,396,"H/P","missense_variant","133M","GCCCCTGCTGGAGCCAAGTTCCCCATCAAATGGACTGCACCCGAGAGCCTGGCCTACAACAAGTTCTCCATCAAGTCCGACGTCTGGGCATTTGGAGTATTGCTTTGGGAAATTGCTACCTATGGCATGTCCC","4A128",1,18,"cAt/cCt","snp"
1121,"A","C",7617,396,396,"H/P","missense_variant","133M","ACCACTTGGTGAAGGTAGCTGATTTTGGCCTGAGCAGGTTGATGACAGGGGACACCTACACAGCCCCTGCTGGAGCCAAGTTCCCCATCAAATGGACTGCACCCGAGAGCCTGGCCTACAACAAGTTCTCCAT","66A66",1,18,"cAt/cCt","snp"
1069,"A","C",8844,396,396,"H/P","missense_variant","133M","AAAAACTTCATCCACAGAGATCTTGCTGCCCGAAACTGCCTGGTAGGGGAGAACCACTTGGTGAAGGTAGCTGATTTTGGCCTGAGCAGGTTGATGACAGGGGACACCTACACAGCCCCTGCTGGAGCCAAGT","118A14",1,18,"cAt/cCt","snp"
1184,"A","C",5778,396,396,"H/P","missense_variant","133M","CCCCTGCTGGAGCCAAGTTCCCCATCAAATGGACTGCACCCGAGAGCCTGGCCTACAACAAGTTCTCCATCAAGTCCGACGTCTGGGCATTTGGAGTATTGCTTTGGGAAATTGCTACCTATGGCATGTCCCC","3A129",1,18,"cAt/cCt","snp"
1094,"A","C",8578,396,396,"H/P","missense_variant","133M","CTGCCCGAAACTGCCTGGTAGGGGAGAACCACTTGGTGAAGGTAGCTGATTTTGGCCTGAGCAGGTTGATGACAGGGGACACCTACACAGCCCCTGCTGGAGCCAAGTTCCCCATCAAATGGACTGCACCCGA","93A39",1,18,"cAt/cCt","snp"
1124,"A","C",7434,396,396,"H/P","missense_variant","133M","ACTTGGTGAAGGTAGCTGATTTTGGCCTGAGCAGGTTGATGACAGGGGACACCTACACAGCCCCTGCTGGAGCCAAGTTCCCCATCAAATGGACTGCACCCGAGAGCCTGGCCTACAACAAGTTCTCCATCAA","63A69",1,18,"cAt/cCt","snp"
1109,"A","C",8119,396,396,"H/P","missense_variant","133M","TGGTAGGGGAGAACCACTTGGTGAAGGTAGCTGATTTTGGCCTGAGCAGGTTGATGACAGGGGACACCTACACAGCCCCTGCTGGAGCCAAGTTCCCCATCAAATGGACTGCACCCGAGAGCCTGGCCTACAA","78A54",1,18,"cAt/cCt","snp"
1079,"A","C",8848,396,396,"H/P","missense_variant","133M","TCCACAGAGATCTTGCTGCCCGAAACTGCCTGGTAGGGGAGAACCACTTGGTGAAGGTAGCTGATTTTGGCCTGAGCAGGTTGATGACAGGGGACACCTACACAGCCCCTGCTGGAGCCAAGTTCCCCATCAA","108A24",1,18,"cAt/cCt","snp"
1139,"A","C",6664,396,396,"H/P","missense_variant","133M","CTGATTTTGGCCTGAGCAGGTTGATGACAGGGGACACCTACACAGCCCCTGCTGGAGCCAAGTTCCCCATCAAATGGACTGCACCCGAGAGCCTGGCCTACAACAAGTTCTCCATCAAGTCCGACGTCTGGGC","48A84",1,18,"cAt/cCt","snp"
1101,"A","C",8225,396,396,"H/P","missense_variant","133M","AAACTGCCTGGTAGGGGAGAACCACTTGGTGAAGGTAGCTGATTTTGGCCTGAGCAGGTTGATGACAGGGGACACCTACACAGCCCCTGCTGGAGCCAAGTTCCCCATCAAATGGACTGCACCCGAGAGCCTG","86A46",1,18,"cAt/cCt","snp"
1061,"A","C",9182,396,396,"H/P","missense_variant","133M","TGGAGAAGAAAAACTTCATCCACAGAGATCTTGCTGCCCGAAACTGCCTGGTAGGGGAGAACCACTTGGTGAAGGTAGCTGATTTTGGCCTGAGCAGGTTGATGACAGGGGACACCTACACAGCCCCTGCTGG","126A6",1,18,"cAt/cCt","snp"
1159,"A","C",5948,396,396,"H/P","missense_variant","133M","TTGATGACAGGGGACACCTACACAGCCCCTGCTGGAGCCAAGTTCCCCATCAAATGGACTGCACCCGAGAGCCTGGCCTACAACAAGTTCTCCATCAAGTCCGACGTCTGGGCATTTGGAGTATTGCTTTGGG","28A104",1,18,"cAt/cCt","snp"
1185,"A","C",5775,396,396,"H/P","missense_variant","133M","CCCTGCTGGAGCCAAGTTCCCCATCAAATGGACTGCACCCGAGAGCCTGGCCTACAACAAGTTCTCCATCAAGTCCGACGTCTGGGCATTTGGAGTATTGCTTTGGGAAATTGCTACCTATGGCATGTCCCCT","2A130",1,18,"cAt/cCt","snp"
1107,"G","C",8152,397,397,"A/P","missense_variant","133M","CCTGGTAGGGGAGAACCACTTGGTGAAGGTAGCTGATTTTGGCCTGAGCAGGTTGATGACAGGGGACACCTACACAGCCCATCCTGGAGCCAAGTTCCCCATCAAATGGACTGCACCCGAGAGCCTGGCCTAC","82G50",1,3,"Gct/Cct","snp"
1166,"G","C",5766,397,397,"A/P","missense_variant","133M","CAGGGGACACCTACACAGCCCATCCTGGAGCCAAGTTCCCCATCAAATGGACTGCACCCGAGAGCCTGGCCTACAACAAGTTCTCCATCAAGTCCGACGTCTGGGCATTTGGAGTATTGCTTTGGGAAATTGC","23G109",1,3,"Gct/Cct","snp"
1071,"G","C",8791,397,397,"A/P","missense_variant","133M","AAACTTCATCCACAGAGATCTTGCTGCCCGAAACTGCCTGGTAGGGGAGAACCACTTGGTGAAGGTAGCTGATTTTGGCCTGAGCAGGTTGATGACAGGGGACACCTACACAGCCCATCCTGGAGCCAAGTTC","118G14",1,3,"Gct/Cct","snp"
1133,"T","A",6941,401,401,"F/I","missense_variant","133M","AGGTAGCTGATTTTGGCCTGAGCAGGTTGATGACAGGGGACACCTACACAGCCCATGCTGGAGCCAAGATCCCCATCAAATGGACTGCACCCGAGAGCCTGGCCTACAACAAGTTCTCCATCAAGTCCGACGT","68T64",1,2,"Ttc/Atc","snp"
1077,"T","A",8781,401,401,"F/I","missense_variant","133M","CATCCACAGAGATCTTGCTGCCCGAAACTGCCTGGTAGGGGAGAACCACTTGGTGAAGGTAGCTGATTTTGGCCTGAGCAGGTTGATGACAGGGGACACCTACACAGCCCATGCTGGAGCCAAGATCCCCATC","124T8",1,2,"Ttc/Atc","snp"
1084,"C","T",8824,402,402,"P","synonymous_variant","133M","AGAGATCTTGCTGCCCGAAACTGCCTGGTAGGGGAGAACCACTTGGTGAAGGTAGCTGATTTTGGCCTGAGCAGGTTGATGACAGGGGACACCTACACAGCCCATGCTGGAGCCAAGTTCCCTATCAAATGGA","122C10",1,1,"ccC/ccT","snp"
1132,"A","G",6991,403,403,"I/V","missense_variant","133M","AAGGTAGCTGATTTTGGCCTGAGCAGGTTGATGACAGGGGACACCTACACAGCCCATGCTGGAGCCAAGTTCCCCGTCAAATGGACTGCACCCGAGAGCCTGGCCTACAACAAGTTCTCCATCAAGTCCGACG","75A57",1,1,"Atc/Gtc","snp"
1087,"A","C",8657,404,404,"K/N","missense_variant","133M","GATCTTGCTGCCCGAAACTGCCTGGTAGGGGAGAACCACTTGGTGAAGGTAGCTGATTTTGGCCTGAGCAGGTTGATGACAGGGGACACCTACACAGCCCATGCTGGAGCCAAGTTCCCCATCAACTGGACTG","125A7",1,11,"aaA/aaC","snp"
1116,"A","C",7778,404,404,"K/N","missense_variant","133M","GGAGAACCACTTGGTGAAGGTAGCTGATTTTGGCCTGAGCAGGTTGATGACAGGGGACACCTACACAGCCCATGCTGGAGCCAAGTTCCCCATCAACTGGACTGCACCCGAGAGCCTGGCCTACAACAAGTTC","96A36",1,11,"aaA/aaC","snp"
1188,"A","C",5672,404,404,"K/N","missense_variant","133M","TGCTGGAGCCAAGTTCCCCATCAACTGGACTGCACCCGAGAGCCTGGCCTACAACAAGTTCTCCATCAAGTCCGACGTCTGGGCATTTGGAGTATTGCTTTGGGAAATTGCTACCTATGGCATGTCCCCTTAC","24A108",1,11,"aaA/aaC","snp"
1104,"A","C",8194,404,404,"K/N","missense_variant","132M","CTGCCTGGTAGGGGAGAACCACTTGGTGAAGGTAGCTGATTTTGGCCTGAGCAGGTTGATGACAGGGGACACCTACACAGCCCATGCTGGAGCCAAGTTCCCCATCAACTGGACTGCACCCGAGAGCCTGGC","108A23",1,11,"aaA/aaC","snp"
1173,"A","C",5853,404,404,"K/N","missense_variant","133M","CACCTACACAGCCCATGCTGGAGCCAAGTTCCCCATCAACTGGACTGCACCCGAGAGCCTGGCCTACAACAAGTTCTCCATCAAGTCCGACGTCTGGGCATTTGGAGTATTGCTTTGGGAAATTGCTACCTAT","39A93",1,11,"aaA/aaC","snp"
1149,"A","C",6166,404,404,"K/N","missense_variant","133M","CCTGAGCAGGTTGATGACAGGGGACACCTACACAGCCCATGCTGGAGCCAAGTTCCCCATCAACTGGACTGCACCCGAGAGCCTGGCCTACAACAAGTTCTCCATCAAGTCCGACGTCTGGGCATTTGGAGTA","63A69",1,11,"aaA/aaC","snp"
1152,"A","C",5988,404,404,"K/N","missense_variant","133M","GAGCAGGTTGATGACAGGGGACACCTACACAGCCCATGCTGGAGCCAAGTTCCCCATCAACTGGACTGCACCCGAGAGCCTGGCCTACAACAAGTTCTCCATCAAGTCCGACGTCTGGGCATTTGGAGTATTG","60A72",1,11,"aaA/aaC","snp"
1194,"A","C",5671,404,404,"K/N","missense_variant","133M","AGCCAAGTTCCCCATCAACTGGACTGCACCCGAGAGCCTGGCCTACAACAAGTTCTCCATCAAGTCCGACGTCTGGGCATTTGGAGTATTGCTTTGGGAAATTGCTACCTATGGCATGTCCCCTTACCCGGGA","18A114",1,11,"aaA/aaC","snp"
1125,"A","C",7404,404,404,"K/N","missense_variant","133M","CTTGGTGAAGGTAGCTGATTTTGGCCTGAGCAGGTTGATGACAGGGGACACCTACACAGCCCATGCTGGAGCCAAGTTCCCCATCAACTGGACTGCACCCGAGAGCCTGGCCTACAACAAGTTCTCCATCAAG","87A45",1,11,"aaA/aaC","snp"
1117,"A","C",7759,404,404,"K/N","missense_variant","133M","GAGAACCACTTGGTGAAGGTAGCTGATTTTGGCCTGAGCAGGTTGATGACAGGGGACACCTACACAGCCCATGCTGGAGCCAAGTTCCCCATCAACTGGACTGCACCCGAGAGCCTGGCCTACAACAAGTTCT","95A37",1,11,"aaA/aaC","snp"
1112,"A","C",8010,404,404,"K/N","missense_variant","133M","TAGGGGAGAACCACTTGGTGAAGGTAGCTGATTTTGGCCTGAGCAGGTTGATGACAGGGGACACCTACACAGCCCATGCTGGAGCCAAGTTCCCCATCAACTGGACTGCACCCGAGAGCCTGGCCTACAACAA","100A32",1,11,"aaA/aaC","snp"
1163,"A","G",5770,406,406,"T/A","missense_variant","133M","TGACAGGGGACACCTACACAGCCCATGCTGGAGCCAAGTTCCCCATCAAATGGGCTGCACCCGAGAGCCTGGCCTACAACAAGTTCTCCATCAAGTCCGACGTCTGGGCATTTGGAGTATTGCTTTGGGAAAT","53A79",1,1,"Act/Gct","snp"
1227,"G","T",5589,410,410,"S/I","missense_variant","133M","GATCCTGGCCTACAACAAGTTCTCCATCAAGTCCGACGTCTGGGCATTTGGAGTATTGCTTTGGGAAATTGCTACCTATGGCATGTCCCCTTACCCGGGAATTGACCTGTCCCAGGTGTATGAGCTGCTAGAG","2G130",1,1,"aGc/aTc","snp"
1176,"T","C",5826,411,411,"L/P","missense_variant","133M","CTACACAGCCCATGCTGGAGCCAAGTTCCCCATCAAATGGACTGCACCCGAGAGCCCGGCCTACAACAAGTTCTCCATCAAGTCCGACGTCTGGGCATTTGGAGTATTGCTTTGGGAAATTGCTACCTATGGC","56T76",1,1,"cTg/cCg","snp"
1145,"G","A",6240,412,412,"A/T","missense_variant","133M","TTGGCCTGAGCAGGTTGATGACAGGGGACACCTACACAGCCCATGCTGGAGCCAAGTTCCCCATCAAATGGACTGCACCCGAGAGCCTGACCTACAACAAGTTCTCCATCAAGTCCGACGTCTGGGCATTTGG","89G43",1,1,"Gcc/Acc","snp"
1237,"A","T",5749,414,414,"N/Y","missense_variant","133M","TACTACAAGTTCTCCATCAAGTCCGACGTCTGGGCATTTGGAGTATTGCTTTGGGAAATTGCTACCTATGGCATGTCCCCTTACCCGGGAATTGACCTGTCCCAGGTGTATGAGCTGCTAGAGAAGGACTACC","3A129",1,1,"Aac/Tac","snp"
1204,"A","T",5660,415,415,"K/M","missense_variant","133M","CCCATCAAATGGACTGCACCCGAGAGCCTGGCCTACAACATGTTCTCCATCAAGTCCGACGTCTGGGCATTTGGAGTATTGCTTTGGGAAATTGCTACCTATGGCATGTCCCCTTACCCGGGAATTGACCTGT","40A92",1,2,"aAg/aTg","snp"
1188,"A","T",5672,415,415,"K/M","missense_variant","133M","TGCTGGAGCCAAGTTCCCCATCAAATGGACTGCACCCGAGAGCCTGGCCTACAACATGTTCTCCATCAAGTCCGACGTCTGGGCATTTGGAGTATTGCTTTGGGAAATTGCTACCTATGGCATGTCCCCTTAC","56A76",1,2,"aAg/aTg","snp"
1187,"T","A",5706,417,417,"S/T","missense_variant","133M","ATGCTGGAGCCAAGTTCCCCATCAAATGGACTGCACCCGAGAGCCTGGCCTACAACAAGTTCACCATCAAGTCCGACGTCTGGGCATTTGGAGTATTGCTTTGGGAAATTGCTACCTATGGCATGTCCCCTTA","62T70",1,4,"Tcc/Acc","snp"
1173,"T","A",5853,417,417,"S/T","missense_variant","133M","CACCTACACAGCCCATGCTGGAGCCAAGTTCCCCATCAAATGGACTGCACCCGAGAGCCTGGCCTACAACAAGTTCACCATCAAGTCCGACGTCTGGGCATTTGGAGTATTGCTTTGGGAAATTGCTACCTAT","76T56",1,4,"Tcc/Acc","snp"
1247,"T","A",6036,417,417,"S/T","missense_variant","133M","TCACCATCAAGTCCGACGTCTGGGCATTTGGAGTATTGCTTTGGGAAATTGCTACCTATGGCATGTCCCCTTACCCGGGAATTGACCTGTCCCAGGTGTATGAGCTGCTAGAGAAGGACTACCGCATGGAGCG","2T130",1,4,"Tcc/Acc","snp"
1168,"T","A",5787,417,417,"S/T","missense_variant","133M","GGGGACACCTACACAGCCCATGCTGGAGCCAAGTTCCCCATCAAATGGACTGCACCCGAGAGCCTGGCCTACAACAAGTTCACCATCAAGTCCGACGTCTGGGCATTTGGAGTATTGCTTTGGGAAATTGCTA","81T51",1,4,"Tcc/Acc","snp"
1242,"C","G",5774,417,417,"S/C","missense_variant","133M","CAAGTTCTGCATCAAGTCCGACGTCTGGGCATTTGGAGTATTGCTTTGGGAAATTGCTACCTATGGCATGTCCCCTTACCCGGGAATTGACCTGTCCCAGGTGTATGAGCTGCTAGAGAAGGACTACCGCATG","8C124",1,4,"tCc/tGc","snp"
1236,"C","G",5766,417,417,"S/C","missense_variant","133M","CTACAACAAGTTCTGCATCAAGTCCGACGTCTGGGCATTTGGAGTATTGCTTTGGGAAATTGCTACCTATGGCATGTCCCCTTACCCGGGAATTGACCTGTCCCAGGTGTATGAGCTGCTAGAGAAGGACTAC","14C118",1,4,"tCc/tGc","snp"
1151,"C","G",6046,417,417,"S/C","missense_variant","133M","TGAGCAGGTTGATGACAGGGGACACCTACACAGCCCATGCTGGAGCCAAGTTCCCCATCAAATGGACTGCACCCGAGAGCCTGGCCTACAACAAGTTCTGCATCAAGTCCGACGTCTGGGCATTTGGAGTATT","99C33",1,4,"tCc/tGc","snp"
1239,"C","G",5784,417,417,"S/C","missense_variant","133M","CAACAAGTTCTGCATCAAGTCCGACGTCTGGGCATTTGGAGTATTGCTTTGGGAAATTGCTACCTATGGCATGTCCCCTTACCCGGGAATTGACCTGTCCCAGGTGTATGAGCTGCTAGAGAAGGACTACCGC","11C121",1,4,"tCc/tGc","snp"
1190,"C","T",5754,417,417,"S/F","missense_variant","133M","CTGGAGCCAAGTTCCCCATCAAATGGACTGCACCCGAGAGCCTGGCCTACAACAAGTTCTTCATCAAGTCCGACGTCTGGGCATTTGGAGTATTGCTTTGGGAAATTGCTACCTATGGCATGTCCCCTTACCC","60C72",1,2,"tCc/tTc","snp"
1204,"C","T",5660,417,417,"S/F","missense_variant","133M","CCCATCAAATGGACTGCACCCGAGAGCCTGGCCTACAACAAGTTCTTCATCAAGTCCGACGTCTGGGCATTTGGAGTATTGCTTTGGGAAATTGCTACCTATGGCATGTCCCCTTACCCGGGAATTGACCTGT","46C86",1,2,"tCc/tTc","snp"
1187,"A","T",5706,419,419,"K/M","missense_variant","133M","ATGCTGGAGCCAAGTTCCCCATCAAATGGACTGCACCCGAGAGCCTGGCCTACAACAAGTTCTCCATCATGTCCGACGTCTGGGCATTTGGAGTATTGCTTTGGGAAATTGCTACCTATGGCATGTCCCCTTA","69A63",1,2,"aAg/aTg","snp"
1126,"A","T",7330,419,419,"K/M","missense_variant","133M","TTGGTGAAGGTAGCTGATTTTGGCCTGAGCAGGTTGATGACAGGGGACACCTACACAGCCCATGCTGGAGCCAAGTTCCCCATCAAATGGACTGCACCCGAGAGCCTGGCCTACAACAAGTTCTCCATCATGT","130A2",1,2,"aAg/aTg","snp"
1237,"T","A",5749,420,420,"S/T","missense_variant","133M","TACAACAAGTTCTCCATCAAGACCGACGTCTGGGCATTTGGAGTATTGCTTTGGGAAATTGCTACCTATGGCATGTCCCCTTACCCGGGAATTGACCTGTCCCAGGTGTATGAGCTGCTAGAGAAGGACTACC","21T111",1,7,"Tcc/Acc","snp"
1215,"T","A",5560,420,420,"S/T","missense_variant","133M","GACTGCACCCGAGAGCCTGGCCTACAACAAGTTCTCCATCAAGACCGACGTCTGGGCATTTGGAGTATTGCTTTGGGAAATTGCTACCTATGGCATGTCCCCTTACCCGGGAATTGACCTGTCCCAGGTGTAT","43T89",1,7,"Tcc/Acc","snp"
1214,"T","A",5536,420,420,"S/T","missense_variant","133M","GGACTGCACCCGAGAGCCTGGCCTACAACAAGTTCTCCATCAAGACCGACGTCTGGGCATTTGGAGTATTGCTTTGGGAAATTGCTACCTATGGCATGTCCCCTTACCCGGGAATTGACCTGTCCCAGGTGTA","44T88",1,7,"Tcc/Acc","snp"
1130,"T","A",7162,420,420,"S/T","missense_variant","133M","TGAAGGTAGCTGATTTTGGCCTGAGCAGGTTGATGACAGGGGACACCTACACAGCCCATGCTGGAGCCAAGTTCCCCATCAAATGGACTGCACCCGAGAGCCTGGCCTACAACAAGTTCTCCATCAAGACCGA","128T4",1,7,"Tcc/Acc","snp"
1195,"T","A",5662,420,420,"S/T","missense_variant","133M","GCCAAGTTCCCCATCAAATGGACTGCACCCGAGAGCCTGGCCTACAACAAGTTCTCCATCAAGACCGACGTCTGGGCATTTGGAGTATTGCTTTGGGAAATTGCTACCTATGGCATGTCCCCTTACCCGGGAA","63T69",1,7,"Tcc/Acc","snp"
1233,"T","A",5711,420,420,"S/T","missense_variant","133M","GGCCTACAACAAGTTCTCCATCAAGACCGACGTCTGGGCATTTGGAGTATTGCTTTGGGAAATTGCTACCTATGGCATGTCCCCTTACCCGGGAATTGACCTGTCCCAGGTGTATGAGCTGCTAGAGAAGGAC","25T107",1,7,"Tcc/Acc","snp"
1166,"T","A",5766,420,420,"S/T","missense_variant","133M","CAGGGGACACCTACACAGCCCATGCTGGAGCCAAGTTCCCCATCAAATGGACTGCACCCGAGAGCCTGGCCTACAACAAGTTCTCCATCAAGACCGACGTCTGGGCATTTGGAGTATTGCTTTGGGAAATTGC","92T40",1,7,"Tcc/Acc","snp"
1253,"G","A",6225,422,422,"V/I","missense_variant","133M","TCAAGTCCGACATCTGGGCATTTGGAGTATTGCTTTGGGAAATTGCTACCTATGGCATGTCCCCTTACCCGGGAATTGACCTGTCCCAGGTGTATGAGCTGCTAGAGAAGGACTACCGCATGGAGCGCCCAGA","11G121",1,14,"Gtc/Atc","snp"
1213,"G","A",5533,422,422,"V/I","missense_variant","133M","TGGACTGCACCCGAGAGCCTGGCCTACAACAAGTTCTCCATCAAGTCCGACATCTGGGCATTTGGAGTATTGCTTTGGGAAATTGCTACCTATGGCATGTCCCCTTACCCGGGAATTGACCTGTCCCAGGTGT","51G81",1,14,"Gtc/Atc","snp"
1206,"G","A",5672,422,422,"V/I","missense_variant","133M","CATCAAATGGACTGCACCCGAGAGCCTGGCCTACAACAAGTTCTCCATCAAGTCCGACATCTGGGCATTTGGAGTATTGCTTTGGGAAATTGCTACCTATGGCATGTCCCCTTACCCGGGAATTGACCTGTCC","58G74",1,14,"Gtc/Atc","snp"
1204,"G","A",5660,422,422,"V/I","missense_variant","133M","CCCATCAAATGGACTGCACCCGAGAGCCTGGCCTACAACAAGTTCTCCATCAAGTCCGACATCTGGGCATTTGGAGTATTGCTTTGGGAAATTGCTACCTATGGCATGTCCCCTTACCCGGGAATTGACCTGT","60G72",1,14,"Gtc/Atc","snp"
1172,"G","A",5837,422,422,"V/I","missense_variant","133M","ACACCTACACAGCCCATGCTGGAGCCAAGTTCCCCATCAAATGGACTGCACCCGAGAGCCTGGCCTACAACAAGTTCTCCATCAAGTCCGACATCTGGGCATTTGGAGTATTGCTTTGGGAAATTGCTACCTA","92G40",1,14,"Gtc/Atc","snp"
1262,"G","A",6463,422,422,"V/I","missense_variant","133M","ACATCTGGGCATTTGGAGTATTGCTTTGGGAAATTGCTACCTATGGCATGTCCCCTTACCCGGGAATTGACCTGTCCCAGGTGTATGAGCTGCTAGAGAAGGACTACCGCATGGAGCGCCCAGAAGGCTGCCC","2G130",1,14,"Gtc/Atc","snp"
1189,"G","A",5678,422,422,"V/I","missense_variant","133M","GCTGGAGCCAAGTTCCCCATCAAATGGACTGCACCCGAGAGCCTGGCCTACAACAAGTTCTCCATCAAGTCCGACATCTGGGCATTTGGAGTATTGCTTTGGGAAATTGCTACCTATGGCATGTCCCCTTACC","75G57",1,14,"Gtc/Atc","snp"
1242,"G","A",5774,422,422,"V/I","missense_variant","133M","CAAGTTCTCCATCAAGTCCGACATCTGGGCATTTGGAGTATTGCTTTGGGAAATTGCTACCTATGGCATGTCCCCTTACCCGGGAATTGACCTGTCCCAGGTGTATGAGCTGCTAGAGAAGGACTACCGCATG","22G110",1,14,"Gtc/Atc","snp"
1249,"G","A",6104,422,422,"V/I","missense_variant","133M","TCCATCAAGTCCGACATCTGGGCATTTGGAGTATTGCTTTGGGAAATTGCTACCTATGGCATGTCCCCTTACCCGGGAATTGACCTGTCCCAGGTGTATGAGCTGCTAGAGAAGGACTACCGCATGGAGCGCC","15G117",1,14,"Gtc/Atc","snp"
1205,"G","A",5657,422,422,"V/I","missense_variant","133M","CCATCAAATGGACTGCACCCGAGAGCCTGGCCTACAACAAGTTCTCCATCAAGTCCGACATCTGGGCATTTGGAGTATTGCTTTGGGAAATTGCTACCTATGGCATGTCCCCTTACCCGGGAATTGACCTGTC","59G73",1,14,"Gtc/Atc","snp"
1148,"G","A",6185,422,422,"V/I","missense_variant","133M","GCCTGAGCAGGTTGATGACAGGGGACACCTACACAGCCCATGCTGGAGCCAAGTTCCCCATCAAATGGACTGCACCCGAGAGCCTGGCCTACAACAAGTTCTCCATCAAGTCCGACATCTGGGCATTTGGAGT","116G16",1,14,"Gtc/Atc","snp"
1174,"G","A",5860,422,422,"V/I","missense_variant","133M","ACCTACACAGCCCATGCTGGAGCCAAGTTCCCCATCAAATGGACTGCACCCGAGAGCCTGGCCTACAACAAGTTCTCCATCAAGTCCGACATCTGGGCATTTGGAGTATTGCTTTGGGAAATTGCTACCTATG","90G42",1,14,"Gtc/Atc","snp"
1220,"G","A",5643,422,422,"V/I","missense_variant","133M","CACCCGAGAGCCTGGCCTACAACAAGTTCTCCATCAAGTCCGACATCTGGGCATTTGGAGTATTGCTTTGGGAAATTGCTACCTATGGCATGTCCCCTTACCCGGGAATTGACCTGTCCCAGGTGTATGAGCT","44G88",1,14,"Gtc/Atc","snp"
1214,"G","A",5536,422,422,"V/I","missense_variant","133M","GGACTGCACCCGAGAGCCTGGCCTACAACAAGTTCTCCATCAAGTCCGACATCTGGGCATTTGGAGTATTGCTTTGGGAAATTGCTACCTATGGCATGTCCCCTTACCCGGGAATTGACCTGTCCCAGGTGTA","50G82",1,14,"Gtc/Atc","snp"
1190,"C","T",5754,422,422,"V","synonymous_variant","133M","CTGGAGCCAAGTTCCCCATCAAATGGACTGCACCCGAGAGCCTGGCCTACAACAAGTTCTCCATCAAGTCCGACGTTTGGGCATTTGGAGTATTGCTTTGGGAAATTGCTACCTATGGCATGTCCCCTTACCC","76C56",1,4,"gtC/gtT","snp"
1235,"C","T",5764,422,422,"V","synonymous_variant","133M","CCTACAACAAGTTCTCCATCAAGTCCGACGTTTGGGCATTTGGAGTATTGCTTTGGGAAATTGCTACCTATGGCATGTCCCCTTACCCGGGAATTGACCTGTCCCAGGTGTATGAGCTGCTAGAGAAGGACTA","31C101",1,4,"gtC/gtT","snp"
1206,"C","T",5672,422,422,"V","synonymous_variant","132M","CATCAAATGGACTGCACCCGAGAGCCTGGCCTACAACAAGTTCTCCATCAAGTCCGACGTTTGGGCATTTGGAGTATTGCTTTGGGAAATTGCTACCTATGGCATGTCCCCTTACCCGGGAATTGACCTGTC","60C71",1,4,"gtC/gtT","snp"
1147,"C","T",6154,422,422,"V","synonymous_variant","133M","GGCCTGAGCAGGTTGATGACAGGGGACACCTACACAGCCCATGCTGGAGCCAAGTTCCCCATCAAATGGACTGCACCCGAGAGCCTGGCCTACAACAAGTTCTCCATCAAGTCCGACGTTTGGGCATTTGGAG","119C13",1,4,"gtC/gtT","snp"
1220,"T","C",5643,425,425,"F/L","missense_variant","133M","CACCCGAGAGCCTGGCCTACAACAAGTTCTCCATCAAGTCCGACGTCTGGGCACTTGGAGTATTGCTTTGGGAAATTGCTACCTATGGCATGTCCCCTTACCCGGGAATTGACCTGTCCCAGGTGTATGAGCT","53T79",1,1,"Ttt/Ctt","snp"
1203,"G","A",5661,427,427,"V/I","missense_variant","133M","CCCCATCAAATGGACTGCACCCGAGAGCCTGGCCTACAACAAGTTCTCCATCAAGTCCGACGTCTGGGCATTTGGAATATTGCTTTGGGAAATTGCTACCTATGGCATGTCCCCTTACCCGGGAATTGACCTG","76G56",1,3,"Gta/Ata","snp"
1191,"G","A",5719,427,427,"V/I","missense_variant","133M","TGGAGCCAAGTTCCCCATCAAATGGACTGCACCCGAGAGCCTGGCCTACAACAAGTTCTCCATCAAGTCCGACGTCTGGGCATTTGGAATATTGCTTTGGGAAATTGCTACCTATGGCATGTCCCCTTACCCG","88G44",1,3,"Gta/Ata","snp"
1154,"G","A",5931,427,427,"V/I","missense_variant","133M","GCAGGTTGATGACAGGGGACACCTACACAGCCCATGCTGGAGCCAAGTTCCCCATCAAATGGACTGCACCCGAGAGCCTGGCCTACAACAAGTTCTCCATCAAGTCCGACGTCTGGGCATTTGGAATATTGCT","125G7",1,3,"Gta/Ata","snp"
1169,"A","G",5829,431,431,"E/G","missense_variant","133M","GGGACACCTACACAGCCCATGCTGGAGCCAAGTTCCCCATCAAATGGACTGCACCCGAGAGCCTGGCCTACAACAAGTTCTCCATCAAGTCCGACGTCTGGGCATTTGGAGTATTGCTTTGGGGAATTGCTAC","123A9",1,1,"gAa/gGa","snp"
1237,"G","A",5749,433,433,"A/T","missense_variant","133M","TACAACAAGTTCTCCATCAAGTCCGACGTCTGGGCATTTGGAGTATTGCTTTGGGAAATTACTACCTATGGCATGTCCCCTTACCCGGGAATTGACCTGTCCCAGGTGTATGAGCTGCTAGAGAAGGACTACC","60G72",1,4,"Gct/Act","snp"
1259,"G","A",6386,433,433,"A/T","missense_variant","133M","CCGACGTCTGGGCATTTGGAGTATTGCTTTGGGAAATTACTACCTATGGCATGTCCCCTTACCCGGGAATTGACCTGTCCCAGGTGTATGAGCTGCTAGAGAAGGACTACCGCATGGAGCGCCCAGAAGGCTG","38G94",1,4,"Gct/Act","snp"
1242,"G","A",5774,433,433,"A/T","missense_variant","133M","CAAGTTCTCCATCAAGTCCGACGTCTGGGCATTTGGAGTATTGCTTTGGGAAATTACTACCTATGGCATGTCCCCTTACCCGGGAATTGACCTGTCCCAGGTGTATGAGCTGCTAGAGAAGGACTACCGCATG","55G77",1,4,"Gct/Act","snp"
1246,"G","A",5991,433,433,"A/T","missense_variant","133M","TTCTCCATCAAGTCCGACGTCTGGGCATTTGGAGTATTGCTTTGGGAAATTACTACCTATGGCATGTCCCCTTACCCGGGAATTGACCTGTCCCAGGTGTATGAGCTGCTAGAGAAGGACTACCGCATGGAGC","51G81",1,4,"Gct/Act","snp"
1263,"C","A",6480,433,433,"A/D","missense_variant","133M","CGTCTGGGCATTTGGAGTATTGCTTTGGGAAATTGATACCTATGGCATGTCCCCTTACCCGGGAATTGACCTGTCCCAGGTGTATGAGCTGCTAGAGAAGGACTACCGCATGGAGCGCCCAGAAGGCTGCCCA","35C97",1,23,"gCt/gAt","snp"
1265,"C","A",6587,433,433,"A/D","missense_variant","133M","TCTGGGCATTTGGAGTATTGCTTTGGGAAATTGATACCTATGGCATGTCCCCTTACCCGGGAATTGACCTGTCCCAGGTGTATGAGCTGCTAGAGAAGGACTACCGCATGGAGCGCCCAGAAGGCTGCCCAGA","33C99",1,23,"gCt/gAt","snp"
1240,"C","A",5804,433,433,"A/D","missense_variant","133M","AACAAGTTCTCCATCAAGTCCGACGTCTGGGCATTTGGAGTATTGCTTTGGGAAATTGATACCTATGGCATGTCCCCTTACCCGGGAATTGACCTGTCCCAGGTGTATGAGCTGCTAGAGAAGGACTACCGCA","58C74",1,23,"gCt/gAt","snp"
1205,"C","A",5657,433,433,"A/D","missense_variant","133M","CCATCAAATGGACTGCACCCGAGAGCCTGGCCTACAACAAGTTCTCCATCAAGTCCGACGTCTGGGCATTTGGAGTATTGCTTTGGGAAATTGATACCTATGGCATGTCCCCTTACCCGGGAATTGACCTGTC","93C39",1,23,"gCt/gAt","snp"
1292,"C","A",7355,433,433,"A/D","missense_variant","133M","AAATTGATACCTATGGCATGTCCCCTTACCCGGGAATTGACCTGTCCCAGGTGTATGAGCTGCTAGAGAAGGACTACCGCATGGAGCGCCCAGAAGGCTGCCCAGAGAAGGTCTATGAACTCATGCGAGCATG","6C126",1,23,"gCt/gAt","snp"
1285,"C","A",7193,433,433,"A/D","missense_variant","133M","CTTTGGGAAATTGATACCTATGGCATGTCCCCTTACCCGGGAATTGACCTGTCCCAGGTGTATGAGCTGCTAGAGAAGGACTACCGCATGGAGCGCCCAGAAGGCTGCCCAGAGAAGGTCTATGAACTCATGC","13C119",1,23,"gCt/gAt","snp"
1268,"C","A",6686,433,433,"A/D","missense_variant","133M","GGGCATTTGGAGTATTGCTTTGGGAAATTGATACCTATGGCATGTCCCCTTACCCGGGAATTGACCTGTCCCAGGTGTATGAGCTGCTAGAGAAGGACTACCGCATGGAGCGCCCAGAAGGCTGCCCAGAGAA","30C102",1,23,"gCt/gAt","snp"
1216,"C","A",5589,433,433,"A/D","missense_variant","133M","ACTGCACCCGAGAGCCTGGCCTACAACAAGTTCTCCATCAAGTCCGACGTCTGGGCATTTGGAGTATTGCTTTGGGAAATTGATACCTATGGCATGTCCCCTTACCCGGGAATTGACCTGTCCCAGGTGTATG","82C50",1,23,"gCt/gAt","snp"
1192,"C","A",5663,433,433,"A/D","missense_variant","133M","GGAGCCAAGTTCCCCATCAAATGGACTGCACCCGAGAGCCTGGCCTACAACAAGTTCTCCATCAAGTCCGACGTCTGGGCATTTGGAGTATTGCTTTGGGAAATTGATACCTATGGCATGTCCCCTTACCCGG","106C26",1,23,"gCt/gAt","snp"
1234,"C","A",5738,433,433,"A/D","missense_variant","133M","GCCTACAACAAGTTCTCCATCAAGTCCGACGTCTGGGCATTTGGAGTATTGCTTTGGGAAATTGATACCTATGGCATGTCCCCTTACCCGGGAATTGACCTGTCCCAGGTGTATGAGCTGCTAGAGAAGGACT","64C68",1,23,"gCt/gAt","snp"
1188,"C","A",5672,433,433,"A/D","missense_variant","133M","TGCTGGAGCCAAGTTCCCCATCAAATGGACTGCACCCGAGAGCCTGGCCTACAACAAGTTCTCCATCAAGTCCGACGTCTGGGCATTTGGAGTATTGCTTTGGGAAATTGATACCTATGGCATGTCCCCTTAC","110C22",1,23,"gCt/gAt","snp"
1182,"C","A",5778,433,433,"A/D","missense_variant","133M","AGCCCATGCTGGAGCCAAGTTCCCCATCAAATGGACTGCACCCGAGAGCCTGGCCTACAACAAGTTCTCCATCAAGTCCGACGTCTGGGCATTTGGAGTATTGCTTTGGGAAATTGATACCTATGGCATGTCC","116C16",1,23,"gCt/gAt","snp"
1262,"C","A",6463,433,433,"A/D","missense_variant","133M","ACGTCTGGGCATTTGGAGTATTGCTTTGGGAAATTGATACCTATGGCATGTCCCCTTACCCGGGAATTGACCTGTCCCAGGTGTATGAGCTGCTAGAGAAGGACTACCGCATGGAGCGCCCAGAAGGCTGCCC","36C96",1,23,"gCt/gAt","snp"
1291,"C","A",7355,433,433,"A/D","missense_variant","133M","GAAATTGATACCTATGGCATGTCCCCTTACCCGGGAATTGACCTGTCCCAGGTGTATGAGCTGCTAGAGAAGGACTACCGCATGGAGCGCCCAGAAGGCTGCCCAGAGAAGGTCTATGAACTCATGCGAGCAT","7C125",1,23,"gCt/gAt","snp"
1217,"C","A",5599,433,433,"A/D","missense_variant","133M","CTGCACCCGAGAGCCTGGCCTACAACAAGTTCTCCATCAAGTCCGACGTCTGGGCATTTGGAGTATTGCTTTGGGAAATTGATACCTATGGCATGTCCCCTTACCCGGGAATTGACCTGTCCCAGGTGTATGA","81C51",1,23,"gCt/gAt","snp"
1226,"C","A",5594,433,433,"A/D","missense_variant","133M","AGAGCCTGGCCTACAACAAGTTCTCCATCAAGTCCGACGTCTGGGCATTTGGAGTATTGCTTTGGGAAATTGATACCTATGGCATGTCCCCTTACCCGGGAATTGACCTGTCCCAGGTGTATGAGCTGCTAGA","72C60",1,23,"gCt/gAt","snp"
1263,"C","A",6480,433,433,"A/D","missense_variant","133M","CGTCTGGGCATTTGGAGTATTGCTTTGGGAAATTGATACCTATGGCATGTCCCCTTACCCGGGAATTGACCTGTCCCAGGTGTATGAGCTGCTAGAGAAGGACTACCGCATGGAGCGCCCAGAAGGCTGCCCA","35C97",1,23,"gCt/gAt","snp"
1204,"C","A",5660,433,433,"A/D","missense_variant","133M","CCCATCAAATGGACTGCACCCGAGAGCCTGGCCTACAACAAGTTCTCCATCAAGTCCGACGTCTGGGCATTTGGAGTATTGCTTTGGGAAATTGATACCTATGGCATGTCCCCTTACCCGGGAATTGACCTGT","94C38",1,23,"gCt/gAt","snp"
1239,"C","A",5784,433,433,"A/D","missense_variant","133M","CAACAAGTTCTCCATCAAGTCCGACGTCTGGGCATTTGGAGTATTGCTTTGGGAAATTGATACCTATGGCATGTCCCCTTACCCGGGAATTGACCTGTCCCAGGTGTATGAGCTGCTAGAGAAGGACTACCGC","59C73",1,23,"gCt/gAt","snp"
1241,"C","A",5779,433,433,"A/D","missense_variant","133M","ACAAGTTCTCCATCAAGTCCGACGTCTGGGCATTTGGAGTATTGCTTTGGGAAATTGATACCTATGGCATGTCCCCTTACCCGGGAATTGACCTGTCCCAGGTGTATGAGCTGCTAGAGAAGGACTACCGCAT","57C75",1,23,"gCt/gAt","snp"
1219,"C","A",5600,433,433,"A/D","missense_variant","133M","GCACCCGAGAGCCTGGCCTACAACAAGTTCTCCATCAAGTCCGACGTCTGGGCATTTGGAGTATTGCTTTGGGAAATTGATACCTATGGCATGTCCCCTTACCCGGGAATTGACCTGTCCCAGGTGTATGAGC","79C53",1,23,"gCt/gAt","snp"
1254,"C","A",6226,433,433,"A/D","missense_variant","133M","CAAGTCCGACGTCTGGGCATTTGGAGTATTGCTTTGGGAAATTGATACCTATGGCATGTCCCCTTACCCGGGAATTGACCTGTCCCAGGTGTATGAGCTGCTAGAGAAGGACTACCGCATGGAGCGCCCAGAA","44C88",1,23,"gCt/gAt","snp"
1286,"C","A",7231,433,433,"A/D","missense_variant","133M","TTTGGGAAATTGATACCTATGGCATGTCCCCTTACCCGGGAATTGACCTGTCCCAGGTGTATGAGCTGCTAGAGAAGGACTACCGCATGGAGCGCCCAGAAGGCTGCCCAGAGAAGGTCTATGAACTCATGCG","12C120",1,23,"gCt/gAt","snp"
1268,"C","T",6686,433,433,"A/V","missense_variant","133M","GGGCATTTGGAGTATTGCTTTGGGAAATTGTTACCTATGGCATGTCCCCTTACCCGGGAATTGACCTGTCCCAGGTGTATGAGCTGCTAGAGAAGGACTACCGCATGGAGCGCCCAGAAGGCTGCCCAGAGAA","30C102",1,1,"gCt/gTt","snp"
1211,"A","G",5595,434,434,"T/A","missense_variant","133M","AATGGACTGCACCCGAGAGCCTGGCCTACAACAAGTTCTCCATCAAGTCCGACGTCTGGGCATTTGGAGTATTGCTTTGGGAAATTGCTGCCTATGGCATGTCCCCTTACCCGGGAATTGACCTGTCCCAGGT","89A43",1,1,"Acc/Gcc","snp"
1238,"G","A",5755,436,436,"G/S","missense_variant","133M","ACAACAAGTTCTCCATCAAGTCCGACGTCTGGGCATTTGGAGTATTGCTTTGGGAAATTGCTACCTATAGCATGTCCCCTTACCCGGGAATTGACCTGTCCCAGGTGTATGAGCTGCTAGAGAAGGACTACCG","68G64",1,3,"Ggc/Agc","snp"
1219,"G","A",5600,436,436,"G/S","missense_variant","133M","GCACCCGAGAGCCTGGCCTACAACAAGTTCTCCATCAAGTCCGACGTCTGGGCATTTGGAGTATTGCTTTGGGAAATTGCTACCTATAGCATGTCCCCTTACCCGGGAATTGACCTGTCCCAGGTGTATGAGC","87G45",1,3,"Ggc/Agc","snp"
1249,"G","A",6104,436,436,"G/S","missense_variant","133M","TCCATCAAGTCCGACGTCTGGGCATTTGGAGTATTGCTTTGGGAAATTGCTACCTATAGCATGTCCCCTTACCCGGGAATTGACCTGTCCCAGGTGTATGAGCTGCTAGAGAAGGACTACCGCATGGAGCGCC","57G75",1,3,"Ggc/Agc","snp"
1301,"A","C",7481,437,437,"M/L","missense_variant","133M","CCTATGGCCTGTCCCCTTACCCGGGAATTGACCTGTCCCAGGTGTATGAGCTGCTAGAGAAGGACTACCGCATGGAGCGCCCAGAAGGCTGCCCAGAGAAGGTCTATGAACTCATGCGAGCATGTTGGCAGTG","8A124",1,7,"Atg/Ctg","snp"
1202,"A","C",5659,437,437,"M/L","missense_variant","133M","TCCCCATCAAATGGACTGCACCCGAGAGCCTGGCCTACAACAAGTTCTCCATCAAGTCCGACGTCTGGGCATTTGGAGTATTGCTTTGGGAAATTGCTACCTATGGCCTGTCCCCTTACCCGGGAATTGACCT","107A25",1,7,"Atg/Ctg","snp"
1202,"A","C",5659,437,437,"M/L","missense_variant","133M","TCCCCATCAAATGGACTGCACCCGAGAGCCTGGCCTACAACAAGTTCTCCATCAAGTCCGACGTCTGGGCATTTGGAGTATTGCTTTGGGAAATTGCTACCTATGGCCTGTCCCCTTACCCGGGAATTGACCT","107A25",1,7,"Atg/Ctg","snp"
1287,"A","C",7249,437,437,"M/L","missense_variant","133M","TTGGGAAATTGCTACCTATGGCCTGTCCCCTTACCCGGGAATTGACCTGTCCCAGGTGTATGAGCTGCTAGAGAAGGACTACCGCATGGAGCGCCCAGAAGGCTGCCCAGAGAAGGTCTATGAACTCATGCGA","22A110",1,7,"Atg/Ctg","snp"
1305,"A","C",7441,437,437,"M/L","missense_variant","133M","TGGCCTGTCCCCTTACCCGGGAATTGACCTGTCCCAGGTGTATGAGCTGCTAGAGAAGGACTACCGCATGGAGCGCCCAGAAGGCTGCCCAGAGAAGGTCTATGAACTCATGCGAGCATGTTGGCAGTGGAAT","4A128",1,7,"Atg/Ctg","snp"
1246,"A","C",5991,437,437,"M/L","missense_variant","133M","TTCTCCATCAAGTCCGACGTCTGGGCATTTGGAGTATTGCTTTGGGAAATTGCTACCTATGGCCTGTCCCCTTACCCGGGAATTGACCTGTCCCAGGTGTATGAGCTGCTAGAGAAGGACTACCGCATGGAGC","63A69",1,7,"Atg/Ctg","snp"
1227,"A","C",5589,437,437,"M/L","missense_variant","133M","GAGCCTGGCCTACAACAAGTTCTCCATCAAGTCCGACGTCTGGGCATTTGGAGTATTGCTTTGGGAAATTGCTACCTATGGCCTGTCCCCTTACCCGGGAATTGACCTGTCCCAGGTGTATGAGCTGCTAGAG","82A50",1,7,"Atg/Ctg","snp"
1211,"T","A",5595,437,437,"M/K","missense_variant","133M","AATGGACTGCACCCGAGAGCCTGGCCTACAACAAGTTCTCCATCAAGTCCGACGTCTGGGCATTTGGAGTATTGCTTTGGGAAATTGCTACCTATGGCAAGTCCCCTTACCCGGGAATTGACCTGTCCCAGGT","99T33",1,4,"aTg/aAg","snp"
1255,"T","A",6257,437,437,"M/K","missense_variant","133M","AAGTCCGACGTCTGGGCATTTGGAGTATTGCTTTGGGAAATTGCTACCTATGGCAAGTCCCCTTACCCGGGAATTGACCTGTCCCAGGTGTATGAGCTGCTAGAGAAGGACTACCGCATGGAGCGCCCAGAAG","55T77",1,4,"aTg/aAg","snp"
1307,"T","A",7468,437,437,"M/K","missense_variant","133M","GCAAGTCCCCTTACCCGGGAATTGACCTGTCCCAGGTGTATGAGCTGCTAGAGAAGGACTACCGCATGGAGCGCCCAGAAGGCTGCCCAGAGAAGGTCTATGAACTCATGCGAGCATGTTGGCAGTGGAATCC","3T129",1,4,"aTg/aAg","snp"
1270,"T","A",6828,437,437,"M/K","missense_variant","133M","GCATTTGGAGTATTGCTTTGGGAAATTGCTACCTATGGCAAGTCCCCTTACCCGGGAATTGACCTGTCCCAGGTGTATGAGCTGCTAGAGAAGGACTACCGCATGGAGCGCCCAGAAGGCTGCCCAGAGAAGG","40T92",1,4,"aTg/aAg","snp"
1301,"C","A",7481,438,438,"S/Y","missense_variant","133M","CCTATGGCATGTACCCTTACCCGGGAATTGACCTGTCCCAGGTGTATGAGCTGCTAGAGAAGGACTACCGCATGGAGCGCCCAGAAGGCTGCCCAGAGAAGGTCTATGAACTCATGCGAGCATGTTGGCAGTG","12C120",1,2,"tCc/tAc","snp"
1256,"C","A",6284,438,438,"S/Y","missense_variant","133M","AGTCCGACGTCTGGGCATTTGGAGTATTGCTTTGGGAAATTGCTACCTATGGCATGTACCCTTACCCGGGAATTGACCTGTCCCAGGTGTATGAGCTGCTAGAGAAGGACTACCGCATGGAGCGCCCAGAAGG","57C75",1,2,"tCc/tAc","snp"
1298,"C","T",7421,438,438,"S/F","missense_variant","133M","CTACCTATGGCATGTTCCCTTACCCGGGAATTGACCTGTCCCAGGTGTATGAGCTGCTAGAGAAGGACTACCGCATGGAGCGCCCAGAAGGCTGCCCAGAGAAGGTCTATGAACTCATGCGAGCATGTTGGCA","15C117",1,1,"tCc/tTc","snp"
1234,"C","G",5738,439,439,"P/A","missense_variant","133M","GCCTACAACAAGTTCTCCATCAAGTCCGACGTCTGGGCATTTGGAGTATTGCTTTGGGAAATTGCTACCTATGGCATGTCCGCTTACCCGGGAATTGACCTGTCCCAGGTGTATGAGCTGCTAGAGAAGGACT","81C51",1,3,"Cct/Gct","snp"
1209,"C","G",5613,439,439,"P/A","missense_variant","133M","CAAATGGACTGCACCCGAGAGCCTGGCCTACAACAAGTTCTCCATCAAGTCCGACGTCTGGGCATTTGGAGTATTGCTTTGGGAAATTGCTACCTATGGCATGTCCGCTTACCCGGGAATTGACCTGTCCCAG","106C26",1,3,"Cct/Gct","snp"
1278,"C","G",7159,439,439,"P/A","missense_variant","133M","AGTATTGCTTTGGGAAATTGCTACCTATGGCATGTCCGCTTACCCGGGAATTGACCTGTCCCAGGTGTATGAGCTGCTAGAGAAGGACTACCGCATGGAGCGCCCAGAAGGCTGCCCAGAGAAGGTCTATGAA","37C95",1,3,"Cct/Gct","snp"
1279,"G","A",7224,441,441,"P","synonymous_variant","133M","GTATTGCTTTGGGAAATTGCTACCTATGGCATGTCCCCTTACCCAGGAATTGACCTGTCCCAGGTGTATGAGCTGCTAGAGAAGGACTACCGCATGGAGCGCCCAGAAGGCTGCCCAGAGAAGGTCTATGAAC","44G88",1,1,"ccG/ccA","snp"
1304,"G","A",7441,442,442,"G/R","missense_variant","133M","ATGGCATGTCCCCTTACCCGAGAATTGACCTGTCCCAGGTGTATGAGCTGCTAGAGAAGGACTACCGCATGGAGCGCCCAGAAGGCTGCCCAGAGAAGGTCTATGAACTCATGCGAGCATGTTGGCAGTGGAA","20G112",1,1,"Gga/Aga","snp"
1283,"G","A",7126,442,442,"G/E","missense_variant","133M","TGCTTTGGGAAATTGCTACCTATGGCATGTCCCCTTACCCGGAAATTGACCTGTCCCAGGTGTATGAGCTGCTAGAGAAGGACTACCGCATGGAGCGCCCAGAAGGCTGCCCAGAGAAGGTCTATGAACTCAT","42G90",1,1,"gGa/gAa","snp"
1275,"G","C",6946,444,444,"D/H","missense_variant","133M","TGGAGTATTGCTTTGGGAAATTGCTACCTATGGCATGTCCCCTTACCCGGGAATTCACCTGTCCCAGGTGTATGAGCTGCTAGAGAAGGACTACCGCATGGAGCGCCCAGAAGGCTGCCCAGAGAAGGTCTAT","55G77",1,7,"Gac/Cac","snp"
1321,"G","C",7753,444,444,"D/H","missense_variant","133M","CCGGGAATTCACCTGTCCCAGGTGTATGAGCTGCTAGAGAAGGACTACCGCATGGAGCGCCCAGAAGGCTGCCCAGAGAAGGTCTATGAACTCATGCGAGCATGTTGGCAGTGGAATCCCTCTGACCGGCCCT","9G123",1,7,"Gac/Cac","snp"
1233,"G","C",5711,444,444,"D/H","missense_variant","133M","GGCCTACAACAAGTTCTCCATCAAGTCCGACGTCTGGGCATTTGGAGTATTGCTTTGGGAAATTGCTACCTATGGCATGTCCCCTTACCCGGGAATTCACCTGTCCCAGGTGTATGAGCTGCTAGAGAAGGAC","97G35",1,7,"Gac/Cac","snp"
1264,"G","C",6513,444,444,"D/H","missense_variant","133M","GTCTGGGCATTTGGAGTATTGCTTTGGGAAATTGCTACCTATGGCATGTCCCCTTACCCGGGAATTCACCTGTCCCAGGTGTATGAGCTGCTAGAGAAGGACTACCGCATGGAGCGCCCAGAAGGCTGCCCAG","66G66",1,7,"Gac/Cac","snp"
1265,"G","C",6587,444,444,"D/H","missense_variant","133M","TCTGGGCATTTGGAGTATTGCTTTGGGAAATTGCTACCTATGGCATGTCCCCTTACCCGGGAATTCACCTGTCCCAGGTGTATGAGCTGCTAGAGAAGGACTACCGCATGGAGCGCCCAGAAGGCTGCCCAGA","65G67",1,7,"Gac/Cac","snp"
1309,"G","C",7520,444,444,"D/H","missense_variant","133M","ATGTCCCCTTACCCGGGAATTCACCTGTCCCAGGTGTATGAGCTGCTAGAGAAGGACTACCGCATGGAGCGCCCAGAAGGCTGCCCAGAGAAGGTCTATGAACTCATGCGAGCATGTTGGCAGTGGAATCCCT","21G111",1,7,"Gac/Cac","snp"
1268,"G","C",6686,444,444,"D/H","missense_variant","133M","GGGCATTTGGAGTATTGCTTTGGGAAATTGCTACCTATGGCATGTCCCCTTACCCGGGAATTCACCTGTCCCAGGTGTATGAGCTGCTAGAGAAGGACTACCGCATGGAGCGCCCAGAAGGCTGCCCAGAGAA","62G70",1,7,"Gac/Cac","snp"
1260,"T","A",6392,445,445,"L/Q","missense_variant","133M","CGACGTCTGGGCATTTGGAGTATTGCTTTGGGAAATTGCTACCTATGGCATGTCCCCTTACCCGGGAATTGACCAGTCCCAGGTGTATGAGCTGCTAGAGAAGGACTACCGCATGGAGCGCCCAGAAGGCTGC","74T58",1,2,"cTg/cAg","snp"
1284,"T","A",7129,445,445,"L/Q","missense_variant","133M","GCTTTGGGAAATTGCTACCTATGGCATGTCCCCTTACCCGGGAATTGACCAGTCCCAGGTGTATGAGCTGCTAGAGAAGGACTACCGCATGGAGCGCCCAGAAGGCTGCCCAGAGAAGGTCTATGAACTCATG","50T82",1,2,"cTg/cAg","snp"
1262,"C","A",6463,446,446,"S/Y","missense_variant","133M","ACGTCTGGGCATTTGGAGTATTGCTTTGGGAAATTGCTACCTATGGCATGTCCCCTTACCCGGGAATTGACCTGTACCAGGTGTATGAGCTGCTAGAGAAGGACTACCGCATGGAGCGCCCAGAAGGCTGCCC","75C57",1,1,"tCc/tAc","snp"
1235,"C","T",5764,446,446,"S/F","missense_variant","133M","CCTACAACAAGTTCTCCATCAAGTCCGACGTCTGGGCATTTGGAGTATTGCTTTGGGAAATTGCTACCTATGGCATGTCCCCTTACCCGGGAATTGACCTGTTCCAGGTGTATGAGCTGCTAGAGAAGGACTA","102C30",1,3,"tCc/tTc","snp"
1212,"C","T",5561,446,446,"S/F","missense_variant","133M","ATGGACTGCACCCGAGAGCCTGGCCTACAACAAGTTCTCCATCAAGTCCGACGTCTGGGCATTTGGAGTATTGCTTTGGGAAATTGCTACCTATGGCATGTCCCCTTACCCGGGAATTGACCTGTTCCAGGTG","125C7",1,3,"tCc/tTc","snp"
1258,"C","T",6363,446,446,"S/F","missense_variant","133M","TCCGACGTCTGGGCATTTGGAGTATTGCTTTGGGAAATTGCTACCTATGGCATGTCCCCTTACCCGGGAATTGACCTGTTCCAGGTGTATGAGCTGCTAGAGAAGGACTACCGCATGGAGCGCCCAGAAGGCT","79C53",1,3,"tCc/tTc","snp"
1289,"G","A",7300,447,447,"Q","synonymous_variant","133M","GGGAAATTGCTACCTATGGCATGTCCCCTTACCCGGGAATTGACCTGTCCCAAGTGTATGAGCTGCTAGAGAAGGACTACCGCATGGAGCGCCCAGAAGGCTGCCCAGAGAAGGTCTATGAACTCATGCGAGC","52G80",1,5,"caG/caA","snp"
1269,"G","A",6741,447,447,"Q","synonymous_variant","133M","GGCATTTGGAGTATTGCTTTGGGAAATTGCTACCTATGGCATGTCCCCTTACCCGGGAATTGACCTGTCCCAAGTGTATGAGCTGCTAGAGAAGGACTACCGCATGGAGCGCCCAGAAGGCTGCCCAGAGAAG","72G60",1,5,"caG/caA","snp"
1296,"G","A",7405,447,447,"Q","synonymous_variant","133M","TGCTACCTATGGCATGTCCCCTTACCCGGGAATTGACCTGTCCCAAGTGTATGAGCTGCTAGAGAAGGACTACCGCATGGAGCGCCCAGAAGGCTGCCCAGAGAAGGTCTATGAACTCATGCGAGCATGTTGG","45G87",1,5,"caG/caA","snp"
1295,"G","A",7375,447,447,"Q","synonymous_variant","133M","TTGCTACCTATGGCATGTCCCCTTACCCGGGAATTGACCTGTCCCAAGTGTATGAGCTGCTAGAGAAGGACTACCGCATGGAGCGCCCAGAAGGCTGCCCAGAGAAGGTCTATGAACTCATGCGAGCATGTTG","46G86",1,5,"caG/caA","snp"
1319,"G","A",7728,447,447,"Q","synonymous_variant","133M","ACCCGGGAATTGACCTGTCCCAAGTGTATGAGCTGCTAGAGAAGGACTACCGCATGGAGCGCCCAGAAGGCTGCCCAGAGAAGGTCTATGAACTCATGCGAGCATGTTGGCAGTGGAATCCCTCTGACCGGCC","22G110",1,5,"caG/caA","snp"
1337,"G","T",7964,448,448,"V","synonymous_variant","133M","CCCAGGTTTATGAGCTGCTAGAGAAGGACTACCGCATGGAGCGCCCAGAAGGCTGCCCAGAGAAGGTCTATGAACTCATGCGAGCATGTTGGCAGTGGAATCCCTCTGACCGGCCCTCCTTTGCTGAAATCCA","7G125",1,1,"gtG/gtT","snp"
1277,"G","A",7059,450,450,"E/K","missense_variant","133M","GAGTATTGCTTTGGGAAATTGCTACCTATGGCATGTCCCCTTACCCGGGAATTGACCTGTCCCAGGTGTATAAGCTGCTAGAGAAGGACTACCGCATGGAGCGCCCAGAAGGCTGCCCAGAGAAGGTCTATGA","71G61",1,2,"Gag/Aag","snp"
1296,"G","A",7405,450,450,"E/K","missense_variant","133M","TGCTACCTATGGCATGTCCCCTTACCCGGGAATTGACCTGTCCCAGGTGTATAAGCTGCTAGAGAAGGACTACCGCATGGAGCGCCCAGAAGGCTGCCCAGAGAAGGTCTATGAACTCATGCGAGCATGTTGG","52G80",1,2,"Gag/Aag","snp"
1300,"A","T",7430,450,450,"E/V","missense_variant","133M","ACCTATGGCATGTCCCCTTACCCGGGAATTGACCTGTCCCAGGTGTATGTGCTGCTAGAGAAGGACTACCGCATGGAGCGCCCAGAAGGCTGCCCAGAGAAGGTCTATGAACTCATGCGAGCATGTTGGCAGT","49A83",1,118,"gAg/gTg","snp"
1307,"A","T",7468,450,450,"E/V","missense_variant","133M","GCATGTCCCCTTACCCGGGAATTGACCTGTCCCAGGTGTATGTGCTGCTAGAGAAGGACTACCGCATGGAGCGCCCAGAAGGCTGCCCAGAGAAGGTCTATGAACTCATGCGAGCATGTTGGCAGTGGAATCC","42A90",1,118,"gAg/gTg","snp"
1244,"A","T",5808,450,450,"E/V","missense_variant","133M","AGTTCTCCATCAAGTCCGACGTCTGGGCATTTGGAGTATTGCTTTGGGAAATTGCTACCTATGGCATGTCCCCTTACCCGGGAATTGACCTGTCCCAGGTGTATGTGCTGCTAGAGAAGGACTACCGCATGGA","105A27",1,118,"gAg/gTg","snp"
1219,"A","T",5600,450,450,"E/V","missense_variant","133M","GCACCCGAGAGCCTGGCCTACAACAAGTTCTCCATCAAGTCCGACGTCTGGGCATTTGGAGTATTGCTTTGGGAAATTGCTACCTATGGCATGTCCCCTTACCCGGGAATTGACCTGTCCCAGGTGTATGTGC","130A2",1,118,"gAg/gTg","snp"
1280,"A","T",7230,450,450,"E/V","missense_variant","133M","TATTGCTTTGGGAAATTGCTACCTATGGCATGTCCCCTTACCCGGGAATTGACCTGTCCCAGGTGTATGTGCTGCTAGAGAAGGACTACCGCATGGAGCGCCCAGAAGGCTGCCCAGAGAAGGTCTATGAACT","69A63",1,118,"gAg/gTg","snp"
1276,"A","T",6989,450,450,"E/V","missense_variant","133M","GGAGTATTGCTTTGGGAAATTGCTACCTATGGCATGTCCCCTTACCCGGGAATTGACCTGTCCCAGGTGTATGTGCTGCTAGAGAAGGACTACCGCATGGAGCGCCCAGAAGGCTGCCCAGAGAAGGTCTATG","73A59",1,118,"gAg/gTg","snp"
1290,"A","T",7322,450,450,"E/V","missense_variant","133M","GGAAATTGCTACCTATGGCATGTCCCCTTACCCGGGAATTGACCTGTCCCAGGTGTATGTGCTGCTAGAGAAGGACTACCGCATGGAGCGCCCAGAAGGCTGCCCAGAGAAGGTCTATGAACTCATGCGAGCA","59A73",1,118,"gAg/gTg","snp"
1234,"A","T",5738,450,450,"E/V","missense_variant","133M","GCCTACAACAAGTTCTCCATCAAGTCCGACGTCTGGGCATTTGGAGTATTGCTTTGGGAAATTGCTACCTATGGCATGTCCCCTTACCCGGGAATTGACCTGTCCCAGGTGTATGTGCTGCTAGAGAAGGACT","115A17",1,118,"gAg/gTg","snp"
1278,"A","T",7159,450,450,"E/V","missense_variant","133M","AGTATTGCTTTGGGAAATTGCTACCTATGGCATGTCCCCTTACCCGGGAATTGACCTGTCCCAGGTGTATGTGCTGCTAGAGAAGGACTACCGCATGGAGCGCCCAGAAGGCTGCCCAGAGAAGGTCTATGAA","71A61",1,118,"gAg/gTg","snp"
1230,"A","T",5660,450,450,"E/V","missense_variant","133M","CCTGGCCTACAACAAGTTCTCCATCAAGTCCGACGTCTGGGCATTTGGAGTATTGCTTTGGGAAATTGCTACCTATGGCATGTCCCCTTACCCGGGAATTGACCTGTCCCAGGTGTATGTGCTGCTAGAGAAG","119A13",1,118,"gAg/gTg","snp"
1241,"A","T",5779,450,450,"E/V","missense_variant","133M","ACAAGTTCTCCATCAAGTCCGACGTCTGGGCATTTGGAGTATTGCTTTGGGAAATTGCTACCTATGGCATGTCCCCTTACCCGGGAATTGACCTGTCCCAGGTGTATGTGCTGCTAGAGAAGGACTACCGCAT","108A24",1,118,"gAg/gTg","snp"
1318,"A","T",7675,450,450,"E/V","missense_variant","133M","TACCCGGGAATTGACCTGTCCCAGGTGTATGTGCTGCTAGAGAAGGACTACCGCATGGAGCGCCCAGAAGGCTGCCCAGAGAAGGTCTATGAACTCATGCGAGCATGTTGGCAGTGGAATCCCTCTGACCGGC","31A101",1,118,"gAg/gTg","snp"
1233,"A","T",5711,450,450,"E/V","missense_variant","133M","GGCCTACAACAAGTTCTCCATCAAGTCCGACGTCTGGGCATTTGGAGTATTGCTTTGGGAAATTGCTACCTATGGCATGTCCCCTTACCCGGGAATTGACCTGTCCCAGGTGTATGTGCTGCTAGAGAAGGAC","116A16",1,118,"gAg/gTg","snp"
1344,"A","T",8008,450,450,"E/V","missense_variant","133M","GTATGTGCTGCTAGAGAAGGACTACCGCATGGAGCGCCCAGAAGGCTGCCCAGAGAAGGTCTATGAACTCATGCGAGCATGTTGGCAGTGGAATCCCTCTGACCGGCCCTCCTTTGCTGAAATCCACCAAGCC","5A127",1,118,"gAg/gTg","snp"
1293,"A","T",7293,450,450,"E/V","missense_variant","133M","AATTGCTACCTATGGCATGTCCCCTTACCCGGGAATTGACCTGTCCCAGGTGTATGTGCTGCTAGAGAAGGACTACCGCATGGAGCGCCCAGAAGGCTGCCCAGAGAAGGTCTATGAACTCATGCGAGCATGT","56A76",1,118,"gAg/gTg","snp"
1243,"A","T",5752,450,450,"E/V","missense_variant","133M","AAGTTCTCCATCAAGTCCGACGTCTGGGCATTTGGAGTATTGCTTTGGGAAATTGCTACCTATGGCATGTCCCCTTACCCGGGAATTGACCTGTCCCAGGTGTATGTGCTGCTAGAGAAGGACTACCGCATGG","106A26",1,118,"gAg/gTg","snp"
1346,"A","T",8030,450,450,"E/V","missense_variant","133M","ATGTGCTGCTAGAGAAGGACTACCGCATGGAGCGCCCAGAAGGCTGCCCAGAGAAGGTCTATGAACTCATGCGAGCATGTTGGCAGTGGAATCCCTCTGACCGGCCCTCCTTTGCTGAAATCCACCAAGCCTT","3A129",1,118,"gAg/gTg","snp"
1239,"A","T",5784,450,450,"E/V","missense_variant","133M","CAACAAGTTCTCCATCAAGTCCGACGTCTGGGCATTTGGAGTATTGCTTTGGGAAATTGCTACCTATGGCATGTCCCCTTACCCGGGAATTGACCTGTCCCAGGTGTATGTGCTGCTAGAGAAGGACTACCGC","110A22",1,118,"gAg/gTg","snp"
1261,"A","T",6428,450,450,"E/V","missense_variant","133M","GACGTCTGGGCATTTGGAGTATTGCTTTGGGAAATTGCTACCTATGGCATGTCCCCTTACCCGGGAATTGACCTGTCCCAGGTGTATGTGCTGCTAGAGAAGGACTACCGCATGGAGCGCCCAGAAGGCTGCC","88A44",1,118,"gAg/gTg","snp"
1249,"A","T",6104,450,450,"E/V","missense_variant","133M","TCCATCAAGTCCGACGTCTGGGCATTTGGAGTATTGCTTTGGGAAATTGCTACCTATGGCATGTCCCCTTACCCGGGAATTGACCTGTCCCAGGTGTATGTGCTGCTAGAGAAGGACTACCGCATGGAGCGCC","100A32",1,118,"gAg/gTg","snp"
1235,"A","T",5764,450,450,"E/V","missense_variant","133M","CCTACAACAAGTTCTCCATCAAGTCCGACGTCTGGGCATTTGGAGTATTGCTTTGGGAAATTGCTACCTATGGCATGTCCCCTTACCCGGGAATTGACCTGTCCCAGGTGTATGTGCTGCTAGAGAAGGACTA","114A18",1,118,"gAg/gTg","snp"
1249,"A","T",6104,450,450,"E/V","missense_variant","133M","TCCATCAAGTCCGACGTCTGGGCATTTGGAGTATTGCTTTGGGAAATTGCTACCTATGGCATGTCCCCTTACCCGGGAATTGACCTGTCCCAGGTGTATGTGCTGCTAGAGAAGGACTACCGCATGGAGCGCC","100A32",1,118,"gAg/gTg","snp"
1241,"A","T",5779,450,450,"E/V","missense_variant","133M","ACAAGTTCTCCATCAAGTCCGACGTCTGGGCATTTGGAGTATTGCTTTGGGAAATTGCTACCTATGGCATGTCCCCTTACCCGGGAATTGACCTGTCCCAGGTGTATGTGCTGCTAGAGAAGGACTACCGCAT","108A24",1,118,"gAg/gTg","snp"
1300,"A","T",7430,450,450,"E/V","missense_variant","133M","ACCTATGGCATGTCCCCTTACCCGGGAATTGACCTGTCCCAGGTGTATGTGCTGCTAGAGAAGGACTACCGCATGGAGCGCCCAGAAGGCTGCCCAGAGAAGGTCTATGAACTCATGCGAGCATGTTGGCAGT","49A83",1,118,"gAg/gTg","snp"
1321,"A","T",7753,450,450,"E/V","missense_variant","133M","CCGGGAATTGACCTGTCCCAGGTGTATGTGCTGCTAGAGAAGGACTACCGCATGGAGCGCCCAGAAGGCTGCCCAGAGAAGGTCTATGAACTCATGCGAGCATGTTGGCAGTGGAATCCCTCTGACCGGCCCT","28A104",1,118,"gAg/gTg","snp"
1251,"A","T",6206,450,450,"E/V","missense_variant","133M","CATCAAGTCCGACGTCTGGGCATTTGGAGTATTGCTTTGGGAAATTGCTACCTATGGCATGTCCCCTTACCCGGGAATTGACCTGTCCCAGGTGTATGTGCTGCTAGAGAAGGACTACCGCATGGAGCGCCCA","98A34",1,118,"gAg/gTg","snp"
1246,"A","T",5991,450,450,"E/V","missense_variant","133M","TTCTCCATCAAGTCCGACGTCTGGGCATTTGGAGTATTGCTTTGGGAAATTGCTACCTATGGCATGTCCCCTTACCCGGGAATTGACCTGTCCCAGGTGTATGTGCTGCTAGAGAAGGACTACCGCATGGAGC","103A29",1,118,"gAg/gTg","snp"
1252,"A","T",6218,450,450,"E/V","missense_variant","133M","ATCAAGTCCGACGTCTGGGCATTTGGAGTATTGCTTTGGGAAATTGCTACCTATGGCATGTCCCCTTACCCGGGAATTGACCTGTCCCAGGTGTATGTGCTGCTAGAGAAGGACTACCGCATGGAGCGCCCAG","97A35",1,118,"gAg/gTg","snp"
1280,"A","T",7230,450,450,"E/V","missense_variant","133M","TATTGCTTTGGGAAATTGCTACCTATGGCATGTCCCCTTACCCGGGAATTGACCTGTCCCAGGTGTATGTGCTGCTAGAGAAGGACTACCGCATGGAGCGCCCAGAAGGCTGCCCAGAGAAGGTCTATGAACT","69A63",1,118,"gAg/gTg","snp"
1239,"A","T",5784,450,450,"E/V","missense_variant","133M","CAACAAGTTCTCCATCAAGTCCGACGTCTGGGCATTTGGAGTATTGCTTTGGGAAATTGCTACCTATGGCATGTCCCCTTACCCGGGAATTGACCTGTCCCAGGTGTATGTGCTGCTAGAGAAGGACTACCGC","110A22",1,118,"gAg/gTg","snp"
1248,"A","T",6031,450,450,"E/V","missense_variant","133M","CTCCATCAAGTCCGACGTCTGGGCATTTGGAGTATTGCTTTGGGAAATTGCTACCTATGGCATGTCCCCTTACCCGGGAATTGACCTGTCCCAGGTGTATGTGCTGCTAGAGAAGGACTACCGCATGGAGCGC","101A31",1,118,"gAg/gTg","snp"
1245,"A","T",5893,450,450,"E/V","missense_variant","133M","GTTCTCCATCAAGTCCGACGTCTGGGCATTTGGAGTATTGCTTTGGGAAATTGCTACCTATGGCATGTCCCCTTACCCGGGAATTGACCTGTCCCAGGTGTATGTGCTGCTAGAGAAGGACTACCGCATGGAG","104A28",1,118,"gAg/gTg","snp"
1240,"A","T",5804,450,450,"E/V","missense_variant","133M","AACAAGTTCTCCATCAAGTCCGACGTCTGGGCATTTGGAGTATTGCTTTGGGAAATTGCTACCTATGGCATGTCCCCTTACCCGGGAATTGACCTGTCCCAGGTGTATGTGCTGCTAGAGAAGGACTACCGCA","109A23",1,118,"gAg/gTg","snp"
1235,"A","T",5764,450,450,"E/V","missense_variant","133M","CCTACAACAAGTTCTCCATCAAGTCCGACGTCTGGGCATTTGGAGTATTGCTTTGGGAAATTGCTACCTATGGCATGTCCCCTTACCCGGGAATTGACCTGTCCCAGGTGTATGTGCTGCTAGAGAAGGACTA","114A18",1,118,"gAg/gTg","snp"
1241,"A","T",5779,450,450,"E/V","missense_variant","133M","ACAAGTTCTCCATCAAGTCCGACGTCTGGGCATTTGGAGTATTGCTTTGGGAAATTGCTACCTATGGCATGTCCCCTTACCCGGGAATTGACCTGTCCCAGGTGTATGTGCTGCTAGAGAAGGACTACCGCAT","108A24",1,118,"gAg/gTg","snp"
1256,"A","T",6284,450,450,"E/V","missense_variant","133M","AGTCCGACGTCTGGGCATTTGGAGTATTGCTTTGGGAAATTGCTACCTATGGCATGTCCCCTTACCCGGGAATTGACCTGTCCCAGGTGTATGTGCTGCTAGAGAAGGACTACCGCATGGAGCGCCCAGAAGG","93A39",1,118,"gAg/gTg","snp"
1228,"A","T",5618,450,450,"E/V","missense_variant","133M","AGCCTGGCCTACAACAAGTTCTCCATCAAGTCCGACGTCTGGGCATTTGGAGTATTGCTTTGGGAAATTGCTACCTATGGCATGTCCCCTTACCCGGGAATTGACCTGTCCCAGGTGTATGTGCTGCTAGAGA","121A11",1,118,"gAg/gTg","snp"
1343,"A","T",7993,450,450,"E/V","missense_variant","133M","TGTATGTGCTGCTAGAGAAGGACTACCGCATGGAGCGCCCAGAAGGCTGCCCAGAGAAGGTCTATGAACTCATGCGAGCATGTTGGCAGTGGAATCCCTCTGACCGGCCCTCCTTTGCTGAAATCCACCAAGC","6A126",1,118,"gAg/gTg","snp"
1311,"A","T",7527,450,450,"E/V","missense_variant","133M","GTCCCCTTACCCGGGAATTGACCTGTCCCAGGTGTATGTGCTGCTAGAGAAGGACTACCGCATGGAGCGCCCAGAAGGCTGCCCAGAGAAGGTCTATGAACTCATGCGAGCATGTTGGCAGTGGAATCCCTCT","38A94",1,118,"gAg/gTg","snp"
1252,"A","T",6218,450,450,"E/V","missense_variant","133M","ATCAAGTCCGACGTCTGGGCATTTGGAGTATTGCTTTGGGAAATTGCTACCTATGGCATGTCCCCTTACCCGGGAATTGACCTGTCCCAGGTGTATGTGCTGCTAGAGAAGGACTACCGCATGGAGCGCCCAG","97A35",1,118,"gAg/gTg","snp"
1313,"A","T",7556,450,450,"E/V","missense_variant","133M","CCCCTTACCCGGGAATTGACCTGTCCCAGGTGTATGTGCTGCTAGAGAAGGACTACCGCATGGAGCGCCCAGAAGGCTGCCCAGAGAAGGTCTATGAACTCATGCGAGCATGTTGGCAGTGGAATCCCTCTGA","36A96",1,118,"gAg/gTg","snp"
1301,"A","T",7481,450,450,"E/V","missense_variant","133M","CCTATGGCATGTCCCCTTACCCGGGAATTGACCTGTCCCAGGTGTATGTGCTGCTAGAGAAGGACTACCGCATGGAGCGCCCAGAAGGCTGCCCAGAGAAGGTCTATGAACTCATGCGAGCATGTTGGCAGTG","48A84",1,118,"gAg/gTg","snp"
1259,"A","T",6386,450,450,"E/V","missense_variant","133M","CCGACGTCTGGGCATTTGGAGTATTGCTTTGGGAAATTGCTACCTATGGCATGTCCCCTTACCCGGGAATTGACCTGTCCCAGGTGTATGTGCTGCTAGAGAAGGACTACCGCATGGAGCGCCCAGAAGGCTG","90A42",1,118,"gAg/gTg","snp"
1254,"A","T",6226,450,450,"E/V","missense_variant","133M","CAAGTCCGACGTCTGGGCATTTGGAGTATTGCTTTGGGAAATTGCTACCTATGGCATGTCCCCTTACCCGGGAATTGACCTGTCCCAGGTGTATGTGCTGCTAGAGAAGGACTACCGCATGGAGCGCCCAGAA","95A37",1,118,"gAg/gTg","snp"
1281,"A","T",7204,450,450,"E/V","missense_variant","133M","ATTGCTTTGGGAAATTGCTACCTATGGCATGTCCCCTTACCCGGGAATTGACCTGTCCCAGGTGTATGTGCTGCTAGAGAAGGACTACCGCATGGAGCGCCCAGAAGGCTGCCCAGAGAAGGTCTATGAACTC","68A64",1,118,"gAg/gTg","snp"
1346,"A","T",8030,450,450,"E/V","missense_variant","133M","ATGTGCTGCTAGAGAAGGACTACCGCATGGAGCGCCCAGAAGGCTGCCCAGAGAAGGTCTATGAACTCATGCGAGCATGTTGGCAGTGGAATCCCTCTGACCGGCCCTCCTTTGCTGAAATCCACCAAGCCTT","3A129",1,118,"gAg/gTg","snp"
1261,"A","T",6428,450,450,"E/V","missense_variant","133M","GACGTCTGGGCATTTGGAGTATTGCTTTGGGAAATTGCTACCTATGGCATGTCCCCTTACCCGGGAATTGACCTGTCCCAGGTGTATGTGCTGCTAGAGAAGGACTACCGCATGGAGCGCCCAGAAGGCTGCC","88A44",1,118,"gAg/gTg","snp"
1290,"A","T",7322,450,450,"E/V","missense_variant","133M","GGAAATTGCTACCTATGGCATGTCCCCTTACCCGGGAATTGACCTGTCCCAGGTGTATGTGCTGCTAGAGAAGGACTACCGCATGGAGCGCCCAGAAGGCTGCCCAGAGAAGGTCTATGAACTCATGCGAGCA","59A73",1,118,"gAg/gTg","snp"
1295,"A","T",7375,450,450,"E/V","missense_variant","133M","TTGCTACCTATGGCATGTCCCCTTACCCGGGAATTGACCTGTCCCAGGTGTATGTGCTGCTAGAGAAGGACTACCGCATGGAGCGCCCAGAAGGCTGCCCAGAGAAGGTCTATGAACTCATGCGAGCATGTTG","54A78",1,118,"gAg/gTg","snp"
1249,"A","T",6104,450,450,"E/V","missense_variant","133M","TCCATCAAGTCCGACGTCTGGGCATTTGGAGTATTGCTTTGGGAAATTGCTACCTATGGCATGTCCCCTTACCCGGGAATTGACCTGTCCCAGGTGTATGTGCTGCTAGAGAAGGACTACCGCATGGAGCGCC","100A32",1,118,"gAg/gTg","snp"
1336,"A","T",7945,450,450,"E/V","missense_variant","133M","TCCCAGGTGTATGTGCTGCTAGAGAAGGACTACCGCATGGAGCGCCCAGAAGGCTGCCCAGAGAAGGTCTATGAACTCATGCGAGCATGTTGGCAGTGGAATCCCTCTGACCGGCCCTCCTTTGCTGAAATCC","13A119",1,118,"gAg/gTg","snp"
1246,"A","T",5991,450,450,"E/V","missense_variant","133M","TTCTCCATCAAGTCCGACGTCTGGGCATTTGGAGTATTGCTTTGGGAAATTGCTACCTATGGCATGTCCCCTTACCCGGGAATTGACCTGTCCCAGGTGTATGTGCTGCTAGAGAAGGACTACCGCATGGAGC","103A29",1,118,"gAg/gTg","snp"
1232,"A","T",5689,450,450,"E/V","missense_variant","133M","TGGCCTACAACAAGTTCTCCATCAAGTCCGACGTCTGGGCATTTGGAGTATTGCTTTGGGAAATTGCTACCTATGGCATGTCCCCTTACCCGGGAATTGACCTGTCCCAGGTGTATGTGCTGCTAGAGAAGGA","117A15",1,118,"gAg/gTg","snp"
1302,"A","T",7464,450,450,"E/V","missense_variant","133M","CTATGGCATGTCCCCTTACCCGGGAATTGACCTGTCCCAGGTGTATGTGCTGCTAGAGAAGGACTACCGCATGGAGCGCCCAGAAGGCTGCCCAGAGAAGGTCTATGAACTCATGCGAGCATGTTGGCAGTGG","47A85",1,118,"gAg/gTg","snp"
1264,"A","T",6513,450,450,"E/V","missense_variant","133M","GTCTGGGCATTTGGAGTATTGCTTTGGGAAATTGCTACCTATGGCATGTCCCCTTACCCGGGAATTGACCTGTCCCAGGTGTATGTGCTGCTAGAGAAGGACTACCGCATGGAGCGCCCAGAAGGCTGCCCAG","85A47",1,118,"gAg/gTg","snp"
1270,"A","T",6828,450,450,"E/V","missense_variant","133M","GCATTTGGAGTATTGCTTTGGGAAATTGCTACCTATGGCATGTCCCCTTACCCGGGAATTGACCTGTCCCAGGTGTATGTGCTGCTAGAGAAGGACTACCGCATGGAGCGCCCAGAAGGCTGCCCAGAGAAGG","79A53",1,118,"gAg/gTg","snp"
1301,"A","T",7481,450,450,"E/V","missense_variant","133M","CCTATGGCATGTCCCCTTACCCGGGAATTGACCTGTCCCAGGTGTATGTGCTGCTAGAGAAGGACTACCGCATGGAGCGCCCAGAAGGCTGCCCAGAGAAGGTCTATGAACTCATGCGAGCATGTTGGCAGTG","48A84",1,118,"gAg/gTg","snp"
1324,"A","T",7786,450,450,"E/V","missense_variant","133M","GGAATTGACCTGTCCCAGGTGTATGTGCTGCTAGAGAAGGACTACCGCATGGAGCGCCCAGAAGGCTGCCCAGAGAAGGTCTATGAACTCATGCGAGCATGTTGGCAGTGGAATCCCTCTGACCGGCCCTCCT","25A107",1,118,"gAg/gTg","snp"
1294,"A","T",7318,450,450,"E/V","missense_variant","133M","ATTGCTACCTATGGCATGTCCCCTTACCCGGGAATTGACCTGTCCCAGGTGTATGTGCTGCTAGAGAAGGACTACCGCATGGAGCGCCCAGAAGGCTGCCCAGAGAAGGTCTATGAACTCATGCGAGCATGTT","55A77",1,118,"gAg/gTg","snp"
1267,"A","T",6645,450,450,"E/V","missense_variant","133M","TGGGCATTTGGAGTATTGCTTTGGGAAATTGCTACCTATGGCATGTCCCCTTACCCGGGAATTGACCTGTCCCAGGTGTATGTGCTGCTAGAGAAGGACTACCGCATGGAGCGCCCAGAAGGCTGCCCAGAGA","82A50",1,118,"gAg/gTg","snp"
1282,"A","T",7165,450,450,"E/V","missense_variant","133M","TTGCTTTGGGAAATTGCTACCTATGGCATGTCCCCTTACCCGGGAATTGACCTGTCCCAGGTGTATGTGCTGCTAGAGAAGGACTACCGCATGGAGCGCCCAGAAGGCTGCCCAGAGAAGGTCTATGAACTCA","67A65",1,118,"gAg/gTg","snp"
1299,"A","T",7406,450,450,"E/V","missense_variant","133M","TACCTATGGCATGTCCCCTTACCCGGGAATTGACCTGTCCCAGGTGTATGTGCTGCTAGAGAAGGACTACCGCATGGAGCGCCCAGAAGGCTGCCCAGAGAAGGTCTATGAACTCATGCGAGCATGTTGGCAG","50A82",1,118,"gAg/gTg","snp"
1311,"A","T",7527,450,450,"E/V","missense_variant","133M","GTCCCCTTACCCGGGAATTGACCTGTCCCAGGTGTATGTGCTGCTAGAGAAGGACTACCGCATGGAGCGCCCAGAAGGCTGCCCAGAGAAGGTCTATGAACTCATGCGAGCATGTTGGCAGTGGAATCCCTCT","38A94",1,118,"gAg/gTg","snp"
1274,"A","T",6897,450,450,"E/V","missense_variant","133M","TTGGAGTATTGCTTTGGGAAATTGCTACCTATGGCATGTCCCCTTACCCGGGAATTGACCTGTCCCAGGTGTATGTGCTGCTAGAGAAGGACTACCGCATGGAGCGCCCAGAAGGCTGCCCAGAGAAGGTCTA","75A57",1,118,"gAg/gTg","snp"
1275,"A","T",6946,450,450,"E/V","missense_variant","133M","TGGAGTATTGCTTTGGGAAATTGCTACCTATGGCATGTCCCCTTACCCGGGAATTGACCTGTCCCAGGTGTATGTGCTGCTAGAGAAGGACTACCGCATGGAGCGCCCAGAAGGCTGCCCAGAGAAGGTCTAT","74A58",1,118,"gAg/gTg","snp"
1279,"A","T",7224,450,450,"E/V","missense_variant","133M","GTATTGCTTTGGGAAATTGCTACCTATGGCATGTCCCCTTACCCGGGAATTGACCTGTCCCAGGTGTATGTGCTGCTAGAGAAGGACTACCGCATGGAGCGCCCAGAAGGCTGCCCAGAGAAGGTCTATGAAC","70A62",1,118,"gAg/gTg","snp"
1296,"A","T",7405,450,450,"E/V","missense_variant","132M","TGCTACCTATGGCATGTCCCCTTACCCGGGAATTGACCTGTCCCAGGTGTATGTGCTGCTAGAGAAGGACTACCGCATGGAGCGCCCAGAAGGCTGCCCAGAGAAGGTCTATGAACTCATGCGAGCATGTTG","53A78",1,118,"gAg/gTg","snp"
1270,"A","T",6828,450,450,"E/V","missense_variant","133M","GCATTTGGAGTATTGCTTTGGGAAATTGCTACCTATGGCATGTCCCCTTACCCGGGAATTGACCTGTCCCAGGTGTATGTGCTGCTAGAGAAGGACTACCGCATGGAGCGCCCAGAAGGCTGCCCAGAGAAGG","79A53",1,118,"gAg/gTg","snp"
1314,"A","T",7566,450,450,"E/V","missense_variant","133M","CCCTTACCCGGGAATTGACCTGTCCCAGGTGTATGTGCTGCTAGAGAAGGACTACCGCATGGAGCGCCCAGAAGGCTGCCCAGAGAAGGTCTATGAACTCATGCGAGCATGTTGGCAGTGGAATCCCTCTGAC","35A97",1,118,"gAg/gTg","snp"
1286,"A","T",7231,450,450,"E/V","missense_variant","133M","TTTGGGAAATTGCTACCTATGGCATGTCCCCTTACCCGGGAATTGACCTGTCCCAGGTGTATGTGCTGCTAGAGAAGGACTACCGCATGGAGCGCCCAGAAGGCTGCCCAGAGAAGGTCTATGAACTCATGCG","63A69",1,118,"gAg/gTg","snp"
1328,"A","T",7901,450,450,"E/V","missense_variant","133M","TTGACCTGTCCCAGGTGTATGTGCTGCTAGAGAAGGACTACCGCATGGAGCGCCCAGAAGGCTGCCCAGAGAAGGTCTATGAACTCATGCGAGCATGTTGGCAGTGGAATCCCTCTGACCGGCCCTCCTTTGC","21A111",1,118,"gAg/gTg","snp"
1329,"A","T",7903,450,450,"E/V","missense_variant","133M","TGACCTGTCCCAGGTGTATGTGCTGCTAGAGAAGGACTACCGCATGGAGCGCCCAGAAGGCTGCCCAGAGAAGGTCTATGAACTCATGCGAGCATGTTGGCAGTGGAATCCCTCTGACCGGCCCTCCTTTGCT","20A112",1,118,"gAg/gTg","snp"
1255,"A","T",6257,450,450,"E/V","missense_variant","133M","AAGTCCGACGTCTGGGCATTTGGAGTATTGCTTTGGGAAATTGCTACCTATGGCATGTCCCCTTACCCGGGAATTGACCTGTCCCAGGTGTATGTGCTGCTAGAGAAGGACTACCGCATGGAGCGCCCAGAAG","94A38",1,118,"gAg/gTg","snp"
1272,"A","T",6847,450,450,"E/V","missense_variant","133M","ATTTGGAGTATTGCTTTGGGAAATTGCTACCTATGGCATGTCCCCTTACCCGGGAATTGACCTGTCCCAGGTGTATGTGCTGCTAGAGAAGGACTACCGCATGGAGCGCCCAGAAGGCTGCCCAGAGAAGGTC","77A55",1,118,"gAg/gTg","snp"
1278,"A","T",7159,450,450,"E/V","missense_variant","133M","AGTATTGCTTTGGGAAATTGCTACCTATGGCATGTCCCCTTACCCGGGAATTGACCTGTCCCAGGTGTATGTGCTGCTAGAGAAGGACTACCGCATGGAGCGCCCAGAAGGCTGCCCAGAGAAGGTCTATGAA","71A61",1,118,"gAg/gTg","snp"
1273,"A","T",6854,450,450,"E/V","missense_variant","133M","TTTGGAGTATTGCTTTGGGAAATTGCTACCTATGGCATGTCCCCTTACCCGGGAATTGACCTGTCCCAGGTGTATGTGCTGCTAGAGAAGGACTACCGCATGGAGCGCCCAGAAGGCTGCCCAGAGAAGGTCT","76A56",1,118,"gAg/gTg","snp"
1246,"A","T",5991,450,450,"E/V","missense_variant","133M","TTCTCCATCAAGTCCGACGTCTGGGCATTTGGAGTATTGCTTTGGGAAATTGCTACCTATGGCATGTCCCCTTACCCGGGAATTGACCTGTCCCAGGTGTATGTGCTGCTAGAGAAGGACTACCGCATGGAGC","103A29",1,118,"gAg/gTg","snp"
1320,"A","T",7754,450,450,"E/V","missense_variant","133M","CCCGGGAATTGACCTGTCCCAGGTGTATGTGCTGCTAGAGAAGGACTACCGCATGGAGCGCCCAGAAGGCTGCCCAGAGAAGGTCTATGAACTCATGCGAGCATGTTGGCAGTGGAATCCCTCTGACCGGCCC","29A103",1,118,"gAg/gTg","snp"
1311,"A","T",7527,450,450,"E/V","missense_variant","133M","GTCCCCTTACCCGGGAATTGACCTGTCCCAGGTGTATGTGCTGCTAGAGAAGGACTACCGCATGGAGCGCCCAGAAGGCTGCCCAGAGAAGGTCTATGAACTCATGCGAGCATGTTGGCAGTGGAATCCCTCT","38A94",1,118,"gAg/gTg","snp"
1276,"A","T",6989,450,450,"E/V","missense_variant","133M","GGAGTATTGCTTTGGGAAATTGCTACCTATGGCATGTCCCCTTACCCGGGAATTGACCTGTCCCAGGTGTATGTGCTGCTAGAGAAGGACTACCGCATGGAGCGCCCAGAAGGCTGCCCAGAGAAGGTCTATG","73A59",1,118,"gAg/gTg","snp"
1289,"A","T",7300,450,450,"E/V","missense_variant","133M","GGGAAATTGCTACCTATGGCATGTCCCCTTACCCGGGAATTGACCTGTCCCAGGTGTATGTGCTGCTAGAGAAGGACTACCGCATGGAGCGCCCAGAAGGCTGCCCAGAGAAGGTCTATGAACTCATGCGAGC","60A72",1,118,"gAg/gTg","snp"
1280,"A","T",7230,450,450,"E/V","missense_variant","133M","TATTGCTTTGGGAAATTGCTACCTATGGCATGTCCCCTTACCCGGGAATTGACCTGTCCCAGGTGTATGTGCTGCTAGAGAAGGACTACCGCATGGAGCGCCCAGAAGGCTGCCCAGAGAAGGTCTATGAACT","69A63",1,118,"gAg/gTg","snp"
1289,"A","T",7300,450,450,"E/V","missense_variant","133M","GGGAAATTGCTACCTATGGCATGTCCCCTTACCCGGGAATTGACCTGTCCCAGGTGTATGTGCTGCTAGAGAAGGACTACCGCATGGAGCGCCCAGAAGGCTGCCCAGAGAAGGTCTATGAACTCATGCGAGC","60A72",1,118,"gAg/gTg","snp"
1319,"A","T",7728,450,450,"E/V","missense_variant","133M","ACCCGGGAATTGACCTGTCCCAGGTGTATGTGCTGCTAGAGAAGGACTACCGCATGGAGCGCCCAGAAGGCTGCCCAGAGAAGGTCTATGAACTCATGCGAGCATGTTGGCAGTGGAATCCCTCTGACCGGCC","30A102",1,118,"gAg/gTg","snp"
1294,"A","T",7318,450,450,"E/V","missense_variant","133M","ATTGCTACCTATGGCATGTCCCCTTACCCGGGAATTGACCTGTCCCAGGTGTATGTGCTGCTAGAGAAGGACTACCGCATGGAGCGCCCAGAAGGCTGCCCAGAGAAGGTCTATGAACTCATGCGAGCATGTT","55A77",1,118,"gAg/gTg","snp"
1282,"A","T",7165,450,450,"E/V","missense_variant","133M","TTGCTTTGGGAAATTGCTACCTATGGCATGTCCCCTTACCCGGGAATTGACCTGTCCCAGGTGTATGTGCTGCTAGAGAAGGACTACCGCATGGAGCGCCCAGAAGGCTGCCCAGAGAAGGTCTATGAACTCA","67A65",1,118,"gAg/gTg","snp"
1222,"A","T",5623,450,450,"E/V","missense_variant","133M","CCCGAGAGCCTGGCCTACAACAAGTTCTCCATCAAGTCCGACGTCTGGGCATTTGGAGTATTGCTTTGGGAAATTGCTACCTATGGCATGTCCCCTTACCCGGGAATTGACCTGTCCCAGGTGTATGTGCTGC","127A5",1,118,"gAg/gTg","snp"
1287,"A","T",7249,450,450,"E/V","missense_variant","133M","TTGGGAAATTGCTACCTATGGCATGTCCCCTTACCCGGGAATTGACCTGTCCCAGGTGTATGTGCTGCTAGAGAAGGACTACCGCATGGAGCGCCCAGAAGGCTGCCCAGAGAAGGTCTATGAACTCATGCGA","62A70",1,118,"gAg/gTg","snp"
1329,"A","T",7903,450,450,"E/V","missense_variant","133M","TGACCTGTCCCAGGTGTATGTGCTGCTAGAGAAGGACTACCGCATGGAGCGCCCAGAAGGCTGCCCAGAGAAGGTCTATGAACTCATGCGAGCATGTTGGCAGTGGAATCCCTCTGACCGGCCCTCCTTTGCT","20A112",1,118,"gAg/gTg","snp"
1283,"A","T",7126,450,450,"E/V","missense_variant","133M","TGCTTTGGGAAATTGCTACCTATGGCATGTCCCCTTACCCGGGAATTGACCTGTCCCAGGTGTATGTGCTGCTAGAGAAGGACTACCGCATGGAGCGCCCAGAAGGCTGCCCAGAGAAGGTCTATGAACTCAT","66A66",1,118,"gAg/gTg","snp"
1288,"A","T",7276,450,450,"E/V","missense_variant","133M","TGGGAAATTGCTACCTATGGCATGTCCCCTTACCCGGGAATTGACCTGTCCCAGGTGTATGTGCTGCTAGAGAAGGACTACCGCATGGAGCGCCCAGAAGGCTGCCCAGAGAAGGTCTATGAACTCATGCGAG","61A71",1,118,"gAg/gTg","snp"
1325,"A","T",7798,450,450,"E/V","missense_variant","133M","GAATTGACCTGTCCCAGGTGTATGTGCTGCTAGAGAAGGACTACCGCATGGAGCGCCCAGAAGGCTGCCCAGAGAAGGTCTATGAACTCATGCGAGCATGTTGGCAGTGGAATCCCTCTGACCGGCCCTCCTT","24A108",1,118,"gAg/gTg","snp"
1292,"A","T",7355,450,450,"E/V","missense_variant","133M","AAATTGCTACCTATGGCATGTCCCCTTACCCGGGAATTGACCTGTCCCAGGTGTATGTGCTGCTAGAGAAGGACTACCGCATGGAGCGCCCAGAAGGCTGCCCAGAGAAGGTCTATGAACTCATGCGAGCATG","57A75",1,118,"gAg/gTg","snp"
1318,"A","T",7675,450,450,"E/V","missense_variant","133M","TACCCGGGAATTGACCTGTCCCAGGTGTATGTGCTGCTAGAGAAGGACTACCGCATGGAGCGCCCAGAAGGCTGCCCAGAGAAGGTCTATGAACTCATGCGAGCATGTTGGCAGTGGAATCCCTCTGACCGGC","31A101",1,118,"gAg/gTg","snp"
1296,"A","T",7405,450,450,"E/V","missense_variant","133M","TGCTACCTATGGCATGTCCCCTTACCCGGGAATTGACCTGTCCCAGGTGTATGTGCTGCTAGAGAAGGACTACCGCATGGAGCGCCCAGAAGGCTGCCCAGAGAAGGTCTATGAACTCATGCGAGCATGTTGG","53A79",1,118,"gAg/gTg","snp"
1308,"A","T",7489,450,450,"E/V","missense_variant","133M","CATGTCCCCTTACCCGGGAATTGACCTGTCCCAGGTGTATGTGCTGCTAGAGAAGGACTACCGCATGGAGCGCCCAGAAGGCTGCCCAGAGAAGGTCTATGAACTCATGCGAGCATGTTGGCAGTGGAATCCC","41A91",1,118,"gAg/gTg","snp"
1338,"A","T",7961,450,450,"E/V","missense_variant","133M","CCAGGTGTATGTGCTGCTAGAGAAGGACTACCGCATGGAGCGCCCAGAAGGCTGCCCAGAGAAGGTCTATGAACTCATGCGAGCATGTTGGCAGTGGAATCCCTCTGACCGGCCCTCCTTTGCTGAAATCCAC","11A121",1,118,"gAg/gTg","snp"
1323,"A","T",7792,450,450,"E/V","missense_variant","133M","GGGAATTGACCTGTCCCAGGTGTATGTGCTGCTAGAGAAGGACTACCGCATGGAGCGCCCAGAAGGCTGCCCAGAGAAGGTCTATGAACTCATGCGAGCATGTTGGCAGTGGAATCCCTCTGACCGGCCCTCC","26A106",1,118,"gAg/gTg","snp"
1264,"A","T",6513,450,450,"E/V","missense_variant","133M","GTCTGGGCATTTGGAGTATTGCTTTGGGAAATTGCTACCTATGGCATGTCCCCTTACCCGGGAATTGACCTGTCCCAGGTGTATGTGCTGCTAGAGAAGGACTACCGCATGGAGCGCCCAGAAGGCTGCCCAG","85A47",1,118,"gAg/gTg","snp"
1282,"A","T",7165,450,450,"E/V","missense_variant","133M","TTGCTTTGGGAAATTGCTACCTATGGCATGTCCCCTTACCCGGGAATTGACCTGTCCCAGGTGTATGTGCTGCTAGAGAAGGACTACCGCATGGAGCGCCCAGAAGGCTGCCCAGAGAAGGTCTATGAACTCA","67A65",1,118,"gAg/gTg","snp"
1347,"A","T",8014,450,450,"E/V","missense_variant","133M","TGTGCTGCTAGAGAAGGACTACCGCATGGAGCGCCCAGAAGGCTGCCCAGAGAAGGTCTATGAACTCATGCGAGCATGTTGGCAGTGGAATCCCTCTGACCGGCCCTCCTTTGCTGAAATCCACCAAGCCTTT","2A130",1,118,"gAg/gTg","snp"
1333,"A","T",8004,450,450,"E/V","missense_variant","133M","CTGTCCCAGGTGTATGTGCTGCTAGAGAAGGACTACCGCATGGAGCGCCCAGAAGGCTGCCCAGAGAAGGTCTATGAACTCATGCGAGCATGTTGGCAGTGGAATCCCTCTGACCGGCCCTCCTTTGCTGAAA","16A116",1,118,"gAg/gTg","snp"
1287,"A","T",7249,450,450,"E/V","missense_variant","133M","TTGGGAAATTGCTACCTATGGCATGTCCCCTTACCCGGGAATTGACCTGTCCCAGGTGTATGTGCTGCTAGAGAAGGACTACCGCATGGAGCGCCCAGAAGGCTGCCCAGAGAAGGTCTATGAACTCATGCGA","62A70",1,118,"gAg/gTg","snp"
1317,"A","T",7634,450,450,"E/V","missense_variant","133M","TTACCCGGGAATTGACCTGTCCCAGGTGTATGTGCTGCTAGAGAAGGACTACCGCATGGAGCGCCCAGAAGGCTGCCCAGAGAAGGTCTATGAACTCATGCGAGCATGTTGGCAGTGGAATCCCTCTGACCGG","32A100",1,118,"gAg/gTg","snp"
1344,"A","T",8008,450,450,"E/V","missense_variant","133M","GTATGTGCTGCTAGAGAAGGACTACCGCATGGAGCGCCCAGAAGGCTGCCCAGAGAAGGTCTATGAACTCATGCGAGCATGTTGGCAGTGGAATCCCTCTGACCGGCCCTCCTTTGCTGAAATCCACCAAGCC","5A127",1,118,"gAg/gTg","snp"
1325,"A","T",7798,450,450,"E/V","missense_variant","133M","GAATTGACCTGTCCCAGGTGTATGTGCTGCTAGAGAAGGACTACCGCATGGAGCGCCCAGAAGGCTGCCCAGAGAAGGTCTATGAACTCATGCGAGCATGTTGGCAGTGGAATCCCTCTGACCGGCCCTCCTT","24A108",1,118,"gAg/gTg","snp"
1337,"A","T",7964,450,450,"E/V","missense_variant","133M","CCCAGGTGTATGTGCTGCTAGAGAAGGACTACCGCATGGAGCGCCCAGAAGGCTGCCCAGAGAAGGTCTATGAACTCATGCGAGCATGTTGGCAGTGGAATCCCTCTGACCGGCCCTCCTTTGCTGAAATCCA","12A120",1,118,"gAg/gTg","snp"
1300,"A","T",7430,450,450,"E/V","missense_variant","133M","ACCTATGGCATGTCCCCTTACCCGGGAATTGACCTGTCCCAGGTGTATGTGCTGCTAGAGAAGGACTACCGCATGGAGCGCCCAGAAGGCTGCCCAGAGAAGGTCTATGAACTCATGCGAGCATGTTGGCAGT","49A83",1,118,"gAg/gTg","snp"
1324,"A","T",7786,450,450,"E/V","missense_variant","133M","GGAATTGACCTGTCCCAGGTGTATGTGCTGCTAGAGAAGGACTACCGCATGGAGCGCCCAGAAGGCTGCCCAGAGAAGGTCTATGAACTCATGCGAGCATGTTGGCAGTGGAATCCCTCTGACCGGCCCTCCT","25A107",1,118,"gAg/gTg","snp"
1337,"A","T",7964,450,450,"E/V","missense_variant","133M","CCCAGGTGTATGTGCTGCTAGAGAAGGACTACCGCATGGAGCGCCCAGAAGGCTGCCCAGAGAAGGTCTATGAACTCATGCGAGCATGTTGGCAGTGGAATCCCTCTGACCGGCCCTCCTTTGCTGAAATCCA","12A120",1,118,"gAg/gTg","snp"
1298,"A","T",7421,450,450,"E/V","missense_variant","133M","CTACCTATGGCATGTCCCCTTACCCGGGAATTGACCTGTCCCAGGTGTATGTGCTGCTAGAGAAGGACTACCGCATGGAGCGCCCAGAAGGCTGCCCAGAGAAGGTCTATGAACTCATGCGAGCATGTTGGCA","51A81",1,118,"gAg/gTg","snp"
1342,"A","T",7954,450,450,"E/V","missense_variant","133M","GTGTATGTGCTGCTAGAGAAGGACTACCGCATGGAGCGCCCAGAAGGCTGCCCAGAGAAGGTCTATGAACTCATGCGAGCATGTTGGCAGTGGAATCCCTCTGACCGGCCCTCCTTTGCTGAAATCCACCAAG","7A125",1,118,"gAg/gTg","snp"
1306,"A","T",7452,450,450,"E/V","missense_variant","133M","GGCATGTCCCCTTACCCGGGAATTGACCTGTCCCAGGTGTATGTGCTGCTAGAGAAGGACTACCGCATGGAGCGCCCAGAAGGCTGCCCAGAGAAGGTCTATGAACTCATGCGAGCATGTTGGCAGTGGAATC","43A89",1,118,"gAg/gTg","snp"
1302,"A","T",7464,450,450,"E/V","missense_variant","133M","CTATGGCATGTCCCCTTACCCGGGAATTGACCTGTCCCAGGTGTATGTGCTGCTAGAGAAGGACTACCGCATGGAGCGCCCAGAAGGCTGCCCAGAGAAGGTCTATGAACTCATGCGAGCATGTTGGCAGTGG","47A85",1,118,"gAg/gTg","snp"
1292,"A","T",7355,450,450,"E/V","missense_variant","133M","AAATTGCTACCTATGGCATGTCCCCTTACCCGGGAATTGACCTGTCCCAGGTGTATGTGCTGCTAGAGAAGGACTACCGCATGGAGCGCCCAGAAGGCTGCCCAGAGAAGGTCTATGAACTCATGCGAGCATG","57A75",1,118,"gAg/gTg","snp"
1301,"A","T",7481,450,450,"E/V","missense_variant","133M","CCTATGGCATGTCCCCTTACCCGGGAATTGACCTGTCCCAGGTGTATGTGCTGCTAGAGAAGGACTACCGCATGGAGCGCCCAGAAGGCTGCCCAGAGAAGGTCTATGAACTCATGCGAGCATGTTGGCAGTG","48A84",1,118,"gAg/gTg","snp"
1294,"A","T",7318,450,450,"E/V","missense_variant","133M","ATTGCTACCTATGGCATGTCCCCTTACCCGGGAATTGACCTGTCCCAGGTGTATGTGCTGCTAGAGAAGGACTACCGCATGGAGCGCCCAGAAGGCTGCCCAGAGAAGGTCTATGAACTCATGCGAGCATGTT","55A77",1,118,"gAg/gTg","snp"
1310,"A","T",7524,450,450,"E/V","missense_variant","133M","TGTCCCCTTACCCGGGAATTGACCTGTCCCAGGTGTATGTGCTGCTAGAGAAGGACTACCGCATGGAGCGCCCAGAAGGCTGCCCAGAGAAGGTCTATGAACTCATGCGAGCATGTTGGCAGTGGAATCCCTC","39A93",1,118,"gAg/gTg","snp"
1256,"C","A",6284,451,451,"L/M","missense_variant","133M","AGTCCGACGTCTGGGCATTTGGAGTATTGCTTTGGGAAATTGCTACCTATGGCATGTCCCCTTACCCGGGAATTGACCTGTCCCAGGTGTATGAGATGCTAGAGAAGGACTACCGCATGGAGCGCCCAGAAGG","95C37",1,1,"Ctg/Atg","snp"
1247,"G","A",6036,451,451,"L","synonymous_variant","133M","TCTCCATCAAGTCCGACGTCTGGGCATTTGGAGTATTGCTTTGGGAAATTGCTACCTATGGCATGTCCCCTTACCCGGGAATTGACCTGTCCCAGGTGTATGAGCTACTAGAGAAGGACTACCGCATGGAGCG","106G26",1,5,"ctG/ctA","snp"
1302,"G","A",7464,451,451,"L","synonymous_variant","133M","CTATGGCATGTCCCCTTACCCGGGAATTGACCTGTCCCAGGTGTATGAGCTACTAGAGAAGGACTACCGCATGGAGCGCCCAGAAGGCTGCCCAGAGAAGGTCTATGAACTCATGCGAGCATGTTGGCAGTGG","51G81",1,5,"ctG/ctA","snp"
1351,"G","A",8031,451,451,"L","synonymous_variant","133M","CTACTAGAGAAGGACTACCGCATGGAGCGCCCAGAAGGCTGCCCAGAGAAGGTCTATGAACTCATGCGAGCATGTTGGCAGTGGAATCCCTCTGACCGGCCCTCCTTTGCTGAAATCCACCAAGCCTTTGAAA","2G130",1,5,"ctG/ctA","snp"
1290,"G","A",7322,451,451,"L","synonymous_variant","133M","GGAAATTGCTACCTATGGCATGTCCCCTTACCCGGGAATTGACCTGTCCCAGGTGTATGAGCTACTAGAGAAGGACTACCGCATGGAGCGCCCAGAAGGCTGCCCAGAGAAGGTCTATGAACTCATGCGAGCA","63G69",1,5,"ctG/ctA","snp"
1340,"G","A",7889,451,451,"L","synonymous_variant","133M","AGGTGTATGAGCTACTAGAGAAGGACTACCGCATGGAGCGCCCAGAAGGCTGCCCAGAGAAGGTCTATGAACTCATGCGAGCATGTTGGCAGTGGAATCCCTCTGACCGGCCCTCCTTTGCTGAAATCCACCA","13G119",1,5,"ctG/ctA","snp"
1292,"A","G",7355,452,452,"L","synonymous_variant","133M","AAATTGCTACCTATGGCATGTCCCCTTACCCGGGAATTGACCTGTCCCAGGTGTATGAGCTGCTGGAGAAGGACTACCGCATGGAGCGCCCAGAAGGCTGCCCAGAGAAGGTCTATGAACTCATGCGAGCATG","64A68",1,1,"ctA/ctG","snp"
1332,"G","A",7975,453,453,"E/K","missense_variant","133M","CCTGTCCCAGGTGTATGAGCTGCTAAAGAAGGACTACCGCATGGAGCGCCCAGAAGGCTGCCCAGAGAAGGTCTATGAACTCATGCGAGCATGTTGGCAGTGGAATCCCTCTGACCGGCCCTCCTTTGCTGAA","25G107",1,2,"Gag/Aag","snp"
1309,"G","A",7520,453,453,"E/K","missense_variant","133M","ATGTCCCCTTACCCGGGAATTGACCTGTCCCAGGTGTATGAGCTGCTAAAGAAGGACTACCGCATGGAGCGCCCAGAAGGCTGCCCAGAGAAGGTCTATGAACTCATGCGAGCATGTTGGCAGTGGAATCCCT","48G84",1,2,"Gag/Aag","snp"
1330,"G","T",7878,NA,NA,"NaN","stop_gained","133M","GACCTGTCCCAGGTGTATGAGCTGCTATAGAAGGACTACCGCATGGAGCGCCCAGAAGGCTGCCCAGAGAAGGTCTATGAACTCATGCGAGCATGTTGGCAGTGGAATCCCTCTGACCGGCCCTCCTTTGCTG","27G105",1,1,"NaN","snp"
1245,"G","A",5893,453,453,"E","synonymous_variant","133M","GTTCTCCATCAAGTCCGACGTCTGGGCATTTGGAGTATTGCTTTGGGAAATTGCTACCTATGGCATGTCCCCTTACCCGGGAATTGACCTGTCCCAGGTGTATGAGCTGCTAGAAAAGGACTACCGCATGGAG","114G18",1,34,"gaG/gaA","snp"
1308,"G","A",7489,453,453,"E","synonymous_variant","133M","CATGTCCCCTTACCCGGGAATTGACCTGTCCCAGGTGTATGAGCTGCTAGAAAAGGACTACCGCATGGAGCGCCCAGAAGGCTGCCCAGAGAAGGTCTATGAACTCATGCGAGCATGTTGGCAGTGGAATCCC","51G81",1,34,"gaG/gaA","snp"
1300,"G","A",7430,453,453,"E","synonymous_variant","133M","ACCTATGGCATGTCCCCTTACCCGGGAATTGACCTGTCCCAGGTGTATGAGCTGCTAGAAAAGGACTACCGCATGGAGCGCCCAGAAGGCTGCCCAGAGAAGGTCTATGAACTCATGCGAGCATGTTGGCAGT","59G73",1,34,"gaG/gaA","snp"
1268,"G","A",6686,453,453,"E","synonymous_variant","133M","GGGCATTTGGAGTATTGCTTTGGGAAATTGCTACCTATGGCATGTCCCCTTACCCGGGAATTGACCTGTCCCAGGTGTATGAGCTGCTAGAAAAGGACTACCGCATGGAGCGCCCAGAAGGCTGCCCAGAGAA","91G41",1,34,"gaG/gaA","snp"
1295,"G","A",7375,453,453,"E","synonymous_variant","133M","TTGCTACCTATGGCATGTCCCCTTACCCGGGAATTGACCTGTCCCAGGTGTATGAGCTGCTAGAAAAGGACTACCGCATGGAGCGCCCAGAAGGCTGCCCAGAGAAGGTCTATGAACTCATGCGAGCATGTTG","64G68",1,34,"gaG/gaA","snp"
1348,"G","A",8015,453,453,"E","synonymous_variant","133M","GAGCTGCTAGAAAAGGACTACCGCATGGAGCGCCCAGAAGGCTGCCCAGAGAAGGTCTATGAACTCATGCGAGCATGTTGGCAGTGGAATCCCTCTGACCGGCCCTCCTTTGCTGAAATCCACCAAGCCTTTG","11G121",1,34,"gaG/gaA","snp"
1286,"G","A",7231,453,453,"E","synonymous_variant","133M","TTTGGGAAATTGCTACCTATGGCATGTCCCCTTACCCGGGAATTGACCTGTCCCAGGTGTATGAGCTGCTAGAAAAGGACTACCGCATGGAGCGCCCAGAAGGCTGCCCAGAGAAGGTCTATGAACTCATGCG","73G59",1,34,"gaG/gaA","snp"
1278,"G","A",7159,453,453,"E","synonymous_variant","133M","AGTATTGCTTTGGGAAATTGCTACCTATGGCATGTCCCCTTACCCGGGAATTGACCTGTCCCAGGTGTATGAGCTGCTAGAAAAGGACTACCGCATGGAGCGCCCAGAAGGCTGCCCAGAGAAGGTCTATGAA","81G51",1,34,"gaG/gaA","snp"
1257,"G","A",6312,453,453,"E","synonymous_variant","133M","GTCCGACGTCTGGGCATTTGGAGTATTGCTTTGGGAAATTGCTACCTATGGCATGTCCCCTTACCCGGGAATTGACCTGTCCCAGGTGTATGAGCTGCTAGAAAAGGACTACCGCATGGAGCGCCCAGAAGGC","102G30",1,34,"gaG/gaA","snp"
1232,"G","A",5689,453,453,"E","synonymous_variant","133M","TGGCCTACAACAAGTTCTCCATCAAGTCCGACGTCTGGGCATTTGGAGTATTGCTTTGGGAAATTGCTACCTATGGCATGTCCCCTTACCCGGGAATTGACCTGTCCCAGGTGTATGAGCTGCTAGAAAAGGA","127G5",1,34,"gaG/gaA","snp"
1241,"G","A",5779,453,453,"E","synonymous_variant","133M","ACAAGTTCTCCATCAAGTCCGACGTCTGGGCATTTGGAGTATTGCTTTGGGAAATTGCTACCTATGGCATGTCCCCTTACCCGGGAATTGACCTGTCCCAGGTGTATGAGCTGCTAGAAAAGGACTACCGCAT","118G14",1,34,"gaG/gaA","snp"
1250,"G","A",6175,453,453,"E","synonymous_variant","133M","CCATCAAGTCCGACGTCTGGGCATTTGGAGTATTGCTTTGGGAAATTGCTACCTATGGCATGTCCCCTTACCCGGGAATTGACCTGTCCCAGGTGTATGAGCTGCTAGAAAAGGACTACCGCATGGAGCGCCC","109G23",1,34,"gaG/gaA","snp"
1286,"G","A",7231,453,453,"E","synonymous_variant","133M","TTTGGGAAATTGCTACCTATGGCATGTCCCCTTACCCGGGAATTGACCTGTCCCAGGTGTATGAGCTGCTAGAAAAGGACTACCGCATGGAGCGCCCAGAAGGCTGCCCAGAGAAGGTCTATGAACTCATGCG","73G59",1,34,"gaG/gaA","snp"
1297,"G","A",7412,453,453,"E","synonymous_variant","133M","GCTACCTATGGCATGTCCCCTTACCCGGGAATTGACCTGTCCCAGGTGTATGAGCTGCTAGAAAAGGACTACCGCATGGAGCGCCCAGAAGGCTGCCCAGAGAAGGTCTATGAACTCATGCGAGCATGTTGGC","62G70",1,34,"gaG/gaA","snp"
1247,"G","A",6036,453,453,"E","synonymous_variant","130M3S","TCTCCATCAAGTCCGACGTCTGGGCATTTGGAGTATTGCTTTGGGAAATTGCTACCTATGGCATGTCCCCTTACCCGGGAATTGACCTGTCCCAGGTGTATGAGCTGCTAGAAAAGGACTACCGCATGGACAA","112G17",1,34,"gaG/gaA","snp"
1278,"G","A",7159,453,453,"E","synonymous_variant","133M","AGTATTGCTTTGGGAAATTGCTACCTATGGCATGTCCCCTTACCCGGGAATTGACCTGTCCCAGGTGTATGAGCTGCTAGAAAAGGACTACCGCATGGAGCGCCCAGAAGGCTGCCCAGAGAAGGTCTATGAA","81G51",1,34,"gaG/gaA","snp"
1334,"G","A",7962,453,453,"E","synonymous_variant","133M","TGTCCCAGGTGTATGAGCTGCTAGAAAAGGACTACCGCATGGAGCGCCCAGAAGGCTGCCCAGAGAAGGTCTATGAACTCATGCGAGCATGTTGGCAGTGGAATCCCTCTGACCGGCCCTCCTTTGCTGAAAT","25G107",1,34,"gaG/gaA","snp"
1268,"G","A",6686,453,453,"E","synonymous_variant","133M","GGGCATTTGGAGTATTGCTTTGGGAAATTGCTACCTATGGCATGTCCCCTTACCCGGGAATTGACCTGTCCCAGGTGTATGAGCTGCTAGAAAAGGACTACCGCATGGAGCGCCCAGAAGGCTGCCCAGAGAA","91G41",1,34,"gaG/gaA","snp"
1288,"G","A",7276,453,453,"E","synonymous_variant","133M","TGGGAAATTGCTACCTATGGCATGTCCCCTTACCCGGGAATTGACCTGTCCCAGGTGTATGAGCTGCTAGAAAAGGACTACCGCATGGAGCGCCCAGAAGGCTGCCCAGAGAAGGTCTATGAACTCATGCGAG","71G61",1,34,"gaG/gaA","snp"
1296,"G","A",7405,453,453,"E","synonymous_variant","133M","TGCTACCTATGGCATGTCCCCTTACCCGGGAATTGACCTGTCCCAGGTGTATGAGCTGCTAGAAAAGGACTACCGCATGGAGCGCCCAGAAGGCTGCCCAGAGAAGGTCTATGAACTCATGCGAGCATGTTGG","63G69",1,34,"gaG/gaA","snp"
1320,"G","A",7754,453,453,"E","synonymous_variant","133M","CCCGGGAATTGACCTGTCCCAGGTGTATGAGCTGCTAGAAAAGGACTACCGCATGGAGCGCCCAGAAGGCTGCCCAGAGAAGGTCTATGAACTCATGCGAGCATGTTGGCAGTGGAATCCCTCTGACCGGCCC","39G93",1,34,"gaG/gaA","snp"
1284,"G","A",7129,453,453,"E","synonymous_variant","133M","GCTTTGGGAAATTGCTACCTATGGCATGTCCCCTTACCCGGGAATTGACCTGTCCCAGGTGTATGAGCTGCTAGAAAAGGACTACCGCATGGAGCGCCCAGAAGGCTGCCCAGAGAAGGTCTATGAACTCATG","75G57",1,34,"gaG/gaA","snp"
1308,"G","A",7489,453,453,"E","synonymous_variant","133M","CATGTCCCCTTACCCGGGAATTGACCTGTCCCAGGTGTATGAGCTGCTAGAAAAGGACTACCGCATGGAGCGCCCAGAAGGCTGCCCAGAGAAGGTCTATGAACTCATGCGAGCATGTTGGCAGTGGAATCCC","51G81",1,34,"gaG/gaA","snp"
1292,"G","A",7355,453,453,"E","synonymous_variant","133M","AAATTGCTACCTATGGCATGTCCCCTTACCCGGGAATTGACCTGTCCCAGGTGTATGAGCTGCTAGAAAAGGACTACCGCATGGAGCGCCCAGAAGGCTGCCCAGAGAAGGTCTATGAACTCATGCGAGCATG","67G65",1,34,"gaG/gaA","snp"
1316,"G","A",7574,453,453,"E","synonymous_variant","133M","CTTACCCGGGAATTGACCTGTCCCAGGTGTATGAGCTGCTAGAAAAGGACTACCGCATGGAGCGCCCAGAAGGCTGCCCAGAGAAGGTCTATGAACTCATGCGAGCATGTTGGCAGTGGAATCCCTCTGACCG","43G89",1,34,"gaG/gaA","snp"
1329,"G","A",7903,453,453,"E","synonymous_variant","133M","TGACCTGTCCCAGGTGTATGAGCTGCTAGAAAAGGACTACCGCATGGAGCGCCCAGAAGGCTGCCCAGAGAAGGTCTATGAACTCATGCGAGCATGTTGGCAGTGGAATCCCTCTGACCGGCCCTCCTTTGCT","30G102",1,34,"gaG/gaA","snp"
1306,"G","A",7452,453,453,"E","synonymous_variant","133M","GGCATGTCCCCTTACCCGGGAATTGACCTGTCCCAGGTGTATGAGCTGCTAGAAAAGGACTACCGCATGGAGCGCCCAGAAGGCTGCCCAGAGAAGGTCTATGAACTCATGCGAGCATGTTGGCAGTGGAATC","53G79",1,34,"gaG/gaA","snp"
1286,"G","A",7231,453,453,"E","synonymous_variant","133M","TTTGGGAAATTGCTACCTATGGCATGTCCCCTTACCCGGGAATTGACCTGTCCCAGGTGTATGAGCTGCTAGAAAAGGACTACCGCATGGAGCGCCCAGAAGGCTGCCCAGAGAAGGTCTATGAACTCATGCG","73G59",1,34,"gaG/gaA","snp"
1260,"G","A",6392,453,453,"E","synonymous_variant","133M","CGACGTCTGGGCATTTGGAGTATTGCTTTGGGAAATTGCTACCTATGGCATGTCCCCTTACCCGGGAATTGACCTGTCCCAGGTGTATGAGCTGCTAGAAAAGGACTACCGCATGGAGCGCCCAGAAGGCTGC","99G33",1,34,"gaG/gaA","snp"
1300,"G","A",7430,453,453,"E","synonymous_variant","133M","ACCTATGGCATGTCCCCTTACCCGGGAATTGACCTGTCCCAGGTGTATGAGCTGCTAGAAAAGGACTACCGCATGGAGCGCCCAGAAGGCTGCCCAGAGAAGGTCTATGAACTCATGCGAGCATGTTGGCAGT","59G73",1,34,"gaG/gaA","snp"
1342,"G","A",7954,453,453,"E","synonymous_variant","133M","GTGTATGAGCTGCTAGAAAAGGACTACCGCATGGAGCGCCCAGAAGGCTGCCCAGAGAAGGTCTATGAACTCATGCGAGCATGTTGGCAGTGGAATCCCTCTGACCGGCCCTCCTTTGCTGAAATCCACCAAG","17G115",1,34,"gaG/gaA","snp"
1316,"G","A",7574,453,453,"E","synonymous_variant","133M","CTTACCCGGGAATTGACCTGTCCCAGGTGTATGAGCTGCTAGAAAAGGACTACCGCATGGAGCGCCCAGAAGGCTGCCCAGAGAAGGTCTATGAACTCATGCGAGCATGTTGGCAGTGGAATCCCTCTGACCG","43G89",1,34,"gaG/gaA","snp"
1332,"G","A",7975,453,453,"E","synonymous_variant","133M","CCTGTCCCAGGTGTATGAGCTGCTAGAAAAGGACTACCGCATGGAGCGCCCAGAAGGCTGCCCAGAGAAGGTCTATGAACTCATGCGAGCATGTTGGCAGTGGAATCCCTCTGACCGGCCCTCCTTTGCTGAA","27G105",1,34,"gaG/gaA","snp"
1301,"G","A",7481,453,453,"E","synonymous_variant","133M","CCTATGGCATGTCCCCTTACCCGGGAATTGACCTGTCCCAGGTGTATGAGCTGCTAGAAAAGGACTACCGCATGGAGCGCCCAGAAGGCTGCCCAGAGAAGGTCTATGAACTCATGCGAGCATGTTGGCAGTG","58G74",1,34,"gaG/gaA","snp"
1289,"A","G",7300,454,454,"K/E","missense_variant","133M","GGGAAATTGCTACCTATGGCATGTCCCCTTACCCGGGAATTGACCTGTCCCAGGTGTATGAGCTGCTAGAGGAGGACTACCGCATGGAGCGCCCAGAAGGCTGCCCAGAGAAGGTCTATGAACTCATGCGAGC","71A61",1,5,"Aag/Gag","snp"
1320,"A","G",7754,454,454,"K/E","missense_variant","133M","CCCGGGAATTGACCTGTCCCAGGTGTATGAGCTGCTAGAGGAGGACTACCGCATGGAGCGCCCAGAAGGCTGCCCAGAGAAGGTCTATGAACTCATGCGAGCATGTTGGCAGTGGAATCCCTCTGACCGGCCC","40A92",1,5,"Aag/Gag","snp"
1315,"A","G",7555,454,454,"K/E","missense_variant","133M","CCTTACCCGGGAATTGACCTGTCCCAGGTGTATGAGCTGCTAGAGGAGGACTACCGCATGGAGCGCCCAGAAGGCTGCCCAGAGAAGGTCTATGAACTCATGCGAGCATGTTGGCAGTGGAATCCCTCTGACC","45A87",1,5,"Aag/Gag","snp"
1316,"A","G",7574,454,454,"K/E","missense_variant","133M","CTTACCCGGGAATTGACCTGTCCCAGGTGTATGAGCTGCTAGAGGAGGACTACCGCATGGAGCGCCCAGAAGGCTGCCCAGAGAAGGTCTATGAACTCATGCGAGCATGTTGGCAGTGGAATCCCTCTGACCG","44A88",1,5,"Aag/Gag","snp"
1306,"A","G",7452,454,454,"K/E","missense_variant","133M","GGCATGTCCCCTTACCCGGGAATTGACCTGTCCCAGGTGTATGAGCTGCTAGAGGAGGACTACCGCATGGAGCGCCCAGAAGGCTGCCCAGAGAAGGTCTATGAACTCATGCGAGCATGTTGGCAGTGGAATC","54A78",1,5,"Aag/Gag","snp"
1289,"T","A",7300,456,456,"Y/N","missense_variant","133M","GGGAAATTGCTACCTATGGCATGTCCCCTTACCCGGGAATTGACCTGTCCCAGGTGTATGAGCTGCTAGAGAAGGACAACCGCATGGAGCGCCCAGAAGGCTGCCCAGAGAAGGTCTATGAACTCATGCGAGC","77T55",1,23,"Tac/Aac","snp"
1331,"T","A",7898,456,456,"Y/N","missense_variant","133M","ACCTGTCCCAGGTGTATGAGCTGCTAGAGAAGGACAACCGCATGGAGCGCCCAGAAGGCTGCCCAGAGAAGGTCTATGAACTCATGCGAGCATGTTGGCAGTGGAATCCCTCTGACCGGCCCTCCTTTGCTGA","35T97",1,23,"Tac/Aac","snp"
1307,"T","A",7468,456,456,"Y/N","missense_variant","133M","GCATGTCCCCTTACCCGGGAATTGACCTGTCCCAGGTGTATGAGCTGCTAGAGAAGGACAACCGCATGGAGCGCCCAGAAGGCTGCCCAGAGAAGGTCTATGAACTCATGCGAGCATGTTGGCAGTGGAATCC","59T73",1,23,"Tac/Aac","snp"
1302,"T","A",7464,456,456,"Y/N","missense_variant","133M","CTATGGCATGTCCCCTTACCCGGGAATTGACCTGTCCCAGGTGTATGAGCTGCTAGAGAAGGACAACCGCATGGAGCGCCCAGAAGGCTGCCCAGAGAAGGTCTATGAACTCATGCGAGCATGTTGGCAGTGG","64T68",1,23,"Tac/Aac","snp"
1270,"T","A",6828,456,456,"Y/N","missense_variant","133M","GCATTTGGAGTATTGCTTTGGGAAATTGCTACCTATGGCATGTCCCCTTACCCGGGAATTGACCTGTCCCAGGTGTATGAGCTGCTAGAGAAGGACAACCGCATGGAGCGCCCAGAAGGCTGCCCAGAGAAGG","96T36",1,23,"Tac/Aac","snp"
1279,"T","A",7224,456,456,"Y/N","missense_variant","133M","GTATTGCTTTGGGAAATTGCTACCTATGGCATGTCCCCTTACCCGGGAATTGACCTGTCCCAGGTGTATGAGCTGCTAGAGAAGGACAACCGCATGGAGCGCCCAGAAGGCTGCCCAGAGAAGGTCTATGAAC","87T45",1,23,"Tac/Aac","snp"
1276,"T","A",6989,456,456,"Y/N","missense_variant","133M","GGAGTATTGCTTTGGGAAATTGCTACCTATGGCATGTCCCCTTACCCGGGAATTGACCTGTCCCAGGTGTATGAGCTGCTAGAGAAGGACAACCGCATGGAGCGCCCAGAAGGCTGCCCAGAGAAGGTCTATG","90T42",1,23,"Tac/Aac","snp"
1285,"T","A",7193,456,456,"Y/N","missense_variant","133M","CTTTGGGAAATTGCTACCTATGGCATGTCCCCTTACCCGGGAATTGACCTGTCCCAGGTGTATGAGCTGCTAGAGAAGGACAACCGCATGGAGCGCCCAGAAGGCTGCCCAGAGAAGGTCTATGAACTCATGC","81T51",1,23,"Tac/Aac","snp"
1297,"T","A",7412,456,456,"Y/N","missense_variant","133M","GCTACCTATGGCATGTCCCCTTACCCGGGAATTGACCTGTCCCAGGTGTATGAGCTGCTAGAGAAGGACAACCGCATGGAGCGCCCAGAAGGCTGCCCAGAGAAGGTCTATGAACTCATGCGAGCATGTTGGC","69T63",1,23,"Tac/Aac","snp"
1341,"T","A",7915,456,456,"Y/N","missense_variant","133M","GGTGTATGAGCTGCTAGAGAAGGACAACCGCATGGAGCGCCCAGAAGGCTGCCCAGAGAAGGTCTATGAACTCATGCGAGCATGTTGGCAGTGGAATCCCTCTGACCGGCCCTCCTTTGCTGAAATCCACCAA","25T107",1,23,"Tac/Aac","snp"
1259,"T","A",6386,456,456,"Y/N","missense_variant","133M","CCGACGTCTGGGCATTTGGAGTATTGCTTTGGGAAATTGCTACCTATGGCATGTCCCCTTACCCGGGAATTGACCTGTCCCAGGTGTATGAGCTGCTAGAGAAGGACAACCGCATGGAGCGCCCAGAAGGCTG","107T25",1,23,"Tac/Aac","snp"
1270,"T","A",6828,456,456,"Y/N","missense_variant","133M","GCATTTGGAGTATTGCTTTGGGAAATTGCTACCTATGGCATGTCCCCTTACCCGGGAATTGACCTGTCCCAGGTGTATGAGCTGCTAGAGAAGGACAACCGCATGGAGCGCCCAGAAGGCTGCCCAGAGAAGG","96T36",1,23,"Tac/Aac","snp"
1245,"T","A",5893,456,456,"Y/N","missense_variant","133M","GTTCTCCATCAAGTCCGACGTCTGGGCATTTGGAGTATTGCTTTGGGAAATTGCTACCTATGGCATGTCCCCTTACCCGGGAATTGACCTGTCCCAGGTGTATGAGCTGCTAGAGAAGGACAACCGCATGGAG","121T11",1,23,"Tac/Aac","snp"
1278,"T","A",7159,456,456,"Y/N","missense_variant","133M","AGTATTGCTTTGGGAAATTGCTACCTATGGCATGTCCCCTTACCCGGGAATTGACCTGTCCCAGGTGTATGAGCTGCTAGAGAAGGACAACCGCATGGAGCGCCCAGAAGGCTGCCCAGAGAAGGTCTATGAA","88T44",1,23,"Tac/Aac","snp"
1331,"T","A",7898,456,456,"Y/N","missense_variant","133M","ACCTGTCCCAGGTGTATGAGCTGCTAGAGAAGGACAACCGCATGGAGCGCCCAGAAGGCTGCCCAGAGAAGGTCTATGAACTCATGCGAGCATGTTGGCAGTGGAATCCCTCTGACCGGCCCTCCTTTGCTGA","35T97",1,23,"Tac/Aac","snp"
1295,"T","A",7375,456,456,"Y/N","missense_variant","133M","TTGCTACCTATGGCATGTCCCCTTACCCGGGAATTGACCTGTCCCAGGTGTATGAGCTGCTAGAGAAGGACAACCGCATGGAGCGCCCAGAAGGCTGCCCAGAGAAGGTCTATGAACTCATGCGAGCATGTTG","71T61",1,23,"Tac/Aac","snp"
1246,"T","A",5991,456,456,"Y/N","missense_variant","133M","TTCTCCATCAAGTCCGACGTCTGGGCATTTGGAGTATTGCTTTGGGAAATTGCTACCTATGGCATGTCCCCTTACCCGGGAATTGACCTGTCCCAGGTGTATGAGCTGCTAGAGAAGGACAACCGCATGGAGC","120T12",1,23,"Tac/Aac","snp"
1345,"T","A",8031,456,456,"Y/N","missense_variant","132M","TATGAGCTGCTAGAGAAGGACAACCGCATGGAGCGCCCAGAAGGCTGCCCAGAGAAGGTCTATGAACTCATGCGAGCATGTTGGCAGTGGAATCCCTCTGACCGGCCCTCCTTTGCTGAAATCCACCAAGCC","21T110",1,23,"Tac/Aac","snp"
1255,"T","A",6257,456,456,"Y/N","missense_variant","133M","AAGTCCGACGTCTGGGCATTTGGAGTATTGCTTTGGGAAATTGCTACCTATGGCATGTCCCCTTACCCGGGAATTGACCTGTCCCAGGTGTATGAGCTGCTAGAGAAGGACAACCGCATGGAGCGCCCAGAAG","111T21",1,23,"Tac/Aac","snp"
1319,"T","A",7728,456,456,"Y/N","missense_variant","133M","ACCCGGGAATTGACCTGTCCCAGGTGTATGAGCTGCTAGAGAAGGACAACCGCATGGAGCGCCCAGAAGGCTGCCCAGAGAAGGTCTATGAACTCATGCGAGCATGTTGGCAGTGGAATCCCTCTGACCGGCC","47T85",1,23,"Tac/Aac","snp"
1339,"T","A",7919,456,456,"Y/N","missense_variant","133M","CAGGTGTATGAGCTGCTAGAGAAGGACAACCGCATGGAGCGCCCAGAAGGCTGCCCAGAGAAGGTCTATGAACTCATGCGAGCATGTTGGCAGTGGAATCCCTCTGACCGGCCCTCCTTTGCTGAAATCCACC","27T105",1,23,"Tac/Aac","snp"
1359,"T","A",8049,456,456,"Y/N","missense_variant","133M","GAAGGACAACCGCATGGAGCGCCCAGAAGGCTGCCCAGAGAAGGTCTATGAACTCATGCGAGCATGTTGGCAGTGGAATCCCTCTGACCGGCCCTCCTTTGCTGAAATCCACCAAGCCTTTGAAACAATGTTC","7T125",1,23,"Tac/Aac","snp"
1324,"T","A",7786,456,456,"Y/N","missense_variant","133M","GGAATTGACCTGTCCCAGGTGTATGAGCTGCTAGAGAAGGACAACCGCATGGAGCGCCCAGAAGGCTGCCCAGAGAAGGTCTATGAACTCATGCGAGCATGTTGGCAGTGGAATCCCTCTGACCGGCCCTCCT","42T90",1,23,"Tac/Aac","snp"
1353,"T","C",8049,456,456,"Y/H","missense_variant","133M","GCTAGAGAAGGACCACCGCATGGAGCGCCCAGAAGGCTGCCCAGAGAAGGTCTATGAACTCATGCGAGCATGTTGGCAGTGGAATCCCTCTGACCGGCCCTCCTTTGCTGAAATCCACCAAGCCTTTGAAACA","13T119",1,19,"Tac/Cac","snp"
1246,"T","C",5991,456,456,"Y/H","missense_variant","133M","TTCTCCATCAAGTCCGACGTCTGGGCATTTGGAGTATTGCTTTGGGAAATTGCTACCTATGGCATGTCCCCTTACCCGGGAATTGACCTGTCCCAGGTGTATGAGCTGCTAGAGAAGGACCACCGCATGGAGC","120T12",1,19,"Tac/Cac","snp"
1319,"T","C",7728,456,456,"Y/H","missense_variant","133M","ACCCGGGAATTGACCTGTCCCAGGTGTATGAGCTGCTAGAGAAGGACCACCGCATGGAGCGCCCAGAAGGCTGCCCAGAGAAGGTCTATGAACTCATGCGAGCATGTTGGCAGTGGAATCCCTCTGACCGGCC","47T85",1,19,"Tac/Cac","snp"
1364,"T","C",8046,456,456,"Y/H","missense_variant","133M","ACCACCGCATGGAGCGCCCAGAAGGCTGCCCAGAGAAGGTCTATGAACTCATGCGAGCATGTTGGCAGTGGAATCCCTCTGACCGGCCCTCCTTTGCTGAAATCCACCAAGCCTTTGAAACAATGTTCCAGGA","2T130",1,19,"Tac/Cac","snp"
1258,"T","C",6363,456,456,"Y/H","missense_variant","133M","TCCGACGTCTGGGCATTTGGAGTATTGCTTTGGGAAATTGCTACCTATGGCATGTCCCCTTACCCGGGAATTGACCTGTCCCAGGTGTATGAGCTGCTAGAGAAGGACCACCGCATGGAGCGCCCAGAAGGCT","108T24",1,19,"Tac/Cac","snp"
1331,"T","C",7898,456,456,"Y/H","missense_variant","133M","ACCTGTCCCAGGTGTATGAGCTGCTAGAGAAGGACCACCGCATGGAGCGCCCAGAAGGCTGCCCAGAGAAGGTCTATGAACTCATGCGAGCATGTTGGCAGTGGAATCCCTCTGACCGGCCCTCCTTTGCTGA","35T97",1,19,"Tac/Cac","snp"
1251,"T","C",6206,456,456,"Y/H","missense_variant","133M","CATCAAGTCCGACGTCTGGGCATTTGGAGTATTGCTTTGGGAAATTGCTACCTATGGCATGTCCCCTTACCCGGGAATTGACCTGTCCCAGGTGTATGAGCTGCTAGAGAAGGACCACCGCATGGAGCGCCCA","115T17",1,19,"Tac/Cac","snp"
1268,"T","C",6686,456,456,"Y/H","missense_variant","133M","GGGCATTTGGAGTATTGCTTTGGGAAATTGCTACCTATGGCATGTCCCCTTACCCGGGAATTGACCTGTCCCAGGTGTATGAGCTGCTAGAGAAGGACCACCGCATGGAGCGCCCAGAAGGCTGCCCAGAGAA","98T34",1,19,"Tac/Cac","snp"
1359,"T","C",8049,456,456,"Y/H","missense_variant","133M","GAAGGACCACCGCATGGAGCGCCCAGAAGGCTGCCCAGAGAAGGTCTATGAACTCATGCGAGCATGTTGGCAGTGGAATCCCTCTGACCGGCCCTCCTTTGCTGAAATCCACCAAGCCTTTGAAACAATGTTC","7T125",1,19,"Tac/Cac","snp"
1323,"T","C",7792,456,456,"Y/H","missense_variant","133M","GGGAATTGACCTGTCCCAGGTGTATGAGCTGCTAGAGAAGGACCACCGCATGGAGCGCCCAGAAGGCTGCCCAGAGAAGGTCTATGAACTCATGCGAGCATGTTGGCAGTGGAATCCCTCTGACCGGCCCTCC","43T89",1,19,"Tac/Cac","snp"
1352,"T","C",8076,456,456,"Y/H","missense_variant","133M","TGCTAGAGAAGGACCACCGCATGGAGCGCCCAGAAGGCTGCCCAGAGAAGGTCTATGAACTCATGCGAGCATGTTGGCAGTGGAATCCCTCTGACCGGCCCTCCTTTGCTGAAATCCACCAAGCCTTTGAAAC","14T118",1,19,"Tac/Cac","snp"
1288,"T","C",7276,456,456,"Y/H","missense_variant","133M","TGGGAAATTGCTACCTATGGCATGTCCCCTTACCCGGGAATTGACCTGTCCCAGGTGTATGAGCTGCTAGAGAAGGACCACCGCATGGAGCGCCCAGAAGGCTGCCCAGAGAAGGTCTATGAACTCATGCGAG","78T54",1,19,"Tac/Cac","snp"
1327,"T","C",7875,456,456,"Y/H","missense_variant","133M","ATTGACCTGTCCCAGGTGTATGAGCTGCTAGAGAAGGACCACCGCATGGAGCGCCCAGAAGGCTGCCCAGAGAAGGTCTATGAACTCATGCGAGCATGTTGGCAGTGGAATCCCTCTGACCGGCCCTCCTTTG","39T93",1,19,"Tac/Cac","snp"
1274,"T","C",6897,456,456,"Y/H","missense_variant","133M","TTGGAGTATTGCTTTGGGAAATTGCTACCTATGGCATGTCCCCTTACCCGGGAATTGACCTGTCCCAGGTGTATGAGCTGCTAGAGAAGGACCACCGCATGGAGCGCCCAGAAGGCTGCCCAGAGAAGGTCTA","92T40",1,19,"Tac/Cac","snp"
1325,"T","C",7798,456,456,"Y/H","missense_variant","133M","GAATTGACCTGTCCCAGGTGTATGAGCTGCTAGAGAAGGACCACCGCATGGAGCGCCCAGAAGGCTGCCCAGAGAAGGTCTATGAACTCATGCGAGCATGTTGGCAGTGGAATCCCTCTGACCGGCCCTCCTT","41T91",1,19,"Tac/Cac","snp"
1356,"T","C",7998,456,456,"Y/H","missense_variant","133M","AGAGAAGGACCACCGCATGGAGCGCCCAGAAGGCTGCCCAGAGAAGGTCTATGAACTCATGCGAGCATGTTGGCAGTGGAATCCCTCTGACCGGCCCTCCTTTGCTGAAATCCACCAAGCCTTTGAAACAATG","10T122",1,19,"Tac/Cac","snp"
1270,"T","C",6828,456,456,"Y/H","missense_variant","133M","GCATTTGGAGTATTGCTTTGGGAAATTGCTACCTATGGCATGTCCCCTTACCCGGGAATTGACCTGTCCCAGGTGTATGAGCTGCTAGAGAAGGACCACCGCATGGAGCGCCCAGAAGGCTGCCCAGAGAAGG","96T36",1,19,"Tac/Cac","snp"
1262,"T","C",6463,456,456,"Y/H","missense_variant","133M","ACGTCTGGGCATTTGGAGTATTGCTTTGGGAAATTGCTACCTATGGCATGTCCCCTTACCCGGGAATTGACCTGTCCCAGGTGTATGAGCTGCTAGAGAAGGACCACCGCATGGAGCGCCCAGAAGGCTGCCC","104T28",1,19,"Tac/Cac","snp"
1310,"T","C",7524,456,456,"Y/H","missense_variant","133M","TGTCCCCTTACCCGGGAATTGACCTGTCCCAGGTGTATGAGCTGCTAGAGAAGGACCACCGCATGGAGCGCCCAGAAGGCTGCCCAGAGAAGGTCTATGAACTCATGCGAGCATGTTGGCAGTGGAATCCCTC","56T76",1,19,"Tac/Cac","snp"
1326,"G","A",7832,459,459,"E/K","missense_variant","133M","AATTGACCTGTCCCAGGTGTATGAGCTGCTAGAGAAGGACTACCGCATGAAGCGCCCAGAAGGCTGCCCAGAGAAGGTCTATGAACTCATGCGAGCATGTTGGCAGTGGAATCCCTCTGACCGGCCCTCCTTT","49G83",1,1,"Gag/Aag","snp"
1312,"G","C",7548,459,459,"E/Q","missense_variant","133M","TCCCCTTACCCGGGAATTGACCTGTCCCAGGTGTATGAGCTGCTAGAGAAGGACTACCGCATGCAGCGCCCAGAAGGCTGCCCAGAGAAGGTCTATGAACTCATGCGAGCATGTTGGCAGTGGAATCCCTCTG","63G69",1,8,"Gag/Cag","snp"
1334,"G","C",7962,459,459,"E/Q","missense_variant","133M","TGTCCCAGGTGTATGAGCTGCTAGAGAAGGACTACCGCATGCAGCGCCCAGAAGGCTGCCCAGAGAAGGTCTATGAACTCATGCGAGCATGTTGGCAGTGGAATCCCTCTGACCGGCCCTCCTTTGCTGAAAT","41G91",1,8,"Gag/Cag","snp"
1317,"G","C",7634,459,459,"E/Q","missense_variant","133M","TTACCCGGGAATTGACCTGTCCCAGGTGTATGAGCTGCTAGAGAAGGACTACCGCATGCAGCGCCCAGAAGGCTGCCCAGAGAAGGTCTATGAACTCATGCGAGCATGTTGGCAGTGGAATCCCTCTGACCGG","58G74",1,8,"Gag/Cag","snp"
1301,"G","C",7481,459,459,"E/Q","missense_variant","133M","CCTATGGCATGTCCCCTTACCCGGGAATTGACCTGTCCCAGGTGTATGAGCTGCTAGAGAAGGACTACCGCATGCAGCGCCCAGAAGGCTGCCCAGAGAAGGTCTATGAACTCATGCGAGCATGTTGGCAGTG","74G58",1,8,"Gag/Cag","snp"
1338,"G","C",7961,459,459,"E/Q","missense_variant","133M","CCAGGTGTATGAGCTGCTAGAGAAGGACTACCGCATGCAGCGCCCAGAAGGCTGCCCAGAGAAGGTCTATGAACTCATGCGAGCATGTTGGCAGTGGAATCCCTCTGACCGGCCCTCCTTTGCTGAAATCCAC","37G95",1,8,"Gag/Cag","snp"
1360,"G","C",8072,459,459,"E/Q","missense_variant","133M","AAGGACTACCGCATGCAGCGCCCAGAAGGCTGCCCAGAGAAGGTCTATGAACTCATGCGAGCATGTTGGCAGTGGAATCCCTCTGACCGGCCCTCCTTTGCTGAAATCCACCAAGCCTTTGAAACAATGTTCC","15G117",1,8,"Gag/Cag","snp"
1359,"G","C",8049,459,459,"E/Q","missense_variant","133M","GAAGGACTACCGCATGCAGCGCCCAGAAGGCTGCCCAGAGAAGGTCTATGAACTCATGCGAGCATGTTGGCAGTGGAATCCCTCTGACCGGCCCTCCTTTGCTGAAATCCACCAAGCCTTTGAAACAATGTTC","16G116",1,8,"Gag/Cag","snp"
1355,"G","C",7984,459,459,"E/Q","missense_variant","133M","TAGAGAAGGACTACCGCATGCAGCGCCCAGAAGGCTGCCCAGAGAAGGTCTATGAACTCATGCGAGCATGTTGGCAGTGGAATCCCTCTGACCGGCCCTCCTTTGCTGAAATCCACCAAGCCTTTGAAACAAT","20G112",1,8,"Gag/Cag","snp"
1264,"C","A",6513,461,461,"P/Q","missense_variant","133M","GTCTGGGCATTTGGAGTATTGCTTTGGGAAATTGCTACCTATGGCATGTCCCCTTACCCGGGAATTGACCTGTCCCAGGTGTATGAGCTGCTAGAGAAGGACTACCGCATGGAGCGCCAAGAAGGCTGCCCAG","118C14",1,1,"cCa/cAa","snp"
1326,"G","A",7832,463,463,"G/S","missense_variant","133M","AATTGACCTGTCCCAGGTGTATGAGCTGCTAGAGAAGGACTACCGCATGGAGCGCCCAGAAAGCTGCCCAGAGAAGGTCTATGAACTCATGCGAGCATGTTGGCAGTGGAATCCCTCTGACCGGCCCTCCTTT","61G71",1,7,"Ggc/Agc","snp"
1316,"G","A",7574,463,463,"G/S","missense_variant","133M","CTTACCCGGGAATTGACCTGTCCCAGGTGTATGAGCTGCTAGAGAAGGACTACCGCATGGAGCGCCCAGAAAGCTGCCCAGAGAAGGTCTATGAACTCATGCGAGCATGTTGGCAGTGGAATCCCTCTGACCG","71G61",1,7,"Ggc/Agc","snp"
1370,"G","A",8055,463,463,"G/S","missense_variant","133M","GCATGGAGCGCCCAGAAAGCTGCCCAGAGAAGGTCTATGAACTCATGCGAGCATGTTGGCAGTGGAATCCCTCTGACCGGCCCTCCTTTGCTGAAATCCACCAAGCCTTTGAAACAATGTTCCAGGAATCCAG","17G115",1,7,"Ggc/Agc","snp"
1278,"G","A",7159,463,463,"G/S","missense_variant","133M","AGTATTGCTTTGGGAAATTGCTACCTATGGCATGTCCCCTTACCCGGGAATTGACCTGTCCCAGGTGTATGAGCTGCTAGAGAAGGACTACCGCATGGAGCGCCCAGAAAGCTGCCCAGAGAAGGTCTATGAA","109G23",1,7,"Ggc/Agc","snp"
1336,"G","A",7945,463,463,"G/S","missense_variant","133M","TCCCAGGTGTATGAGCTGCTAGAGAAGGACTACCGCATGGAGCGCCCAGAAAGCTGCCCAGAGAAGGTCTATGAACTCATGCGAGCATGTTGGCAGTGGAATCCCTCTGACCGGCCCTCCTTTGCTGAAATCC","51G81",1,7,"Ggc/Agc","snp"
1342,"G","A",7954,463,463,"G/S","missense_variant","133M","GTGTATGAGCTGCTAGAGAAGGACTACCGCATGGAGCGCCCAGAAAGCTGCCCAGAGAAGGTCTATGAACTCATGCGAGCATGTTGGCAGTGGAATCCCTCTGACCGGCCCTCCTTTGCTGAAATCCACCAAG","45G87",1,7,"Ggc/Agc","snp"
1320,"G","A",7754,463,463,"G/S","missense_variant","133M","CCCGGGAATTGACCTGTCCCAGGTGTATGAGCTGCTAGAGAAGGACTACCGCATGGAGCGCCCAGAAAGCTGCCCAGAGAAGGTCTATGAACTCATGCGAGCATGTTGGCAGTGGAATCCCTCTGACCGGCCC","67G65",1,7,"Ggc/Agc","snp"
1368,"G","A",8004,463,463,"G/D","missense_variant","133M","CCGCATGGAGCGCCCAGAAGACTGCCCAGAGAAGGTCTATGAACTCATGCGAGCATGTTGGCAGTGGAATCCCTCTGACCGGCCCTCCTTTGCTGAAATCCACCAAGCCTTTGAAACAATGTTCCAGGAATCC","20G112",1,5,"gGc/gAc","snp"
1324,"G","A",7786,463,463,"G/D","missense_variant","133M","GGAATTGACCTGTCCCAGGTGTATGAGCTGCTAGAGAAGGACTACCGCATGGAGCGCCCAGAAGACTGCCCAGAGAAGGTCTATGAACTCATGCGAGCATGTTGGCAGTGGAATCCCTCTGACCGGCCCTCCT","64G68",1,5,"gGc/gAc","snp"
1381,"G","A",7927,463,463,"G/D","missense_variant","133M","CCAGAAGACTGCCCAGAGAAGGTCTATGAACTCATGCGAGCATGTTGGCAGTGGAATCCCTCTGACCGGCCCTCCTTTGCTGAAATCCACCAAGCCTTTGAAACAATGTTCCAGGAATCCAGTATCTCAGACG","7G125",1,5,"gGc/gAc","snp"
1336,"G","A",7945,463,463,"G/D","missense_variant","133M","TCCCAGGTGTATGAGCTGCTAGAGAAGGACTACCGCATGGAGCGCCCAGAAGACTGCCCAGAGAAGGTCTATGAACTCATGCGAGCATGTTGGCAGTGGAATCCCTCTGACCGGCCCTCCTTTGCTGAAATCC","52G80",1,5,"gGc/gAc","snp"
1290,"G","A",7322,463,463,"G/D","missense_variant","133M","GGAAATTGCTACCTATGGCATGTCCCCTTACCCGGGAATTGACCTGTCCCAGGTGTATGAGCTGCTAGAGAAGGACTACCGCATGGAGCGCCCAGAAGACTGCCCAGAGAAGGTCTATGAACTCATGCGAGCA","98G34",1,5,"gGc/gAc","snp"
1332,"C","G",7975,464,464,"C/W","missense_variant","133M","CCTGTCCCAGGTGTATGAGCTGCTAGAGAAGGACTACCGCATGGAGCGCCCAGAAGGCTGGCCAGAGAAGGTCTATGAACTCATGCGAGCATGTTGGCAGTGGAATCCCTCTGACCGGCCCTCCTTTGCTGAA","60C72",1,2,"tgC/tgG","snp"
1276,"C","G",6989,464,464,"C/W","missense_variant","133M","GGAGTATTGCTTTGGGAAATTGCTACCTATGGCATGTCCCCTTACCCGGGAATTGACCTGTCCCAGGTGTATGAGCTGCTAGAGAAGGACTACCGCATGGAGCGCCCAGAAGGCTGGCCAGAGAAGGTCTATG","116C16",1,2,"tgC/tgG","snp"
1348,"C","A",8015,465,465,"P/Q","missense_variant","133M","GAGCTGCTAGAGAAGGACTACCGCATGGAGCGCCCAGAAGGCTGCCAAGAGAAGGTCTATGAACTCATGCGAGCATGTTGGCAGTGGAATCCCTCTGACCGGCCCTCCTTTGCTGAAATCCACCAAGCCTTTG","46C86",1,1,"cCa/cAa","snp"
1294,"G","C",7318,466,466,"E/Q","missense_variant","133M","ATTGCTACCTATGGCATGTCCCCTTACCCGGGAATTGACCTGTCCCAGGTGTATGAGCTGCTAGAGAAGGACTACCGCATGGAGCGCCCAGAAGGCTGCCCACAGAAGGTCTATGAACTCATGCGAGCATGTT","102G30",1,1,"Gag/Cag","snp"
1285,"G","T",7193,466,466,"E/D","missense_variant","133M","CTTTGGGAAATTGCTACCTATGGCATGTCCCCTTACCCGGGAATTGACCTGTCCCAGGTGTATGAGCTGCTAGAGAAGGACTACCGCATGGAGCGCCCAGAAGGCTGCCCAGATAAGGTCTATGAACTCATGC","113G19",1,2,"gaG/gaT","snp"
1359,"G","T",8049,466,466,"E/D","missense_variant","133M","GAAGGACTACCGCATGGAGCGCCCAGAAGGCTGCCCAGATAAGGTCTATGAACTCATGCGAGCATGTTGGCAGTGGAATCCCTCTGACCGGCCCTCCTTTGCTGAAATCCACCAAGCCTTTGAAACAATGTTC","39G93",1,2,"gaG/gaT","snp"
1321,"A","C",7753,467,467,"K/Q","missense_variant","133M","CCGGGAATTGACCTGTCCCAGGTGTATGAGCTGCTAGAGAAGGACTACCGCATGGAGCGCCCAGAAGGCTGCCCAGAGCAGGTCTATGAACTCATGCGAGCATGTTGGCAGTGGAATCCCTCTGACCGGCCCT","78A54",1,1,"Aag/Cag","snp"
1305,"G","A",7441,467,467,"K","synonymous_variant","133M","TGGCATGTCCCCTTACCCGGGAATTGACCTGTCCCAGGTGTATGAGCTGCTAGAGAAGGACTACCGCATGGAGCGCCCAGAAGGCTGCCCAGAGAAAGTCTATGAACTCATGCGAGCATGTTGGCAGTGGAAT","96G36",1,2,"aaG/aaA","snp"
1379,"G","A",7967,467,467,"K","synonymous_variant","133M","GCCCAGAAGGCTGCCCAGAGAAAGTCTATGAACTCATGCGAGCATGTTGGCAGTGGAATCCCTCTGACCGGCCCTCCTTTGCTGAAATCCACCAAGCCTTTGAAACAATGTTCCAGGAATCCAGTATCTCAGA","22G110",1,2,"aaG/aaA","snp"
1308,"T","C",7489,469,469,"Y","synonymous_variant","132M","CATGTCCCCTTACCCGGGAATTGACCTGTCCCAGGTGTATGAGCTGCTAGAGAAGGACTACCGCATGGAGCGCCCAGAAGGCTGCCCAGAGAAGGTCTACGAACTCATGCGAGCATGTTGGCAGTGGAATCC","99T32",1,1,"taT/taC","snp"
1320,"G","A",7754,470,470,"E/K","missense_variant","133M","CCCGGGAATTGACCTGTCCCAGGTGTATGAGCTGCTAGAGAAGGACTACCGCATGGAGCGCCCAGAAGGCTGCCCAGAGAAGGTCTATAAACTCATGCGAGCATGTTGGCAGTGGAATCCCTCTGACCGGCCC","88G44",1,1,"Gaa/Aaa","snp"
1329,"A","G",7903,470,470,"E/G","missense_variant","133M","TGACCTGTCCCAGGTGTATGAGCTGCTAGAGAAGGACTACCGCATGGAGCGCCCAGAAGGCTGCCCAGAGAAGGTCTATGGACTCATGCGAGCATGTTGGCAGTGGAATCCCTCTGACCGGCCCTCCTTTGCT","80A52",1,1,"gAa/gGa","snp"
1383,"C","A",7877,471,471,"L/I","missense_variant","133M","AGAAGGCTGCCCAGAGAAGGTCTATGAAATCATGCGAGCATGTTGGCAGTGGAATCCCTCTGACCGGCCCTCCTTTGCTGAAATCCACCAAGCCTTTGAAACAATGTTCCAGGAATCCAGTATCTCAGACGAA","28C104",1,1,"Ctc/Atc","snp"
1300,"C","T",7430,471,471,"L/F","missense_variant","133M","ACCTATGGCATGTCCCCTTACCCGGGAATTGACCTGTCCCAGGTGTATGAGCTGCTAGAGAAGGACTACCGCATGGAGCGCCCAGAAGGCTGCCCAGAGAAGGTCTATGAATTCATGCGAGCATGTTGGCAGT","111C21",1,13,"Ctc/Ttc","snp"
1400,"C","T",8122,471,471,"L/F","missense_variant","133M","AGGTCTATGAATTCATGCGAGCATGTTGGCAGTGGAATCCCTCTGACCGGCCCTCCTTTGCTGAAATCCACCAAGCCTTTGAAACAATGTTCCAGGAATCCAGTATCTCAGACGAAGTGGAAAAGGAGCTGGG","11C121",1,13,"Ctc/Ttc","snp"
1373,"C","T",8039,471,471,"L/F","missense_variant","133M","TGGAGCGCCCAGAAGGCTGCCCAGAGAAGGTCTATGAATTCATGCGAGCATGTTGGCAGTGGAATCCCTCTGACCGGCCCTCCTTTGCTGAAATCCACCAAGCCTTTGAAACAATGTTCCAGGAATCCAGTAT","38C94",1,13,"Ctc/Ttc","snp"
1401,"C","T",8146,471,471,"L/F","missense_variant","133M","GGTCTATGAATTCATGCGAGCATGTTGGCAGTGGAATCCCTCTGACCGGCCCTCCTTTGCTGAAATCCACCAAGCCTTTGAAACAATGTTCCAGGAATCCAGTATCTCAGACGAAGTGGAAAAGGAGCTGGGG","10C122",1,13,"Ctc/Ttc","snp"
1327,"C","T",7875,471,471,"L/F","missense_variant","133M","ATTGACCTGTCCCAGGTGTATGAGCTGCTAGAGAAGGACTACCGCATGGAGCGCCCAGAAGGCTGCCCAGAGAAGGTCTATGAATTCATGCGAGCATGTTGGCAGTGGAATCCCTCTGACCGGCCCTCCTTTG","84C48",1,13,"Ctc/Ttc","snp"
1342,"C","T",7954,471,471,"L/F","missense_variant","133M","GTGTATGAGCTGCTAGAGAAGGACTACCGCATGGAGCGCCCAGAAGGCTGCCCAGAGAAGGTCTATGAATTCATGCGAGCATGTTGGCAGTGGAATCCCTCTGACCGGCCCTCCTTTGCTGAAATCCACCAAG","69C63",1,13,"Ctc/Ttc","snp"
1347,"C","T",8014,471,471,"L/F","missense_variant","133M","TGAGCTGCTAGAGAAGGACTACCGCATGGAGCGCCCAGAAGGCTGCCCAGAGAAGGTCTATGAATTCATGCGAGCATGTTGGCAGTGGAATCCCTCTGACCGGCCCTCCTTTGCTGAAATCCACCAAGCCTTT","64C68",1,13,"Ctc/Ttc","snp"
1319,"C","T",7728,471,471,"L/F","missense_variant","133M","ACCCGGGAATTGACCTGTCCCAGGTGTATGAGCTGCTAGAGAAGGACTACCGCATGGAGCGCCCAGAAGGCTGCCCAGAGAAGGTCTATGAATTCATGCGAGCATGTTGGCAGTGGAATCCCTCTGACCGGCC","92C40",1,13,"Ctc/Ttc","snp"
1371,"C","T",8050,471,471,"L/F","missense_variant","133M","CATGGAGCGCCCAGAAGGCTGCCCAGAGAAGGTCTATGAATTCATGCGAGCATGTTGGCAGTGGAATCCCTCTGACCGGCCCTCCTTTGCTGAAATCCACCAAGCCTTTGAAACAATGTTCCAGGAATCCAGT","40C92",1,13,"Ctc/Ttc","snp"
1295,"C","T",7375,471,471,"L/F","missense_variant","133M","TTGCTACCTATGGCATGTCCCCTTACCCGGGAATTGACCTGTCCCAGGTGTATGAGCTGCTAGAGAAGGACTACCGCATGGAGCGCCCAGAAGGCTGCCCAGAGAAGGTCTATGAATTCATGCGAGCATGTTG","116C16",1,13,"Ctc/Ttc","snp"
1308,"C","T",7489,471,471,"L/F","missense_variant","133M","CATGTCCCCTTACCCGGGAATTGACCTGTCCCAGGTGTATGAGCTGCTAGAGAAGGACTACCGCATGGAGCGCCCAGAAGGCTGCCCAGAGAAGGTCTATGAATTCATGCGAGCATGTTGGCAGTGGAATCCC","103C29",1,13,"Ctc/Ttc","snp"
1316,"C","T",7574,471,471,"L/F","missense_variant","133M","CTTACCCGGGAATTGACCTGTCCCAGGTGTATGAGCTGCTAGAGAAGGACTACCGCATGGAGCGCCCAGAAGGCTGCCCAGAGAAGGTCTATGAATTCATGCGAGCATGTTGGCAGTGGAATCCCTCTGACCG","95C37",1,13,"Ctc/Ttc","snp"
1297,"C","T",7412,471,471,"L/F","missense_variant","133M","GCTACCTATGGCATGTCCCCTTACCCGGGAATTGACCTGTCCCAGGTGTATGAGCTGCTAGAGAAGGACTACCGCATGGAGCGCCCAGAAGGCTGCCCAGAGAAGGTCTATGAATTCATGCGAGCATGTTGGC","114C18",1,13,"Ctc/Ttc","snp"
1407,"A","C",8129,472,472,"M/L","missense_variant","133M","TGAACTCCTGCGAGCATGTTGGCAGTGGAATCCCTCTGACCGGCCCTCCTTTGCTGAAATCCACCAAGCCTTTGAAACAATGTTCCAGGAATCCAGTATCTCAGACGAAGTGGAAAAGGAGCTGGGGAAACAA","7A125",1,1,"Atg/Ctg","snp"
1304,"G","C",7441,472,472,"M/I","missense_variant","133M","ATGGCATGTCCCCTTACCCGGGAATTGACCTGTCCCAGGTGTATGAGCTGCTAGAGAAGGACTACCGCATGGAGCGCCCAGAAGGCTGCCCAGAGAAGGTCTATGAACTCATCCGAGCATGTTGGCAGTGGAA","112G20",1,7,"atG/atC","snp"
1375,"G","C",8005,472,472,"M/I","missense_variant","113M20S","GAGCGCCCAGAAGGCTGCCCAGAGAAGGTCTATGAACTCATCCGAGCATGTTGGCAGTGGAATCCCTCTGACCGGCCCTCCTTTGCTGAAATCCACCAAGCCTTTGAAACAATATGTGTTAGATCGGAAGAGC","41G71",1,7,"atG/atC","snp"
1370,"G","C",8055,472,472,"M/I","missense_variant","133M","GCATGGAGCGCCCAGAAGGCTGCCCAGAGAAGGTCTATGAACTCATCCGAGCATGTTGGCAGTGGAATCCCTCTGACCGGCCCTCCTTTGCTGAAATCCACCAAGCCTTTGAAACAATGTTCCAGGAATCCAG","46G86",1,7,"atG/atC","snp"
1354,"G","C",7986,472,472,"M/I","missense_variant","133M","CTAGAGAAGGACTACCGCATGGAGCGCCCAGAAGGCTGCCCAGAGAAGGTCTATGAACTCATCCGAGCATGTTGGCAGTGGAATCCCTCTGACCGGCCCTCCTTTGCTGAAATCCACCAAGCCTTTGAAACAA","62G70",1,7,"atG/atC","snp"
1290,"G","C",7322,472,472,"M/I","missense_variant","133M","GGAAATTGCTACCTATGGCATGTCCCCTTACCCGGGAATTGACCTGTCCCAGGTGTATGAGCTGCTAGAGAAGGACTACCGCATGGAGCGCCCAGAAGGCTGCCCAGAGAAGGTCTATGAACTCATCCGAGCA","126G6",1,7,"atG/atC","snp"
1328,"G","C",7901,472,472,"M/I","missense_variant","133M","TTGACCTGTCCCAGGTGTATGAGCTGCTAGAGAAGGACTACCGCATGGAGCGCCCAGAAGGCTGCCCAGAGAAGGTCTATGAACTCATCCGAGCATGTTGGCAGTGGAATCCCTCTGACCGGCCCTCCTTTGC","88G44",1,7,"atG/atC","snp"
1389,"G","C",7859,472,472,"M/I","missense_variant","133M","CTGCCCAGAGAAGGTCTATGAACTCATCCGAGCATGTTGGCAGTGGAATCCCTCTGACCGGCCCTCCTTTGCTGAAATCCACCAAGCCTTTGAAACAATGTTCCAGGAATCCAGTATCTCAGACGAAGTGGAA","27G105",1,7,"atG/atC","snp"
1373,"C","T",8039,NA,NA,"NaN","stop_gained","133M","TGGAGCGCCCAGAAGGCTGCCCAGAGAAGGTCTATGAACTCATGTGAGCATGTTGGCAGTGGAATCCCTCTGACCGGCCCTCCTTTGCTGAAATCCACCAAGCCTTTGAAACAATGTTCCAGGAATCCAGTAT","44C88",1,1,"NaN","snp"
1366,"G","A",8020,473,473,"R/Q","missense_variant","133M","TACCGCATGGAGCGCCCAGAAGGCTGCCCAGAGAAGGTCTATGAACTCATGCAAGCATGTTGGCAGTGGAATCCCTCTGACCGGCCCTCCTTTGCTGAAATCCACCAAGCCTTTGAAACAATGTTCCAGGAAT","52G80",1,1,"cGa/cAa","snp"
1393,"C","A",8014,474,474,"A/E","missense_variant","133M","CCAGAGAAGGTCTATGAACTCATGCGAGAATGTTGGCAGTGGAATCCCTCTGACCGGCCCTCCTTTGCTGAAATCCACCAAGCCTTTGAAACAATGTTCCAGGAATCCAGTATCTCAGACGAAGTGGAAAAGG","28C104",1,1,"gCa/gAa","snp"
1411,"C","T",8117,474,474,"A/V","missense_variant","4S129M","TCTGCTCATGCGAGTATGTTGGCAGTGGAATCCCTCTGACCGGCCCTCCTTTGCTGAAATCCACCAAGCCTTTGAAACAATGTTCCAGGAATCCAGTATCTCAGACGAAGTGGAAAAGGAGCTGGGGAAACAA","10C118",1,1,"gCa/gTa","snp"
1424,"G","T",8003,476,476,"W/C","missense_variant","133M","GTTGTCAGTGGAATCCCTCTGACCGGCCCTCCTTTGCTGAAATCCACCAAGCCTTTGAAACAATGTTCCAGGAATCCAGTATCTCAGACGAAGTGGAAAAGGAGCTGGGGAAACAAGGCGTCCGTGGGGCTGT","4G128",1,2,"tgG/tgT","snp"
1352,"G","T",8076,476,476,"W/C","missense_variant","133M","TGCTAGAGAAGGACTACCGCATGGAGCGCCCAGAAGGCTGCCCAGAGAAGGTCTATGAACTCATGCGAGCATGTTGTCAGTGGAATCCCTCTGACCGGCCCTCCTTTGCTGAAATCCACCAAGCCTTTGAAAC","76G56",1,2,"tgG/tgT","snp"
1313,"G","C",7556,477,477,"Q/H","missense_variant","133M","CCCCTTACCCGGGAATTGACCTGTCCCAGGTGTATGAGCTGCTAGAGAAGGACTACCGCATGGAGCGCCCAGAAGGCTGCCCAGAGAAGGTCTATGAACTCATGCGAGCATGTTGGCACTGGAATCCCTCTGA","118G14",1,26,"caG/caC","snp"
1377,"G","C",8036,477,477,"Q/H","missense_variant","133M","GCGCCCAGAAGGCTGCCCAGAGAAGGTCTATGAACTCATGCGAGCATGTTGGCACTGGAATCCCTCTGACCGGCCCTCCTTTGCTGAAATCCACCAAGCCTTTGAAACAATGTTCCAGGAATCCAGTATCTCA","54G78",1,26,"caG/caC","snp"
1425,"G","C",7963,477,477,"Q/H","missense_variant","133M","TTGGCACTGGAATCCCTCTGACCGGCCCTCCTTTGCTGAAATCCACCAAGCCTTTGAAACAATGTTCCAGGAATCCAGTATCTCAGACGAAGTGGAAAAGGAGCTGGGGAAACAAGGCGTCCGTGGGGCTGTG","6G126",1,26,"caG/caC","snp"
1419,"G","C",8116,477,477,"Q/H","missense_variant","133M","AGCATGTTGGCACTGGAATCCCTCTGACCGGCCCTCCTTTGCTGAAATCCACCAAGCCTTTGAAACAATGTTCCAGGAATCCAGTATCTCAGACGAAGTGGAAAAGGAGCTGGGGAAACAAGGCGTCCGTGGG","12G120",1,26,"caG/caC","snp"
1308,"G","C",7489,477,477,"Q/H","missense_variant","133M","CATGTCCCCTTACCCGGGAATTGACCTGTCCCAGGTGTATGAGCTGCTAGAGAAGGACTACCGCATGGAGCGCCCAGAAGGCTGCCCAGAGAAGGTCTATGAACTCATGCGAGCATGTTGGCACTGGAATCCC","123G9",1,26,"caG/caC","snp"
1405,"G","C",8093,477,477,"Q/H","missense_variant","133M","TATGAACTCATGCGAGCATGTTGGCACTGGAATCCCTCTGACCGGCCCTCCTTTGCTGAAATCCACCAAGCCTTTGAAACAATGTTCCAGGAATCCAGTATCTCAGACGAAGTGGAAAAGGAGCTGGGGAAAC","26G106",1,26,"caG/caC","snp"
1331,"G","C",7898,477,477,"Q/H","missense_variant","133M","ACCTGTCCCAGGTGTATGAGCTGCTAGAGAAGGACTACCGCATGGAGCGCCCAGAAGGCTGCCCAGAGAAGGTCTATGAACTCATGCGAGCATGTTGGCACTGGAATCCCTCTGACCGGCCCTCCTTTGCTGA","100G32",1,26,"caG/caC","snp"
1391,"G","C",8017,477,477,"Q/H","missense_variant","133M","GCCCAGAGAAGGTCTATGAACTCATGCGAGCATGTTGGCACTGGAATCCCTCTGACCGGCCCTCCTTTGCTGAAATCCACCAAGCCTTTGAAACAATGTTCCAGGAATCCAGTATCTCAGACGAAGTGGAAAA","40G92",1,26,"caG/caC","snp"
1302,"G","C",7464,477,477,"Q/H","missense_variant","133M","CTATGGCATGTCCCCTTACCCGGGAATTGACCTGTCCCAGGTGTATGAGCTGCTAGAGAAGGACTACCGCATGGAGCGCCCAGAAGGCTGCCCAGAGAAGGTCTATGAACTCATGCGAGCATGTTGGCACTGG","129G3",1,26,"caG/caC","snp"
1381,"G","C",7927,477,477,"Q/H","missense_variant","133M","CCAGAAGGCTGCCCAGAGAAGGTCTATGAACTCATGCGAGCATGTTGGCACTGGAATCCCTCTGACCGGCCCTCCTTTGCTGAAATCCACCAAGCCTTTGAAACAATGTTCCAGGAATCCAGTATCTCAGACG","50G82",1,26,"caG/caC","snp"
1391,"G","C",8017,477,477,"Q/H","missense_variant","133M","GCCCAGAGAAGGTCTATGAACTCATGCGAGCATGTTGGCACTGGAATCCCTCTGACCGGCCCTCCTTTGCTGAAATCCACCAAGCCTTTGAAACAATGTTCCAGGAATCCAGTATCTCAGACGAAGTGGAAAA","40G92",1,26,"caG/caC","snp"
1323,"G","C",7792,477,477,"Q/H","missense_variant","133M","GGGAATTGACCTGTCCCAGGTGTATGAGCTGCTAGAGAAGGACTACCGCATGGAGCGCCCAGAAGGCTGCCCAGAGAAGGTCTATGAACTCATGCGAGCATGTTGGCACTGGAATCCCTCTGACCGGCCCTCC","108G24",1,26,"caG/caC","snp"
1332,"G","C",7975,477,477,"Q/H","missense_variant","133M","CCTGTCCCAGGTGTATGAGCTGCTAGAGAAGGACTACCGCATGGAGCGCCCAGAAGGCTGCCCAGAGAAGGTCTATGAACTCATGCGAGCATGTTGGCACTGGAATCCCTCTGACCGGCCCTCCTTTGCTGAA","99G33",1,26,"caG/caC","snp"
1386,"G","C",7820,477,477,"Q/H","missense_variant","133M","AGGCTGCCCAGAGAAGGTCTATGAACTCATGCGAGCATGTTGGCACTGGAATCCCTCTGACCGGCCCTCCTTTGCTGAAATCCACCAAGCCTTTGAAACAATGTTCCAGGAATCCAGTATCTCAGACGAAGTG","45G87",1,26,"caG/caC","snp"
1376,"G","C",7988,477,477,"Q/H","missense_variant","133M","AGCGCCCAGAAGGCTGCCCAGAGAAGGTCTATGAACTCATGCGAGCATGTTGGCACTGGAATCCCTCTGACCGGCCCTCCTTTGCTGAAATCCACCAAGCCTTTGAAACAATGTTCCAGGAATCCAGTATCTC","55G77",1,26,"caG/caC","snp"
1376,"G","C",7988,477,477,"Q/H","missense_variant","133M","AGCGCCCAGAAGGCTGCCCAGAGAAGGTCTATGAACTCATGCGAGCATGTTGGCACTGGAATCCCTCTGACCGGCCCTCCTTTGCTGAAATCCACCAAGCCTTTGAAACAATGTTCCAGGAATCCAGTATCTC","55G77",1,26,"caG/caC","snp"
1385,"G","C",7824,477,477,"Q/H","missense_variant","133M","AAGGCTGCCCAGAGAAGGTCTATGAACTCATGCGAGCATGTTGGCACTGGAATCCCTCTGACCGGCCCTCCTTTGCTGAAATCCACCAAGCCTTTGAAACAATGTTCCAGGAATCCAGTATCTCAGACGAAGT","46G86",1,26,"caG/caC","snp"
1301,"G","C",7481,477,477,"Q/H","missense_variant","133M","CCTATGGCATGTCCCCTTACCCGGGAATTGACCTGTCCCAGGTGTATGAGCTGCTAGAGAAGGACTACCGCATGGAGCGCCCAGAAGGCTGCCCAGAGAAGGTCTATGAACTCATGCGAGCATGTTGGCACTG","130G2",1,26,"caG/caC","snp"
1399,"G","C",8099,477,477,"Q/H","missense_variant","133M","AAGGTCTATGAACTCATGCGAGCATGTTGGCACTGGAATCCCTCTGACCGGCCCTCCTTTGCTGAAATCCACCAAGCCTTTGAAACAATGTTCCAGGAATCCAGTATCTCAGACGAAGTGGAAAAGGAGCTGG","32G100",1,26,"caG/caC","snp"
1376,"G","C",7988,477,477,"Q/H","missense_variant","133M","AGCGCCCAGAAGGCTGCCCAGAGAAGGTCTATGAACTCATGCGAGCATGTTGGCACTGGAATCCCTCTGACCGGCCCTCCTTTGCTGAAATCCACCAAGCCTTTGAAACAATGTTCCAGGAATCCAGTATCTC","55G77",1,26,"caG/caC","snp"
1360,"G","C",8072,477,477,"Q/H","missense_variant","133M","AAGGACTACCGCATGGAGCGCCCAGAAGGCTGCCCAGAGAAGGTCTATGAACTCATGCGAGCATGTTGGCACTGGAATCCCTCTGACCGGCCCTCCTTTGCTGAAATCCACCAAGCCTTTGAAACAATGTTCC","71G61",1,26,"caG/caC","snp"
1376,"G","C",7988,477,477,"Q/H","missense_variant","133M","AGCGCCCAGAAGGCTGCCCAGAGAAGGTCTATGAACTCATGCGAGCATGTTGGCACTGGAATCCCTCTGACCGGCCCTCCTTTGCTGAAATCCACCAAGCCTTTGAAACAATGTTCCAGGAATCCAGTATCTC","55G77",1,26,"caG/caC","snp"
1317,"G","C",7634,477,477,"Q/H","missense_variant","133M","TTACCCGGGAATTGACCTGTCCCAGGTGTATGAGCTGCTAGAGAAGGACTACCGCATGGAGCGCCCAGAAGGCTGCCCAGAGAAGGTCTATGAACTCATGCGAGCATGTTGGCACTGGAATCCCTCTGACCGG","114G18",1,26,"caG/caC","snp"
1397,"G","C",7941,477,477,"Q/H","missense_variant","133M","AGAAGGTCTATGAACTCATGCGAGCATGTTGGCACTGGAATCCCTCTGACCGGCCCTCCTTTGCTGAAATCCACCAAGCCTTTGAAACAATGTTCCAGGAATCCAGTATCTCAGACGAAGTGGAAAAGGAGCT","34G98",1,26,"caG/caC","snp"
1307,"G","C",7468,477,477,"Q/H","missense_variant","133M","GCATGTCCCCTTACCCGGGAATTGACCTGTCCCAGGTGTATGAGCTGCTAGAGAAGGACTACCGCATGGAGCGCCCAGAAGGCTGCCCAGAGAAGGTCTATGAACTCATGCGAGCATGTTGGCACTGGAATCC","124G8",1,26,"caG/caC","snp"
1369,"G","C",8028,477,477,"Q/H","missense_variant","133M","CGCATGGAGCGCCCAGAAGGCTGCCCAGAGAAGGTCTATGAACTCATGCGAGCATGTTGGCACTGGAATCCCTCTGACCGGCCCTCCTTTGCTGAAATCCACCAAGCCTTTGAAACAATGTTCCAGGAATCCA","62G70",1,26,"caG/caC","snp"
1359,"C","A",8049,480,480,"P/H","missense_variant","133M","GAAGGACTACCGCATGGAGCGCCCAGAAGGCTGCCCAGAGAAGGTCTATGAACTCATGCGAGCATGTTGGCAGTGGAATCACTCTGACCGGCCCTCCTTTGCTGAAATCCACCAAGCCTTTGAAACAATGTTC","80C52",1,3,"cCc/cAc","snp"
1416,"C","A",8138,480,480,"P/H","missense_variant","133M","GCGAGCATGTTGGCAGTGGAATCACTCTGACCGGCCCTCCTTTGCTGAAATCCACCAAGCCTTTGAAACAATGTTCCAGGAATCCAGTATCTCAGACGAAGTGGAAAAGGAGCTGGGGAAACAAGGCGTCCGT","23C109",1,3,"cCc/cAc","snp"
1355,"C","A",7984,480,480,"P/H","missense_variant","133M","TAGAGAAGGACTACCGCATGGAGCGCCCAGAAGGCTGCCCAGAGAAGGTCTATGAACTCATGCGAGCATGTTGGCAGTGGAATCACTCTGACCGGCCCTCCTTTGCTGAAATCCACCAAGCCTTTGAAACAAT","84C48",1,3,"cCc/cAc","snp"
1318,"G","C",7675,482,482,"D/H","missense_variant","133M","TACCCGGGAATTGACCTGTCCCAGGTGTATGAGCTGCTAGAGAAGGACTACCGCATGGAGCGCCCAGAAGGCTGCCCAGAGAAGGTCTATGAACTCATGCGAGCATGTTGGCAGTGGAATCCCTCTCACCGGC","126G6",1,1,"Gac/Cac","snp"
1437,"G","T",7822,483,483,"R/L","missense_variant","133M","TCCCTCTGACCTGCCCTCCTTTGCTGAAATCCACCAAGCCTTTGAAACAATGTTCCAGGAATCCAGTATCTCAGACGAAGTGGAAAAGGAGCTGGGGAAACAAGGCGTCCGTGGGGCTGTGAGTACCTTGCTG","11G121",1,1,"cGg/cTg","snp"
1326,"C","A",7832,484,484,"P/H","missense_variant","133M","AATTGACCTGTCCCAGGTGTATGAGCTGCTAGAGAAGGACTACCGCATGGAGCGCCCAGAAGGCTGCCCAGAGAAGGTCTATGAACTCATGCGAGCATGTTGGCAGTGGAATCCCTCTGACCGGCACTCCTTT","125C7",1,1,"cCc/cAc","snp"
1380,"C","T",7917,485,485,"S/F","missense_variant","133M","CCCAGAAGGCTGCCCAGAGAAGGTCTATGAACTCATGCGAGCATGTTGGCAGTGGAATCCCTCTGACCGGCCCTTCTTTGCTGAAATCCACCAAGCCTTTGAAACAATGTTCCAGGAATCCAGTATCTCAGAC","74C58",1,3,"tCc/tTc","snp"
1391,"C","T",8017,485,485,"S/F","missense_variant","133M","GCCCAGAGAAGGTCTATGAACTCATGCGAGCATGTTGGCAGTGGAATCCCTCTGACCGGCCCTTCTTTGCTGAAATCCACCAAGCCTTTGAAACAATGTTCCAGGAATCCAGTATCTCAGACGAAGTGGAAAA","63C69",1,3,"tCc/tTc","snp"
1452,"C","T",7564,485,485,"S/F","missense_variant","133M","CTTCTTTGCTGAAATCCACCAAGCCTTTGAAACAATGTTCCAGGAATCCAGTATCTCAGACGAAGTGGAAAAGGAGCTGGGGAAACAAGGCGTCCGTGGGGCTGTGAGTACCTTGCTGCAGGCCCCAGAGCTG","2C130",1,3,"tCc/tTc","snp"
1372,"T","C",8037,486,486,"F/S","missense_variant","133M","ATGGAGCGCCCAGAAGGCTGCCCAGAGAAGGTCTATGAACTCATGCGAGCATGTTGGCAGTGGAATCCCTCTGACCGGCCCTCCTCTGCTGAAATCCACCAAGCCTTTGAAACAATGTTCCAGGAATCCAGTA","85T47",1,7,"tTt/tCt","snp"
1384,"T","C",7824,486,486,"F/S","missense_variant","133M","GAAGGCTGCCCAGAGAAGGTCTATGAACTCATGCGAGCATGTTGGCAGTGGAATCCCTCTGACCGGCCCTCCTCTGCTGAAATCCACCAAGCCTTTGAAACAATGTTCCAGGAATCCAGTATCTCAGACGAAG","73T59",1,7,"tTt/tCt","snp"
1345,"T","C",8031,486,486,"F/S","missense_variant","133M","TATGAGCTGCTAGAGAAGGACTACCGCATGGAGCGCCCAGAAGGCTGCCCAGAGAAGGTCTATGAACTCATGCGAGCATGTTGGCAGTGGAATCCCTCTGACCGGCCCTCCTCTGCTGAAATCCACCAAGCCT","112T20",1,7,"tTt/tCt","snp"
1414,"T","C",8027,486,486,"F/S","missense_variant","133M","ATGCGAGCATGTTGGCAGTGGAATCCCTCTGACCGGCCCTCCTCTGCTGAAATCCACCAAGCCTTTGAAACAATGTTCCAGGAATCCAGTATCTCAGACGAAGTGGAAAAGGAGCTGGGGAAACAAGGCGTCC","43T89",1,7,"tTt/tCt","snp"
1392,"T","C",8020,486,486,"F/S","missense_variant","133M","CCCAGAGAAGGTCTATGAACTCATGCGAGCATGTTGGCAGTGGAATCCCTCTGACCGGCCCTCCTCTGCTGAAATCCACCAAGCCTTTGAAACAATGTTCCAGGAATCCAGTATCTCAGACGAAGTGGAAAAG","65T67",1,7,"tTt/tCt","snp"
1379,"T","C",7967,486,486,"F/S","missense_variant","133M","GCCCAGAAGGCTGCCCAGAGAAGGTCTATGAACTCATGCGAGCATGTTGGCAGTGGAATCCCTCTGACCGGCCCTCCTCTGCTGAAATCCACCAAGCCTTTGAAACAATGTTCCAGGAATCCAGTATCTCAGA","78T54",1,7,"tTt/tCt","snp"
1407,"T","C",8129,486,486,"F/S","missense_variant","133M","TGAACTCATGCGAGCATGTTGGCAGTGGAATCCCTCTGACCGGCCCTCCTCTGCTGAAATCCACCAAGCCTTTGAAACAATGTTCCAGGAATCCAGTATCTCAGACGAAGTGGAAAAGGAGCTGGGGAAACAA","50T82",1,7,"tTt/tCt","snp"
1342,"G","C",7954,487,487,"A/P","missense_variant","133M","GTGTATGAGCTGCTAGAGAAGGACTACCGCATGGAGCGCCCAGAAGGCTGCCCAGAGAAGGTCTATGAACTCATGCGAGCATGTTGGCAGTGGAATCCCTCTGACCGGCCCTCCTTTCCTGAAATCCACCAAG","117G15",1,2,"Gct/Cct","snp"
1332,"G","C",7975,487,487,"A/P","missense_variant","133M","CCTGTCCCAGGTGTATGAGCTGCTAGAGAAGGACTACCGCATGGAGCGCCCAGAAGGCTGCCCAGAGAAGGTCTATGAACTCATGCGAGCATGTTGGCAGTGGAATCCCTCTGACCGGCCCTCCTTTCCTGAA","127G5",1,2,"Gct/Cct","snp"
1424,"T","A",8003,487,487,"A","synonymous_variant","133M","GTTGGCAGTGGAATCCCTCTGACCGGCCCTCCTTTGCAGAAATCCACCAAGCCTTTGAAACAATGTTCCAGGAATCCAGTATCTCAGACGAAGTGGAAAAGGAGCTGGGGAAACAAGGCGTCCGTGGGGCTGT","37T95",1,2,"gcT/gcA","snp"
1336,"T","A",7945,487,487,"A","synonymous_variant","133M","TCCCAGGTGTATGAGCTGCTAGAGAAGGACTACCGCATGGAGCGCCCAGAAGGCTGCCCAGAGAAGGTCTATGAACTCATGCGAGCATGTTGGCAGTGGAATCCCTCTGACCGGCCCTCCTTTGCAGAAATCC","125T7",1,2,"gcT/gcA","snp"
1379,"G","A",7967,488,488,"E/K","missense_variant","133M","GCCCAGAAGGCTGCCCAGAGAAGGTCTATGAACTCATGCGAGCATGTTGGCAGTGGAATCCCTCTGACCGGCCCTCCTTTGCTAAAATCCACCAAGCCTTTGAAACAATGTTCCAGGAATCCAGTATCTCAGA","83G49",1,21,"Gaa/Aaa","snp"
1344,"G","A",8008,488,488,"E/K","missense_variant","133M","GTATGAGCTGCTAGAGAAGGACTACCGCATGGAGCGCCCAGAAGGCTGCCCAGAGAAGGTCTATGAACTCATGCGAGCATGTTGGCAGTGGAATCCCTCTGACCGGCCCTCCTTTGCTAAAATCCACCAAGCC","118G14",1,21,"Gaa/Aaa","snp"
1411,"G","A",8117,488,488,"E/K","missense_variant","133M","CTCATGCGAGCATGTTGGCAGTGGAATCCCTCTGACCGGCCCTCCTTTGCTAAAATCCACCAAGCCTTTGAAACAATGTTCCAGGAATCCAGTATCTCAGACGAAGTGGAAAAGGAGCTGGGGAAACAAGGCG","51G81",1,21,"Gaa/Aaa","snp"
1398,"G","A",8028,488,488,"E/K","missense_variant","133M","GAAGGTCTATGAACTCATGCGAGCATGTTGGCAGTGGAATCCCTCTGACCGGCCCTCCTTTGCTAAAATCCACCAAGCCTTTGAAACAATGTTCCAGGAATCCAGTATCTCAGACGAAGTGGAAAAGGAGCTG","64G68",1,21,"Gaa/Aaa","snp"
1441,"G","A",7764,488,488,"E/K","missense_variant","133M","TCTGACCGGCCCTCCTTTGCTAAAATCCACCAAGCCTTTGAAACAATGTTCCAGGAATCCAGTATCTCAGACGAAGTGGAAAAGGAGCTGGGGAAACAAGGCGTCCGTGGGGCTGTGAGTACCTTGCTGCAGG","21G111",1,21,"Gaa/Aaa","snp"
1370,"G","A",8055,488,488,"E/K","missense_variant","133M","GCATGGAGCGCCCAGAAGGCTGCCCAGAGAAGGTCTATGAACTCATGCGAGCATGTTGGCAGTGGAATCCCTCTGACCGGCCCTCCTTTGCTAAAATCCACCAAGCCTTTGAAACAATGTTCCAGGAATCCAG","92G40",1,21,"Gaa/Aaa","snp"
1402,"G","A",8157,488,488,"E/K","missense_variant","133M","GTCTATGAACTCATGCGAGCATGTTGGCAGTGGAATCCCTCTGACCGGCCCTCCTTTGCTAAAATCCACCAAGCCTTTGAAACAATGTTCCAGGAATCCAGTATCTCAGACGAAGTGGAAAAGGAGCTGGGGA","60G72",1,21,"Gaa/Aaa","snp"
1456,"G","A",7476,488,488,"E/K","missense_variant","133M","TTTGCTAAAATCCACCAAGCCTTTGAAACAATGTTCCAGGAATCCAGTATCTCAGACGAAGTGGAAAAGGAGCTGGGGAAACAAGGCGTCCGTGGGGCTGTGAGTACCTTGCTGCAGGCCCCAGAGCTGCCCA","6G126",1,21,"Gaa/Aaa","snp"
1398,"G","A",8028,488,488,"E/K","missense_variant","133M","GAAGGTCTATGAACTCATGCGAGCATGTTGGCAGTGGAATCCCTCTGACCGGCCCTCCTTTGCTAAAATCCACCAAGCCTTTGAAACAATGTTCCAGGAATCCAGTATCTCAGACGAAGTGGAAAAGGAGCTG","64G68",1,21,"Gaa/Aaa","snp"
1381,"G","A",7927,488,488,"E/K","missense_variant","133M","CCAGAAGGCTGCCCAGAGAAGGTCTATGAACTCATGCGAGCATGTTGGCAGTGGAATCCCTCTGACCGGCCCTCCTTTGCTAAAATCCACCAAGCCTTTGAAACAATGTTCCAGGAATCCAGTATCTCAGACG","81G51",1,21,"Gaa/Aaa","snp"
1386,"G","A",7820,488,488,"E/K","missense_variant","133M","AGGCTGCCCAGAGAAGGTCTATGAACTCATGCGAGCATGTTGGCAGTGGAATCCCTCTGACCGGCCCTCCTTTGCTAAAATCCACCAAGCCTTTGAAACAATGTTCCAGGAATCCAGTATCTCAGACGAAGTG","76G56",1,21,"Gaa/Aaa","snp"
1442,"G","A",7748,488,488,"E/K","missense_variant","133M","CTGACCGGCCCTCCTTTGCTAAAATCCACCAAGCCTTTGAAACAATGTTCCAGGAATCCAGTATCTCAGACGAAGTGGAAAAGGAGCTGGGGAAACAAGGCGTCCGTGGGGCTGTGAGTACCTTGCTGCAGGC","20G112",1,21,"Gaa/Aaa","snp"
1429,"G","A",7920,488,488,"E/K","missense_variant","133M","CAGTGGAATCCCTCTGACCGGCCCTCCTTTGCTAAAATCCACCAAGCCTTTGAAACAATGTTCCAGGAATCCAGTATCTCAGACGAAGTGGAAAAGGAGCTGGGGAAACAAGGCGTCCGTGGGGCTGTGAGTA","33G99",1,21,"Gaa/Aaa","snp"
1380,"G","A",7917,488,488,"E/K","missense_variant","133M","CCCAGAAGGCTGCCCAGAGAAGGTCTATGAACTCATGCGAGCATGTTGGCAGTGGAATCCCTCTGACCGGCCCTCCTTTGCTAAAATCCACCAAGCCTTTGAAACAATGTTCCAGGAATCCAGTATCTCAGAC","82G50",1,21,"Gaa/Aaa","snp"
1404,"G","A",8108,488,488,"E/K","missense_variant","133M","CTATGAACTCATGCGAGCATGTTGGCAGTGGAATCCCTCTGACCGGCCCTCCTTTGCTAAAATCCACCAAGCCTTTGAAACAATGTTCCAGGAATCCAGTATCTCAGACGAAGTGGAAAAGGAGCTGGGGAAA","58G74",1,21,"Gaa/Aaa","snp"
1447,"G","A",7740,488,488,"E/K","missense_variant","133M","CGGCCCTCCTTTGCTAAAATCCACCAAGCCTTTGAAACAATGTTCCAGGAATCCAGTATCTCAGACGAAGTGGAAAAGGAGCTGGGGAAACAAGGCGTCCGTGGGGCTGTGAGTACCTTGCTGCAGGCCCCAG","15G117",1,21,"Gaa/Aaa","snp"
1369,"G","A",8028,488,488,"E/K","missense_variant","133M","CGCATGGAGCGCCCAGAAGGCTGCCCAGAGAAGGTCTATGAACTCATGCGAGCATGTTGGCAGTGGAATCCCTCTGACCGGCCCTCCTTTGCTAAAATCCACCAAGCCTTTGAAACAATGTTCCAGGAATCCA","93G39",1,21,"Gaa/Aaa","snp"
1439,"G","A",7835,488,488,"E/K","missense_variant","133M","CCTCTGACCGGCCCTCCTTTGCTAAAATCCACCAAGCCTTTGAAACAATGTTCCAGGAATCCAGTATCTCAGACGAAGTGGAAAAGGAGCTGGGGAAACAAGGCGTCCGTGGGGCTGTGAGTACCTTGCTGCA","23G109",1,21,"Gaa/Aaa","snp"
1375,"G","A",8005,488,488,"E/K","missense_variant","133M","GAGCGCCCAGAAGGCTGCCCAGAGAAGGTCTATGAACTCATGCGAGCATGTTGGCAGTGGAATCCCTCTGACCGGCCCTCCTTTGCTAAAATCCACCAAGCCTTTGAAACAATGTTCCAGGAATCCAGTATCT","87G45",1,21,"Gaa/Aaa","snp"
1379,"G","A",7967,488,488,"E/K","missense_variant","133M","GCCCAGAAGGCTGCCCAGAGAAGGTCTATGAACTCATGCGAGCATGTTGGCAGTGGAATCCCTCTGACCGGCCCTCCTTTGCTAAAATCCACCAAGCCTTTGAAACAATGTTCCAGGAATCCAGTATCTCAGA","83G49",1,21,"Gaa/Aaa","snp"
1393,"G","A",8014,488,488,"E/K","missense_variant","133M","CCAGAGAAGGTCTATGAACTCATGCGAGCATGTTGGCAGTGGAATCCCTCTGACCGGCCCTCCTTTGCTAAAATCCACCAAGCCTTTGAAACAATGTTCCAGGAATCCAGTATCTCAGACGAAGTGGAAAAGG","69G63",1,21,"Gaa/Aaa","snp"
1390,"C","A",7942,490,490,"H/N","missense_variant","133M","TGCCCAGAGAAGGTCTATGAACTCATGCGAGCATGTTGGCAGTGGAATCCCTCTGACCGGCCCTCCTTTGCTGAAATCAACCAAGCCTTTGAAACAATGTTCCAGGAATCCAGTATCTCAGACGAAGTGGAAA","78C54",1,1,"Cac/Aac","snp"
1381,"C","A",7927,491,491,"Q/K","missense_variant","133M","CCAGAAGGCTGCCCAGAGAAGGTCTATGAACTCATGCGAGCATGTTGGCAGTGGAATCCCTCTGACCGGCCCTCCTTTGCTGAAATCCACAAAGCCTTTGAAACAATGTTCCAGGAATCCAGTATCTCAGACG","90C42",1,2,"Caa/Aaa","snp"
1402,"C","A",8157,491,491,"Q/K","missense_variant","133M","GTCTATGAACTCATGCGAGCATGTTGGCAGTGGAATCCCTCTGACCGGCCCTCCTTTGCTGAAATCCACAAAGCCTTTGAAACAATGTTCCAGGAATCCAGTATCTCAGACGAAGTGGAAAAGGAGCTGGGGA","69C63",1,2,"Caa/Aaa","snp"
1390,"A","G",7942,491,491,"Q/R","missense_variant","133M","TGCCCAGAGAAGGTCTATGAACTCATGCGAGCATGTTGGCAGTGGAATCCCTCTGACCGGCCCTCCTTTGCTGAAATCCACCGAGCCTTTGAAACAATGTTCCAGGAATCCAGTATCTCAGACGAAGTGGAAA","82A50",1,8,"cAa/cGa","snp"
1460,"A","G",7294,491,491,"Q/R","missense_variant","133M","CTGAAATCCACCGAGCCTTTGAAACAATGTTCCAGGAATCCAGTATCTCAGACGAAGTGGAAAAGGAGCTGGGGAAACAAGGCGTCCGTGGGGCTGTGAGTACCTTGCTGCAGGCCCCAGAGCTGCCCACCAA","12A120",1,8,"cAa/cGa","snp"
1365,"A","G",8049,491,491,"Q/R","missense_variant","133M","CTACCGCATGGAGCGCCCAGAAGGCTGCCCAGAGAAGGTCTATGAACTCATGCGAGCATGTTGGCAGTGGAATCCCTCTGACCGGCCCTCCTTTGCTGAAATCCACCGAGCCTTTGAAACAATGTTCCAGGAA","107A25",1,8,"cAa/cGa","snp"
1388,"A","G",7843,491,491,"Q/R","missense_variant","133M","GCTGCCCAGAGAAGGTCTATGAACTCATGCGAGCATGTTGGCAGTGGAATCCCTCTGACCGGCCCTCCTTTGCTGAAATCCACCGAGCCTTTGAAACAATGTTCCAGGAATCCAGTATCTCAGACGAAGTGGA","84A48",1,8,"cAa/cGa","snp"
1415,"A","G",8075,491,491,"Q/R","missense_variant","133M","TGCGAGCATGTTGGCAGTGGAATCCCTCTGACCGGCCCTCCTTTGCTGAAATCCACCGAGCCTTTGAAACAATGTTCCAGGAATCCAGTATCTCAGACGAAGTGGAAAAGGAGCTGGGGAAACAAGGCGTCCG","57A75",1,8,"cAa/cGa","snp"
1419,"A","G",8116,491,491,"Q/R","missense_variant","133M","AGCATGTTGGCAGTGGAATCCCTCTGACCGGCCCTCCTTTGCTGAAATCCACCGAGCCTTTGAAACAATGTTCCAGGAATCCAGTATCTCAGACGAAGTGGAAAAGGAGCTGGGGAAACAAGGCGTCCGTGGG","53A79",1,8,"cAa/cGa","snp"
1409,"A","G",8142,491,491,"Q/R","missense_variant","133M","AACTCATGCGAGCATGTTGGCAGTGGAATCCCTCTGACCGGCCCTCCTTTGCTGAAATCCACCGAGCCTTTGAAACAATGTTCCAGGAATCCAGTATCTCAGACGAAGTGGAAAAGGAGCTGGGGAAACAAGG","63A69",1,8,"cAa/cGa","snp"
1404,"A","G",8108,491,491,"Q/R","missense_variant","133M","CTATGAACTCATGCGAGCATGTTGGCAGTGGAATCCCTCTGACCGGCCCTCCTTTGCTGAAATCCACCGAGCCTTTGAAACAATGTTCCAGGAATCCAGTATCTCAGACGAAGTGGAAAAGGAGCTGGGGAAA","68A64",1,8,"cAa/cGa","snp"
1361,"T","C",8057,493,493,"F","synonymous_variant","133M","AGGACTACCGCATGGAGCGCCCAGAAGGCTGCCCAGAGAAGGTCTATGAACTCATGCGAGCATGTTGGCAGTGGAATCCCTCTGACCGGCCCTCCTTTGCTGAAATCCACCAAGCCTTCGAAACAATGTTCCA","118T14",1,321,"ttT/ttC","snp"
1352,"T","C",8076,493,493,"F","synonymous_variant","133M","TGCTAGAGAAGGACTACCGCATGGAGCGCCCAGAAGGCTGCCCAGAGAAGGTCTATGAACTCATGCGAGCATGTTGGCAGTGGAATCCCTCTGACCGGCCCTCCTTTGCTGAAATCCACCAAGCCTTCGAAAC","127T5",1,321,"ttT/ttC","snp"
1359,"T","C",8049,493,493,"F","synonymous_variant","133M","GAAGGACTACCGCATGGAGCGCCCAGAAGGCTGCCCAGAGAAGGTCTATGAACTCATGCGAGCATGTTGGCAGTGGAATCCCTCTGACCGGCCCTCCTTTGCTGAAATCCACCAAGCCTTCGAAACAATGTTC","120T12",1,321,"ttT/ttC","snp"
1352,"T","C",8076,493,493,"F","synonymous_variant","133M","TGCTAGAGAAGGACTACCGCATGGAGCGCCCAGAAGGCTGCCCAGAGAAGGTCTATGAACTCATGCGAGCATGTTGGCAGTGGAATCCCTCTGACCGGCCCTCCTTTGCTGAAATCCACCAAGCCTTCGAAAC","127T5",1,321,"ttT/ttC","snp"
1352,"T","C",8076,493,493,"F","synonymous_variant","133M","TGCTAGAGAAGGACTACCGCATGGAGCGCCCAGAAGGCTGCCCAGAGAAGGTCTATGAACTCATGCGAGCATGTTGGCAGTGGAATCCCTCTGACCGGCCCTCCTTTGCTGAAATCCACCAAGCCTTCGAAAC","127T5",1,321,"ttT/ttC","snp"
1349,"T","C",8014,493,493,"F","synonymous_variant","133M","AGCTGCTAGAGAAGGACTACCGCATGGAGCGCCCAGAAGGCTGCCCAGAGAAGGTCTATGAACTCATGCGAGCATGTTGGCAGTGGAATCCCTCTGACCGGCCCTCCTTTGCTGAAATCCACCAAGCCTTCGA","130T2",1,321,"ttT/ttC","snp"
1364,"T","C",8046,493,493,"F","synonymous_variant","133M","ACTACCGCATGGAGCGCCCAGAAGGCTGCCCAGAGAAGGTCTATGAACTCATGCGAGCATGTTGGCAGTGGAATCCCTCTGACCGGCCCTCCTTTGCTGAAATCCACCAAGCCTTCGAAACAATGTTCCAGGA","115T17",1,321,"ttT/ttC","snp"
1350,"T","C",8001,493,493,"F","synonymous_variant","133M","GCTGCTAGAGAAGGACTACCGCATGGAGCGCCCAGAAGGCTGCCCAGAGAAGGTCTATGAACTCATGCGAGCATGTTGGCAGTGGAATCCCTCTGACCGGCCCTCCTTTGCTGAAATCCACCAAGCCTTCGAA","129T3",1,321,"ttT/ttC","snp"
1351,"T","C",8031,493,493,"F","synonymous_variant","133M","CTGCTAGAGAAGGACTACCGCATGGAGCGCCCAGAAGGCTGCCCAGAGAAGGTCTATGAACTCATGCGAGCATGTTGGCAGTGGAATCCCTCTGACCGGCCCTCCTTTGCTGAAATCCACCAAGCCTTCGAAA","128T4",1,321,"ttT/ttC","snp"
1351,"T","C",8031,493,493,"F","synonymous_variant","133M","CTGCTAGAGAAGGACTACCGCATGGAGCGCCCAGAAGGCTGCCCAGAGAAGGTCTATGAACTCATGCGAGCATGTTGGCAGTGGAATCCCTCTGACCGGCCCTCCTTTGCTGAAATCCACCAAGCCTTCGAAA","128T4",1,321,"ttT/ttC","snp"
1358,"T","C",8016,493,493,"F","synonymous_variant","133M","AGAAGGACTACCGCATGGAGCGCCCAGAAGGCTGCCCAGAGAAGGTCTATGAACTCATGCGAGCATGTTGGCAGTGGAATCCCTCTGACCGGCCCTCCTTTGCTGAAATCCACCAAGCCTTCGAAACAATGTT","121T11",1,321,"ttT/ttC","snp"
1357,"T","C",8009,493,493,"F","synonymous_variant","133M","GAGAAGGACTACCGCATGGAGCGCCCAGAAGGCTGCCCAGAGAAGGTCTATGAACTCATGCGAGCATGTTGGCAGTGGAATCCCTCTGACCGGCCCTCCTTTGCTGAAATCCACCAAGCCTTCGAAACAATGT","122T10",1,321,"ttT/ttC","snp"
1352,"T","C",8076,493,493,"F","synonymous_variant","133M","TGCTAGAGAAGGACTACCGCATGGAGCGCCCAGAAGGCTGCCCAGAGAAGGTCTATGAACTCATGCGAGCATGTTGGCAGTGGAATCCCTCTGACCGGCCCTCCTTTGCTGAAATCCACCAAGCCTTCGAAAC","127T5",1,321,"ttT/ttC","snp"
1358,"T","C",8016,493,493,"F","synonymous_variant","133M","AGAAGGACTACCGCATGGAGCGCCCAGAAGGCTGCCCAGAGAAGGTCTATGAACTCATGCGAGCATGTTGGCAGTGGAATCCCTCTGACCGGCCCTCCTTTGCTGAAATCCACCAAGCCTTCGAAACAATGTT","121T11",1,321,"ttT/ttC","snp"
1352,"T","C",8076,493,493,"F","synonymous_variant","133M","TGCTAGAGAAGGACTACCGCATGGAGCGCCCAGAAGGCTGCCCAGAGAAGGTCTATGAACTCATGCGAGCATGTTGGCAGTGGAATCCCTCTGACCGGCCCTCCTTTGCTGAAATCCACCAAGCCTTCGAAAC","127T5",1,321,"ttT/ttC","snp"
1360,"T","C",8072,493,493,"F","synonymous_variant","133M","AAGGACTACCGCATGGAGCGCCCAGAAGGCTGCCCAGAGAAGGTCTATGAACTCATGCGAGCATGTTGGCAGTGGAATCCCTCTGACCGGCCCTCCTTTGCTGAAATCCACCAAGCCTTCGAAACAATGTTCC","119T13",1,321,"ttT/ttC","snp"
1370,"T","C",8055,493,493,"F","synonymous_variant","133M","GCATGGAGCGCCCAGAAGGCTGCCCAGAGAAGGTCTATGAACTCATGCGAGCATGTTGGCAGTGGAATCCCTCTGACCGGCCCTCCTTTGCTGAAATCCACCAAGCCTTCGAAACAATGTTCCAGGAATCCAG","109T23",1,321,"ttT/ttC","snp"
1362,"T","C",8029,493,493,"F","synonymous_variant","133M","GGACTACCGCATGGAGCGCCCAGAAGGCTGCCCAGAGAAGGTCTATGAACTCATGCGAGCATGTTGGCAGTGGAATCCCTCTGACCGGCCCTCCTTTGCTGAAATCCACCAAGCCTTCGAAACAATGTTCCAG","117T15",1,321,"ttT/ttC","snp"
1358,"T","C",8016,493,493,"F","synonymous_variant","133M","AGAAGGACTACCGCATGGAGCGCCCAGAAGGCTGCCCAGAGAAGGTCTATGAACTCATGCGAGCATGTTGGCAGTGGAATCCCTCTGACCGGCCCTCCTTTGCTGAAATCCACCAAGCCTTCGAAACAATGTT","121T11",1,321,"ttT/ttC","snp"
1369,"T","C",8028,493,493,"F","synonymous_variant","133M","CGCATGGAGCGCCCAGAAGGCTGCCCAGAGAAGGTCTATGAACTCATGCGAGCATGTTGGCAGTGGAATCCCTCTGACCGGCCCTCCTTTGCTGAAATCCACCAAGCCTTCGAAACAATGTTCCAGGAATCCA","110T22",1,321,"ttT/ttC","snp"
1362,"T","C",8029,493,493,"F","synonymous_variant","133M","GGACTACCGCATGGAGCGCCCAGAAGGCTGCCCAGAGAAGGTCTATGAACTCATGCGAGCATGTTGGCAGTGGAATCCCTCTGACCGGCCCTCCTTTGCTGAAATCCACCAAGCCTTCGAAACAATGTTCCAG","117T15",1,321,"ttT/ttC","snp"
1367,"T","C",8017,493,493,"F","synonymous_variant","133M","ACCGCATGGAGCGCCCAGAAGGCTGCCCAGAGAAGGTCTATGAACTCATGCGAGCATGTTGGCAGTGGAATCCCTCTGACCGGCCCTCCTTTGCTGAAATCCACCAAGCCTTCGAAACAATGTTCCAGGAATC","112T20",1,321,"ttT/ttC","snp"
1389,"T","C",7859,493,493,"F","synonymous_variant","133M","CTGCCCAGAGAAGGTCTATGAACTCATGCGAGCATGTTGGCAGTGGAATCCCTCTGACCGGCCCTCCTTTGCTGAAATCCACCAAGCCTTCGAAACAATGTTCCAGGAATCCAGTATCTCAGACGAAGTGGAA","90T42",1,321,"ttT/ttC","snp"
1356,"T","C",7998,493,493,"F","synonymous_variant","133M","AGAGAAGGACTACCGCATGGAGCGCCCAGAAGGCTGCCCAGAGAAGGTCTATGAACTCATGCGAGCATGTTGGCAGTGGAATCCCTCTGACCGGCCCTCCTTTGCTGAAATCCACCAAGCCTTCGAAACAATG","123T9",1,321,"ttT/ttC","snp"
1455,"T","C",7429,493,493,"F","synonymous_variant","133M","CTTTGCTGAAATCCACCAAGCCTTCGAAACAATGTTCCAGGAATCCAGTATCTCAGACGAAGTGGAAAAGGAGCTGGGGAAACAAGGCGTCCGTGGGGCTGTGAGTACCTTGCTGCAGGCCCCAGAGCTGCCC","24T108",1,321,"ttT/ttC","snp"
1399,"T","C",8099,493,493,"F","synonymous_variant","133M","AAGGTCTATGAACTCATGCGAGCATGTTGGCAGTGGAATCCCTCTGACCGGCCCTCCTTTGCTGAAATCCACCAAGCCTTCGAAACAATGTTCCAGGAATCCAGTATCTCAGACGAAGTGGAAAAGGAGCTGG","80T52",1,321,"ttT/ttC","snp"
1374,"T","C",8014,493,493,"F","synonymous_variant","133M","GGAGCGCCCAGAAGGCTGCCCAGAGAAGGTCTATGAACTCATGCGAGCATGTTGGCAGTGGAATCCCTCTGACCGGCCCTCCTTTGCTGAAATCCACCAAGCCTTCGAAACAATGTTCCAGGAATCCAGTATC","105T27",1,321,"ttT/ttC","snp"
1374,"T","C",8014,493,493,"F","synonymous_variant","133M","GGAGCGCCCAGAAGGCTGCCCAGAGAAGGTCTATGAACTCATGCGAGCATGTTGGCAGTGGAATCCCTCTGACCGGCCCTCCTTTGCTGAAATCCACCAAGCCTTCGAAACAATGTTCCAGGAATCCAGTATC","105T27",1,321,"ttT/ttC","snp"
1374,"T","C",8014,493,493,"F","synonymous_variant","133M","GGAGCGCCCAGAAGGCTGCCCAGAGAAGGTCTATGAACTCATGCGAGCATGTTGGCAGTGGAATCCCTCTGACCGGCCCTCCTTTGCTGAAATCCACCAAGCCTTCGAAACAATGTTCCAGGAATCCAGTATC","105T27",1,321,"ttT/ttC","snp"
1365,"T","C",8049,493,493,"F","synonymous_variant","133M","CTACCGCATGGAGCGCCCAGAAGGCTGCCCAGAGAAGGTCTATGAACTCATGCGAGCATGTTGGCAGTGGAATCCCTCTGACCGGCCCTCCTTTGCTGAAATCCACCAAGCCTTCGAAACAATGTTCCAGGAA","114T18",1,321,"ttT/ttC","snp"
1375,"T","C",8005,493,493,"F","synonymous_variant","133M","GAGCGCCCAGAAGGCTGCCCAGAGAAGGTCTATGAACTCATGCGAGCATGTTGGCAGTGGAATCCCTCTGACCGGCCCTCCTTTGCTGAAATCCACCAAGCCTTCGAAACAATGTTCCAGGAATCCAGTATCT","104T28",1,321,"ttT/ttC","snp"
1362,"T","C",8029,493,493,"F","synonymous_variant","133M","GGACTACCGCATGGAGCGCCCAGAAGGCTGCCCAGAGAAGGTCTATGAACTCATGCGAGCATGTTGGCAGTGGAATCCCTCTGACCGGCCCTCCTTTGCTGAAATCCACCAAGCCTTCGAAACAATGTTCCAG","117T15",1,321,"ttT/ttC","snp"
1362,"T","C",8029,493,493,"F","synonymous_variant","133M","GGACTACCGCATGGAGCGCCCAGAAGGCTGCCCAGAGAAGGTCTATGAACTCATGCGAGCATGTTGGCAGTGGAATCCCTCTGACCGGCCCTCCTTTGCTGAAATCCACCAAGCCTTCGAAACAATGTTCCAG","117T15",1,321,"ttT/ttC","snp"
1392,"T","C",8020,493,493,"F","synonymous_variant","133M","CCCAGAGAAGGTCTATGAACTCATGCGAGCATGTTGGCAGTGGAATCCCTCTGACCGGCCCTCCTTTGCTGAAATCCACCAAGCCTTCGAAACAATGTTCCAGGAATCCAGTATCTCAGACGAAGTGGAAAAG","87T45",1,321,"ttT/ttC","snp"
1363,"T","C",8052,493,493,"F","synonymous_variant","133M","GACTACCGCATGGAGCGCCCAGAAGGCTGCCCAGAGAAGGTCTATGAACTCATGCGAGCATGTTGGCAGTGGAATCCCTCTGACCGGCCCTCCTTTGCTGAAATCCACCAAGCCTTCGAAACAATGTTCCAGG","116T16",1,321,"ttT/ttC","snp"
1363,"T","C",8052,493,493,"F","synonymous_variant","133M","GACTACCGCATGGAGCGCCCAGAAGGCTGCCCAGAGAAGGTCTATGAACTCATGCGAGCATGTTGGCAGTGGAATCCCTCTGACCGGCCCTCCTTTGCTGAAATCCACCAAGCCTTCGAAACAATGTTCCAGG","116T16",1,321,"ttT/ttC","snp"
1364,"T","C",8046,493,493,"F","synonymous_variant","133M","ACTACCGCATGGAGCGCCCAGAAGGCTGCCCAGAGAAGGTCTATGAACTCATGCGAGCATGTTGGCAGTGGAATCCCTCTGACCGGCCCTCCTTTGCTGAAATCCACCAAGCCTTCGAAACAATGTTCCAGGA","115T17",1,321,"ttT/ttC","snp"
1364,"T","C",8046,493,493,"F","synonymous_variant","133M","ACTACCGCATGGAGCGCCCAGAAGGCTGCCCAGAGAAGGTCTATGAACTCATGCGAGCATGTTGGCAGTGGAATCCCTCTGACCGGCCCTCCTTTGCTGAAATCCACCAAGCCTTCGAAACAATGTTCCAGGA","115T17",1,321,"ttT/ttC","snp"
1368,"T","C",8004,493,493,"F","synonymous_variant","133M","CCGCATGGAGCGCCCAGAAGGCTGCCCAGAGAAGGTCTATGAACTCATGCGAGCATGTTGGCAGTGGAATCCCTCTGACCGGCCCTCCTTTGCTGAAATCCACCAAGCCTTCGAAACAATGTTCCAGGAATCC","111T21",1,321,"ttT/ttC","snp"
1368,"T","C",8004,493,493,"F","synonymous_variant","133M","CCGCATGGAGCGCCCAGAAGGCTGCCCAGAGAAGGTCTATGAACTCATGCGAGCATGTTGGCAGTGGAATCCCTCTGACCGGCCCTCCTTTGCTGAAATCCACCAAGCCTTCGAAACAATGTTCCAGGAATCC","111T21",1,321,"ttT/ttC","snp"
1377,"T","C",8036,493,493,"F","synonymous_variant","133M","GCGCCCAGAAGGCTGCCCAGAGAAGGTCTATGAACTCATGCGAGCATGTTGGCAGTGGAATCCCTCTGACCGGCCCTCCTTTGCTGAAATCCACCAAGCCTTCGAAACAATGTTCCAGGAATCCAGTATCTCA","102T30",1,321,"ttT/ttC","snp"
1377,"T","C",8036,493,493,"F","synonymous_variant","133M","GCGCCCAGAAGGCTGCCCAGAGAAGGTCTATGAACTCATGCGAGCATGTTGGCAGTGGAATCCCTCTGACCGGCCCTCCTTTGCTGAAATCCACCAAGCCTTCGAAACAATGTTCCAGGAATCCAGTATCTCA","102T30",1,321,"ttT/ttC","snp"
1368,"T","C",8004,493,493,"F","synonymous_variant","133M","CCGCATGGAGCGCCCAGAAGGCTGCCCAGAGAAGGTCTATGAACTCATGCGAGCATGTTGGCAGTGGAATCCCTCTGACCGGCCCTCCTTTGCTGAAATCCACCAAGCCTTCGAAACAATGTTCCAGGAATCC","111T21",1,321,"ttT/ttC","snp"
1368,"T","C",8004,493,493,"F","synonymous_variant","133M","CCGCATGGAGCGCCCAGAAGGCTGCCCAGAGAAGGTCTATGAACTCATGCGAGCATGTTGGCAGTGGAATCCCTCTGACCGGCCCTCCTTTGCTGAAATCCACCAAGCCTTCGAAACAATGTTCCAGGAATCC","111T21",1,321,"ttT/ttC","snp"
1365,"T","C",8049,493,493,"F","synonymous_variant","133M","CTACCGCATGGAGCGCCCAGAAGGCTGCCCAGAGAAGGTCTATGAACTCATGCGAGCATGTTGGCAGTGGAATCCCTCTGACCGGCCCTCCTTTGCTGAAATCCACCAAGCCTTCGAAACAATGTTCCAGGAA","114T18",1,321,"ttT/ttC","snp"
1369,"T","C",8028,493,493,"F","synonymous_variant","133M","CGCATGGAGCGCCCAGAAGGCTGCCCAGAGAAGGTCTATGAACTCATGCGAGCATGTTGGCAGTGGAATCCCTCTGACCGGCCCTCCTTTGCTGAAATCCACCAAGCCTTCGAAACAATGTTCCAGGAATCCA","110T22",1,321,"ttT/ttC","snp"
1379,"T","C",7967,493,493,"F","synonymous_variant","133M","GCCCAGAAGGCTGCCCAGAGAAGGTCTATGAACTCATGCGAGCATGTTGGCAGTGGAATCCCTCTGACCGGCCCTCCTTTGCTGAAATCCACCAAGCCTTCGAAACAATGTTCCAGGAATCCAGTATCTCAGA","100T32",1,321,"ttT/ttC","snp"
1369,"T","C",8028,493,493,"F","synonymous_variant","133M","CGCATGGAGCGCCCAGAAGGCTGCCCAGAGAAGGTCTATGAACTCATGCGAGCATGTTGGCAGTGGAATCCCTCTGACCGGCCCTCCTTTGCTGAAATCCACCAAGCCTTCGAAACAATGTTCCAGGAATCCA","110T22",1,321,"ttT/ttC","snp"
1376,"T","C",7988,493,493,"F","synonymous_variant","133M","AGCGCCCAGAAGGCTGCCCAGAGAAGGTCTATGAACTCATGCGAGCATGTTGGCAGTGGAATCCCTCTGACCGGCCCTCCTTTGCTGAAATCCACCAAGCCTTCGAAACAATGTTCCAGGAATCCAGTATCTC","103T29",1,321,"ttT/ttC","snp"
1367,"T","C",8017,493,493,"F","synonymous_variant","133M","ACCGCATGGAGCGCCCAGAAGGCTGCCCAGAGAAGGTCTATGAACTCATGCGAGCATGTTGGCAGTGGAATCCCTCTGACCGGCCCTCCTTTGCTGAAATCCACCAAGCCTTCGAAACAATGTTCCAGGAATC","112T20",1,321,"ttT/ttC","snp"
1376,"T","C",7988,493,493,"F","synonymous_variant","133M","AGCGCCCAGAAGGCTGCCCAGAGAAGGTCTATGAACTCATGCGAGCATGTTGGCAGTGGAATCCCTCTGACCGGCCCTCCTTTGCTGAAATCCACCAAGCCTTCGAAACAATGTTCCAGGAATCCAGTATCTC","103T29",1,321,"ttT/ttC","snp"
1470,"T","C",6995,493,493,"F","synonymous_variant","133M","CCAAGCCTTCGAAACAATGTTCCAGGAATCCAGTATCTCAGACGAAGTGGAAAAGGAGCTGGGGAAACAAGGCGTCCGTGGGGCTGTGAGTACCTTGCTGCAGGCCCCAGAGCTGCCCACCAAGACGAGGACC","9T123",1,321,"ttT/ttC","snp"
1360,"T","C",8072,493,493,"F","synonymous_variant","133M","AAGGACTACCGCATGGAGCGCCCAGAAGGCTGCCCAGAGAAGGTCTATGAACTCATGCGAGCATGTTGGCAGTGGAATCCCTCTGACCGGCCCTCCTTTGCTGAAATCCACCAAGCCTTCGAAACAATGTTCC","119T13",1,321,"ttT/ttC","snp"
1349,"T","C",8014,493,493,"F","synonymous_variant","133M","AGCTGCTAGAGAAGGACTACCGCATGGAGCGCCCAGAAGGCTGCCCAGAGAAGGTCTATGAACTCATGCGAGCATGTTGGCAGTGGAATCCCTCTGACCGGCCCTCCTTTGCTGAAATCCACCAAGCCTTCGA","130T2",1,321,"ttT/ttC","snp"
1349,"T","C",8014,493,493,"F","synonymous_variant","133M","AGCTGCTAGAGAAGGACTACCGCATGGAGCGCCCAGAAGGCTGCCCAGAGAAGGTCTATGAACTCATGCGAGCATGTTGGCAGTGGAATCCCTCTGACCGGCCCTCCTTTGCTGAAATCCACCAAGCCTTCGA","130T2",1,321,"ttT/ttC","snp"
1370,"T","C",8055,493,493,"F","synonymous_variant","133M","GCATGGAGCGCCCAGAAGGCTGCCCAGAGAAGGTCTATGAACTCATGCGAGCATGTTGGCAGTGGAATCCCTCTGACCGGCCCTCCTTTGCTGAAATCCACCAAGCCTTCGAAACAATGTTCCAGGAATCCAG","109T23",1,321,"ttT/ttC","snp"
1381,"T","C",7927,493,493,"F","synonymous_variant","133M","CCAGAAGGCTGCCCAGAGAAGGTCTATGAACTCATGCGAGCATGTTGGCAGTGGAATCCCTCTGACCGGCCCTCCTTTGCTGAAATCCACCAAGCCTTCGAAACAATGTTCCAGGAATCCAGTATCTCAGACG","98T34",1,321,"ttT/ttC","snp"
1350,"T","C",8001,493,493,"F","synonymous_variant","133M","GCTGCTAGAGAAGGACTACCGCATGGAGCGCCCAGAAGGCTGCCCAGAGAAGGTCTATGAACTCATGCGAGCATGTTGGCAGTGGAATCCCTCTGACCGGCCCTCCTTTGCTGAAATCCACCAAGCCTTCGAA","129T3",1,321,"ttT/ttC","snp"
1381,"T","C",7927,493,493,"F","synonymous_variant","133M","CCAGAAGGCTGCCCAGAGAAGGTCTATGAACTCATGCGAGCATGTTGGCAGTGGAATCCCTCTGACCGGCCCTCCTTTGCTGAAATCCACCAAGCCTTCGAAACAATGTTCCAGGAATCCAGTATCTCAGACG","98T34",1,321,"ttT/ttC","snp"
1381,"T","C",7927,493,493,"F","synonymous_variant","133M","CCAGAAGGCTGCCCAGAGAAGGTCTATGAACTCATGCGAGCATGTTGGCAGTGGAATCCCTCTGACCGGCCCTCCTTTGCTGAAATCCACCAAGCCTTCGAAACAATGTTCCAGGAATCCAGTATCTCAGACG","98T34",1,321,"ttT/ttC","snp"
1474,"T","C",6883,493,493,"F","synonymous_variant","133M","GCCTTCGAAACAATGTTCCAGGAATCCAGTATCTCAGACGAAGTGGAAAAGGAGCTGGGGAAACAAGGCGTCCGTGGGGCTGTGAGTACCTTGCTGCAGGCCCCAGAGCTGCCCACCAAGACGAGGACCTCCA","5T127",1,321,"ttT/ttC","snp"
1373,"T","C",8039,493,493,"F","synonymous_variant","133M","TGGAGCGCCCAGAAGGCTGCCCAGAGAAGGTCTATGAACTCATGCGAGCATGTTGGCAGTGGAATCCCTCTGACCGGCCCTCCTTTGCTGAAATCCACCAAGCCTTCGAAACAATGTTCCAGGAATCCAGTAT","106T26",1,321,"ttT/ttC","snp"
1352,"T","C",8076,493,493,"F","synonymous_variant","133M","TGCTAGAGAAGGACTACCGCATGGAGCGCCCAGAAGGCTGCCCAGAGAAGGTCTATGAACTCATGCGAGCATGTTGGCAGTGGAATCCCTCTGACCGGCCCTCCTTTGCTGAAATCCACCAAGCCTTCGAAAC","127T5",1,321,"ttT/ttC","snp"
1437,"T","C",7822,493,493,"F","synonymous_variant","133M","TCCCTCTGACCGGCCCTCCTTTGCTGAAATCCACCAAGCCTTCGAAACAATGTTCCAGGAATCCAGTATCTCAGACGAAGTGGAAAAGGAGCTGGGGAAACAAGGCGTCCGTGGGGCTGTGAGTACCTTGCTG","42T90",1,321,"ttT/ttC","snp"
1382,"T","C",7939,493,493,"F","synonymous_variant","133M","CAGAAGGCTGCCCAGAGAAGGTCTATGAACTCATGCGAGCATGTTGGCAGTGGAATCCCTCTGACCGGCCCTCCTTTGCTGAAATCCACCAAGCCTTCGAAACAATGTTCCAGGAATCCAGTATCTCAGACGA","97T35",1,321,"ttT/ttC","snp"
1382,"T","C",7939,493,493,"F","synonymous_variant","133M","CAGAAGGCTGCCCAGAGAAGGTCTATGAACTCATGCGAGCATGTTGGCAGTGGAATCCCTCTGACCGGCCCTCCTTTGCTGAAATCCACCAAGCCTTCGAAACAATGTTCCAGGAATCCAGTATCTCAGACGA","97T35",1,321,"ttT/ttC","snp"
1382,"T","C",7939,493,493,"F","synonymous_variant","133M","CAGAAGGCTGCCCAGAGAAGGTCTATGAACTCATGCGAGCATGTTGGCAGTGGAATCCCTCTGACCGGCCCTCCTTTGCTGAAATCCACCAAGCCTTCGAAACAATGTTCCAGGAATCCAGTATCTCAGACGA","97T35",1,321,"ttT/ttC","snp"
1437,"T","C",7822,493,493,"F","synonymous_variant","133M","TCCCTCTGACCGGCCCTCCTTTGCTGAAATCCACCAAGCCTTCGAAACAATGTTCCAGGAATCCAGTATCTCAGACGAAGTGGAAAAGGAGCTGGGGAAACAAGGCGTCCGTGGGGCTGTGAGTACCTTGCTG","42T90",1,321,"ttT/ttC","snp"
1383,"T","C",7877,493,493,"F","synonymous_variant","133M","AGAAGGCTGCCCAGAGAAGGTCTATGAACTCATGCGAGCATGTTGGCAGTGGAATCCCTCTGACCGGCCCTCCTTTGCTGAAATCCACCAAGCCTTCGAAACAATGTTCCAGGAATCCAGTATCTCAGACGAA","96T36",1,321,"ttT/ttC","snp"
1352,"T","C",8076,493,493,"F","synonymous_variant","133M","TGCTAGAGAAGGACTACCGCATGGAGCGCCCAGAAGGCTGCCCAGAGAAGGTCTATGAACTCATGCGAGCATGTTGGCAGTGGAATCCCTCTGACCGGCCCTCCTTTGCTGAAATCCACCAAGCCTTCGAAAC","127T5",1,321,"ttT/ttC","snp"
1384,"T","C",7824,493,493,"F","synonymous_variant","133M","GAAGGCTGCCCAGAGAAGGTCTATGAACTCATGCGAGCATGTTGGCAGTGGAATCCCTCTGACCGGCCCTCCTTTGCTGAAATCCACCAAGCCTTCGAAACAATGTTCCAGGAATCCAGTATCTCAGACGAAG","95T37",1,321,"ttT/ttC","snp"
1385,"T","C",7824,493,493,"F","synonymous_variant","133M","AAGGCTGCCCAGAGAAGGTCTATGAACTCATGCGAGCATGTTGGCAGTGGAATCCCTCTGACCGGCCCTCCTTTGCTGAAATCCACCAAGCCTTCGAAACAATGTTCCAGGAATCCAGTATCTCAGACGAAGT","94T38",1,321,"ttT/ttC","snp"
1354,"T","C",7986,493,493,"F","synonymous_variant","133M","CTAGAGAAGGACTACCGCATGGAGCGCCCAGAAGGCTGCCCAGAGAAGGTCTATGAACTCATGCGAGCATGTTGGCAGTGGAATCCCTCTGACCGGCCCTCCTTTGCTGAAATCCACCAAGCCTTCGAAACAA","125T7",1,321,"ttT/ttC","snp"
1385,"T","C",7824,493,493,"F","synonymous_variant","133M","AAGGCTGCCCAGAGAAGGTCTATGAACTCATGCGAGCATGTTGGCAGTGGAATCCCTCTGACCGGCCCTCCTTTGCTGAAATCCACCAAGCCTTCGAAACAATGTTCCAGGAATCCAGTATCTCAGACGAAGT","94T38",1,321,"ttT/ttC","snp"
1367,"T","C",8017,493,493,"F","synonymous_variant","133M","ACCGCATGGAGCGCCCAGAAGGCTGCCCAGAGAAGGTCTATGAACTCATGCGAGCATGTTGGCAGTGGAATCCCTCTGACCGGCCCTCCTTTGCTGAAATCCACCAAGCCTTCGAAACAATGTTCCAGGAATC","112T20",1,321,"ttT/ttC","snp"
1410,"T","C",8135,493,493,"F","synonymous_variant","133M","ACTCATGCGAGCATGTTGGCAGTGGAATCCCTCTGACCGGCCCTCCTTTGCTGAAATCCACCAAGCCTTCGAAACAATGTTCCAGGAATCCAGTATCTCAGACGAAGTGGAAAAGGAGCTGGGGAAACAAGGC","69T63",1,321,"ttT/ttC","snp"
1386,"T","C",7820,493,493,"F","synonymous_variant","133M","AGGCTGCCCAGAGAAGGTCTATGAACTCATGCGAGCATGTTGGCAGTGGAATCCCTCTGACCGGCCCTCCTTTGCTGAAATCCACCAAGCCTTCGAAACAATGTTCCAGGAATCCAGTATCTCAGACGAAGTG","93T39",1,321,"ttT/ttC","snp"
1386,"T","C",7820,493,493,"F","synonymous_variant","133M","AGGCTGCCCAGAGAAGGTCTATGAACTCATGCGAGCATGTTGGCAGTGGAATCCCTCTGACCGGCCCTCCTTTGCTGAAATCCACCAAGCCTTCGAAACAATGTTCCAGGAATCCAGTATCTCAGACGAAGTG","93T39",1,321,"ttT/ttC","snp"
1386,"T","C",7820,493,493,"F","synonymous_variant","133M","AGGCTGCCCAGAGAAGGTCTATGAACTCATGCGAGCATGTTGGCAGTGGAATCCCTCTGACCGGCCCTCCTTTGCTGAAATCCACCAAGCCTTCGAAACAATGTTCCAGGAATCCAGTATCTCAGACGAAGTG","93T39",1,321,"ttT/ttC","snp"
1388,"T","C",7843,493,493,"F","synonymous_variant","133M","GCTGCCCAGAGAAGGTCTATGAACTCATGCGAGCATGTTGGCAGTGGAATCCCTCTGACCGGCCCTCCTTTGCTGAAATCCACCAAGCCTTCGAAACAATGTTCCAGGAATCCAGTATCTCAGACGAAGTGGA","91T41",1,321,"ttT/ttC","snp"
1357,"T","C",8009,493,493,"F","synonymous_variant","133M","GAGAAGGACTACCGCATGGAGCGCCCAGAAGGCTGCCCAGAGAAGGTCTATGAACTCATGCGAGCATGTTGGCAGTGGAATCCCTCTGACCGGCCCTCCTTTGCTGAAATCCACCAAGCCTTCGAAACAATGT","122T10",1,321,"ttT/ttC","snp"
1388,"T","C",7843,493,493,"F","synonymous_variant","133M","GCTGCCCAGAGAAGGTCTATGAACTCATGCGAGCATGTTGGCAGTGGAATCCCTCTGACCGGCCCTCCTTTGCTGAAATCCACCAAGCCTTCGAAACAATGTTCCAGGAATCCAGTATCTCAGACGAAGTGGA","91T41",1,321,"ttT/ttC","snp"
1411,"T","C",8117,493,493,"F","synonymous_variant","133M","CTCATGCGAGCATGTTGGCAGTGGAATCCCTCTGACCGGCCCTCCTTTGCTGAAATCCACCAAGCCTTCGAAACAATGTTCCAGGAATCCAGTATCTCAGACGAAGTGGAAAAGGAGCTGGGGAAACAAGGCG","68T64",1,321,"ttT/ttC","snp"
1378,"T","C",8006,493,493,"F","synonymous_variant","133M","CGCCCAGAAGGCTGCCCAGAGAAGGTCTATGAACTCATGCGAGCATGTTGGCAGTGGAATCCCTCTGACCGGCCCTCCTTTGCTGAAATCCACCAAGCCTTCGAAACAATGTTCCAGGAATCCAGTATCTCAG","101T31",1,321,"ttT/ttC","snp"
1358,"T","C",8016,493,493,"F","synonymous_variant","133M","AGAAGGACTACCGCATGGAGCGCCCAGAAGGCTGCCCAGAGAAGGTCTATGAACTCATGCGAGCATGTTGGCAGTGGAATCCCTCTGACCGGCCCTCCTTTGCTGAAATCCACCAAGCCTTCGAAACAATGTT","121T11",1,321,"ttT/ttC","snp"
1388,"T","C",7843,493,493,"F","synonymous_variant","133M","GCTGCCCAGAGAAGGTCTATGAACTCATGCGAGCATGTTGGCAGTGGAATCCCTCTGACCGGCCCTCCTTTGCTGAAATCCACCAAGCCTTCGAAACAATGTTCCAGGAATCCAGTATCTCAGACGAAGTGGA","91T41",1,321,"ttT/ttC","snp"
1412,"T","C",8037,493,493,"F","synonymous_variant","133M","TCATGCGAGCATGTTGGCAGTGGAATCCCTCTGACCGGCCCTCCTTTGCTGAAATCCACCAAGCCTTCGAAACAATGTTCCAGGAATCCAGTATCTCAGACGAAGTGGAAAAGGAGCTGGGGAAACAAGGCGT","67T65",1,321,"ttT/ttC","snp"
1389,"T","C",7859,493,493,"F","synonymous_variant","133M","CTGCCCAGAGAAGGTCTATGAACTCATGCGAGCATGTTGGCAGTGGAATCCCTCTGACCGGCCCTCCTTTGCTGAAATCCACCAAGCCTTCGAAACAATGTTCCAGGAATCCAGTATCTCAGACGAAGTGGAA","90T42",1,321,"ttT/ttC","snp"
1389,"T","C",7859,493,493,"F","synonymous_variant","133M","CTGCCCAGAGAAGGTCTATGAACTCATGCGAGCATGTTGGCAGTGGAATCCCTCTGACCGGCCCTCCTTTGCTGAAATCCACCAAGCCTTCGAAACAATGTTCCAGGAATCCAGTATCTCAGACGAAGTGGAA","90T42",1,321,"ttT/ttC","snp"
1369,"T","C",8028,493,493,"F","synonymous_variant","133M","CGCATGGAGCGCCCAGAAGGCTGCCCAGAGAAGGTCTATGAACTCATGCGAGCATGTTGGCAGTGGAATCCCTCTGACCGGCCCTCCTTTGCTGAAATCCACCAAGCCTTCGAAACAATGTTCCAGGAATCCA","110T22",1,321,"ttT/ttC","snp"
1380,"T","C",7917,493,493,"F","synonymous_variant","133M","CCCAGAAGGCTGCCCAGAGAAGGTCTATGAACTCATGCGAGCATGTTGGCAGTGGAATCCCTCTGACCGGCCCTCCTTTGCTGAAATCCACCAAGCCTTCGAAACAATGTTCCAGGAATCCAGTATCTCAGAC","99T33",1,321,"ttT/ttC","snp"
1389,"T","C",7859,493,493,"F","synonymous_variant","133M","CTGCCCAGAGAAGGTCTATGAACTCATGCGAGCATGTTGGCAGTGGAATCCCTCTGACCGGCCCTCCTTTGCTGAAATCCACCAAGCCTTCGAAACAATGTTCCAGGAATCCAGTATCTCAGACGAAGTGGAA","90T42",1,321,"ttT/ttC","snp"
1380,"T","C",7917,493,493,"F","synonymous_variant","133M","CCCAGAAGGCTGCCCAGAGAAGGTCTATGAACTCATGCGAGCATGTTGGCAGTGGAATCCCTCTGACCGGCCCTCCTTTGCTGAAATCCACCAAGCCTTCGAAACAATGTTCCAGGAATCCAGTATCTCAGAC","99T33",1,321,"ttT/ttC","snp"
1360,"T","C",8072,493,493,"F","synonymous_variant","133M","AAGGACTACCGCATGGAGCGCCCAGAAGGCTGCCCAGAGAAGGTCTATGAACTCATGCGAGCATGTTGGCAGTGGAATCCCTCTGACCGGCCCTCCTTTGCTGAAATCCACCAAGCCTTCGAAACAATGTTCC","119T13",1,321,"ttT/ttC","snp"
1381,"T","C",7927,493,493,"F","synonymous_variant","133M","CCAGAAGGCTGCCCAGAGAAGGTCTATGAACTCATGCGAGCATGTTGGCAGTGGAATCCCTCTGACCGGCCCTCCTTTGCTGAAATCCACCAAGCCTTCGAAACAATGTTCCAGGAATCCAGTATCTCAGACG","98T34",1,321,"ttT/ttC","snp"
1381,"T","C",7927,493,493,"F","synonymous_variant","133M","CCAGAAGGCTGCCCAGAGAAGGTCTATGAACTCATGCGAGCATGTTGGCAGTGGAATCCCTCTGACCGGCCCTCCTTTGCTGAAATCCACCAAGCCTTCGAAACAATGTTCCAGGAATCCAGTATCTCAGACG","98T34",1,321,"ttT/ttC","snp"
1390,"T","C",7942,493,493,"F","synonymous_variant","133M","TGCCCAGAGAAGGTCTATGAACTCATGCGAGCATGTTGGCAGTGGAATCCCTCTGACCGGCCCTCCTTTGCTGAAATCCACCAAGCCTTCGAAACAATGTTCCAGGAATCCAGTATCTCAGACGAAGTGGAAA","89T43",1,321,"ttT/ttC","snp"
1390,"T","C",7942,493,493,"F","synonymous_variant","133M","TGCCCAGAGAAGGTCTATGAACTCATGCGAGCATGTTGGCAGTGGAATCCCTCTGACCGGCCCTCCTTTGCTGAAATCCACCAAGCCTTCGAAACAATGTTCCAGGAATCCAGTATCTCAGACGAAGTGGAAA","89T43",1,321,"ttT/ttC","snp"
1390,"T","C",7942,493,493,"F","synonymous_variant","133M","TGCCCAGAGAAGGTCTATGAACTCATGCGAGCATGTTGGCAGTGGAATCCCTCTGACCGGCCCTCCTTTGCTGAAATCCACCAAGCCTTCGAAACAATGTTCCAGGAATCCAGTATCTCAGACGAAGTGGAAA","89T43",1,321,"ttT/ttC","snp"
1415,"T","C",8075,493,493,"F","synonymous_variant","133M","TGCGAGCATGTTGGCAGTGGAATCCCTCTGACCGGCCCTCCTTTGCTGAAATCCACCAAGCCTTCGAAACAATGTTCCAGGAATCCAGTATCTCAGACGAAGTGGAAAAGGAGCTGGGGAAACAAGGCGTCCG","64T68",1,321,"ttT/ttC","snp"
1456,"T","C",7476,493,493,"F","synonymous_variant","133M","TTTGCTGAAATCCACCAAGCCTTCGAAACAATGTTCCAGGAATCCAGTATCTCAGACGAAGTGGAAAAGGAGCTGGGGAAACAAGGCGTCCGTGGGGCTGTGAGTACCTTGCTGCAGGCCCCAGAGCTGCCCA","23T109",1,321,"ttT/ttC","snp"
1390,"T","C",7942,493,493,"F","synonymous_variant","133M","TGCCCAGAGAAGGTCTATGAACTCATGCGAGCATGTTGGCAGTGGAATCCCTCTGACCGGCCCTCCTTTGCTGAAATCCACCAAGCCTTCGAAACAATGTTCCAGGAATCCAGTATCTCAGACGAAGTGGAAA","89T43",1,321,"ttT/ttC","snp"
1390,"T","C",7942,493,493,"F","synonymous_variant","133M","TGCCCAGAGAAGGTCTATGAACTCATGCGAGCATGTTGGCAGTGGAATCCCTCTGACCGGCCCTCCTTTGCTGAAATCCACCAAGCCTTCGAAACAATGTTCCAGGAATCCAGTATCTCAGACGAAGTGGAAA","89T43",1,321,"ttT/ttC","snp"
1390,"T","C",7942,493,493,"F","synonymous_variant","133M","TGCCCAGAGAAGGTCTATGAACTCATGCGAGCATGTTGGCAGTGGAATCCCTCTGACCGGCCCTCCTTTGCTGAAATCCACCAAGCCTTCGAAACAATGTTCCAGGAATCCAGTATCTCAGACGAAGTGGAAA","89T43",1,321,"ttT/ttC","snp"
1391,"T","C",8017,493,493,"F","synonymous_variant","133M","GCCCAGAGAAGGTCTATGAACTCATGCGAGCATGTTGGCAGTGGAATCCCTCTGACCGGCCCTCCTTTGCTGAAATCCACCAAGCCTTCGAAACAATGTTCCAGGAATCCAGTATCTCAGACGAAGTGGAAAA","88T44",1,321,"ttT/ttC","snp"
1416,"T","C",8138,493,493,"F","synonymous_variant","133M","GCGAGCATGTTGGCAGTGGAATCCCTCTGACCGGCCCTCCTTTGCTGAAATCCACCAAGCCTTCGAAACAATGTTCCAGGAATCCAGTATCTCAGACGAAGTGGAAAAGGAGCTGGGGAAACAAGGCGTCCGT","63T69",1,321,"ttT/ttC","snp"
1391,"T","C",8017,493,493,"F","synonymous_variant","133M","GCCCAGAGAAGGTCTATGAACTCATGCGAGCATGTTGGCAGTGGAATCCCTCTGACCGGCCCTCCTTTGCTGAAATCCACCAAGCCTTCGAAACAATGTTCCAGGAATCCAGTATCTCAGACGAAGTGGAAAA","88T44",1,321,"ttT/ttC","snp"
1364,"T","C",8046,493,493,"F","synonymous_variant","133M","ACTACCGCATGGAGCGCCCAGAAGGCTGCCCAGAGAAGGTCTATGAACTCATGCGAGCATGTTGGCAGTGGAATCCCTCTGACCGGCCCTCCTTTGCTGAAATCCACCAAGCCTTCGAAACAATGTTCCAGGA","115T17",1,321,"ttT/ttC","snp"
1391,"T","C",8017,493,493,"F","synonymous_variant","133M","GCCCAGAGAAGGTCTATGAACTCATGCGAGCATGTTGGCAGTGGAATCCCTCTGACCGGCCCTCCTTTGCTGAAATCCACCAAGCCTTCGAAACAATGTTCCAGGAATCCAGTATCTCAGACGAAGTGGAAAA","88T44",1,321,"ttT/ttC","snp"
1365,"T","C",8049,493,493,"F","synonymous_variant","133M","CTACCGCATGGAGCGCCCAGAAGGCTGCCCAGAGAAGGTCTATGAACTCATGCGAGCATGTTGGCAGTGGAATCCCTCTGACCGGCCCTCCTTTGCTGAAATCCACCAAGCCTTCGAAACAATGTTCCAGGAA","114T18",1,321,"ttT/ttC","snp"
1392,"T","C",8020,493,493,"F","synonymous_variant","133M","CCCAGAGAAGGTCTATGAACTCATGCGAGCATGTTGGCAGTGGAATCCCTCTGACCGGCCCTCCTTTGCTGAAATCCACCAAGCCTTCGAAACAATGTTCCAGGAATCCAGTATCTCAGACGAAGTGGAAAAG","87T45",1,321,"ttT/ttC","snp"
1447,"T","C",7740,493,493,"F","synonymous_variant","133M","CGGCCCTCCTTTGCTGAAATCCACCAAGCCTTCGAAACAATGTTCCAGGAATCCAGTATCTCAGACGAAGTGGAAAAGGAGCTGGGGAAACAAGGCGTCCGTGGGGCTGTGAGTACCTTGCTGCAGGCCCCAG","32T100",1,321,"ttT/ttC","snp"
1392,"T","C",8020,493,493,"F","synonymous_variant","133M","CCCAGAGAAGGTCTATGAACTCATGCGAGCATGTTGGCAGTGGAATCCCTCTGACCGGCCCTCCTTTGCTGAAATCCACCAAGCCTTCGAAACAATGTTCCAGGAATCCAGTATCTCAGACGAAGTGGAAAAG","87T45",1,321,"ttT/ttC","snp"
1392,"T","C",8020,493,493,"F","synonymous_variant","133M","CCCAGAGAAGGTCTATGAACTCATGCGAGCATGTTGGCAGTGGAATCCCTCTGACCGGCCCTCCTTTGCTGAAATCCACCAAGCCTTCGAAACAATGTTCCAGGAATCCAGTATCTCAGACGAAGTGGAAAAG","87T45",1,321,"ttT/ttC","snp"
1417,"T","C",8181,493,493,"F","synonymous_variant","133M","CGAGCATGTTGGCAGTGGAATCCCTCTGACCGGCCCTCCTTTGCTGAAATCCACCAAGCCTTCGAAACAATGTTCCAGGAATCCAGTATCTCAGACGAAGTGGAAAAGGAGCTGGGGAAACAAGGCGTCCGTG","62T70",1,321,"ttT/ttC","snp"
1392,"T","C",8020,493,493,"F","synonymous_variant","133M","CCCAGAGAAGGTCTATGAACTCATGCGAGCATGTTGGCAGTGGAATCCCTCTGACCGGCCCTCCTTTGCTGAAATCCACCAAGCCTTCGAAACAATGTTCCAGGAATCCAGTATCTCAGACGAAGTGGAAAAG","87T45",1,321,"ttT/ttC","snp"
1417,"T","C",8181,493,493,"F","synonymous_variant","133M","CGAGCATGTTGGCAGTGGAATCCCTCTGACCGGCCCTCCTTTGCTGAAATCCACCAAGCCTTCGAAACAATGTTCCAGGAATCCAGTATCTCAGACGAAGTGGAAAAGGAGCTGGGGAAACAAGGCGTCCGTG","62T70",1,321,"ttT/ttC","snp"
1401,"T","C",8146,493,493,"F","synonymous_variant","133M","GGTCTATGAACTCATGCGAGCATGTTGGCAGTGGAATCCCTCTGACCGGCCCTCCTTTGCTGAAATCCACCAAGCCTTCGAAACAATGTTCCAGGAATCCAGTATCTCAGACGAAGTGGAAAAGGAGCTGGGG","78T54",1,321,"ttT/ttC","snp"
1367,"T","C",8017,493,493,"F","synonymous_variant","133M","ACCGCATGGAGCGCCCAGAAGGCTGCCCAGAGAAGGTCTATGAACTCATGCGAGCATGTTGGCAGTGGAATCCCTCTGACCGGCCCTCCTTTGCTGAAATCCACCAAGCCTTCGAAACAATGTTCCAGGAATC","112T20",1,321,"ttT/ttC","snp"
1394,"T","C",8003,493,493,"F","synonymous_variant","133M","CAGAGAAGGTCTATGAACTCATGCGAGCATGTTGGCAGTGGAATCCCTCTGACCGGCCCTCCTTTGCTGAAATCCACCAAGCCTTCGAAACAATGTTCCAGGAATCCAGTATCTCAGACGAAGTGGAAAAGGA","85T47",1,321,"ttT/ttC","snp"
1419,"T","C",8116,493,493,"F","synonymous_variant","133M","AGCATGTTGGCAGTGGAATCCCTCTGACCGGCCCTCCTTTGCTGAAATCCACCAAGCCTTCGAAACAATGTTCCAGGAATCCAGTATCTCAGACGAAGTGGAAAAGGAGCTGGGGAAACAAGGCGTCCGTGGG","60T72",1,321,"ttT/ttC","snp"
1368,"T","C",8004,493,493,"F","synonymous_variant","133M","CCGCATGGAGCGCCCAGAAGGCTGCCCAGAGAAGGTCTATGAACTCATGCGAGCATGTTGGCAGTGGAATCCCTCTGACCGGCCCTCCTTTGCTGAAATCCACCAAGCCTTCGAAACAATGTTCCAGGAATCC","111T21",1,321,"ttT/ttC","snp"
1396,"T","C",7912,493,493,"F","synonymous_variant","133M","GAGAAGGTCTATGAACTCATGCGAGCATGTTGGCAGTGGAATCCCTCTGACCGGCCCTCCTTTGCTGAAATCCACCAAGCCTTCGAAACAATGTTCCAGGAATCCAGTATCTCAGACGAAGTGGAAAAGGAGC","83T49",1,321,"ttT/ttC","snp"
1388,"T","C",7843,493,493,"F","synonymous_variant","133M","GCTGCCCAGAGAAGGTCTATGAACTCATGCGAGCATGTTGGCAGTGGAATCCCTCTGACCGGCCCTCCTTTGCTGAAATCCACCAAGCCTTCGAAACAATGTTCCAGGAATCCAGTATCTCAGACGAAGTGGA","91T41",1,321,"ttT/ttC","snp"
1388,"T","C",7843,493,493,"F","synonymous_variant","133M","GCTGCCCAGAGAAGGTCTATGAACTCATGCGAGCATGTTGGCAGTGGAATCCCTCTGACCGGCCCTCCTTTGCTGAAATCCACCAAGCCTTCGAAACAATGTTCCAGGAATCCAGTATCTCAGACGAAGTGGA","91T41",1,321,"ttT/ttC","snp"
1368,"T","C",8004,493,493,"F","synonymous_variant","133M","CCGCATGGAGCGCCCAGAAGGCTGCCCAGAGAAGGTCTATGAACTCATGCGAGCATGTTGGCAGTGGAATCCCTCTGACCGGCCCTCCTTTGCTGAAATCCACCAAGCCTTCGAAACAATGTTCCAGGAATCC","111T21",1,321,"ttT/ttC","snp"
1420,"T","C",8116,493,493,"F","synonymous_variant","6S127M","ATGATGGCATGTTGGCAGTGGAATCCCTCTGACCGGCCCTCCTTTGCTGAAATCCACCAAGCCTTCGAAACAATGTTCCAGGAATCCAGTATCTCAGACGAAGTGGAAAAGGAGCTGGGGAAACAAGGCGTCC","59T67",1,321,"ttT/ttC","snp"
1397,"T","C",7941,493,493,"F","synonymous_variant","133M","AGAAGGTCTATGAACTCATGCGAGCATGTTGGCAGTGGAATCCCTCTGACCGGCCCTCCTTTGCTGAAATCCACCAAGCCTTCGAAACAATGTTCCAGGAATCCAGTATCTCAGACGAAGTGGAAAAGGAGCT","82T50",1,321,"ttT/ttC","snp"
1397,"T","C",7941,493,493,"F","synonymous_variant","133M","AGAAGGTCTATGAACTCATGCGAGCATGTTGGCAGTGGAATCCCTCTGACCGGCCCTCCTTTGCTGAAATCCACCAAGCCTTCGAAACAATGTTCCAGGAATCCAGTATCTCAGACGAAGTGGAAAAGGAGCT","82T50",1,321,"ttT/ttC","snp"
1397,"T","C",7941,493,493,"F","synonymous_variant","133M","AGAAGGTCTATGAACTCATGCGAGCATGTTGGCAGTGGAATCCCTCTGACCGGCCCTCCTTTGCTGAAATCCACCAAGCCTTCGAAACAATGTTCCAGGAATCCAGTATCTCAGACGAAGTGGAAAAGGAGCT","82T50",1,321,"ttT/ttC","snp"
1389,"T","C",7859,493,493,"F","synonymous_variant","133M","CTGCCCAGAGAAGGTCTATGAACTCATGCGAGCATGTTGGCAGTGGAATCCCTCTGACCGGCCCTCCTTTGCTGAAATCCACCAAGCCTTCGAAACAATGTTCCAGGAATCCAGTATCTCAGACGAAGTGGAA","90T42",1,321,"ttT/ttC","snp"
1398,"T","C",8028,493,493,"F","synonymous_variant","133M","GAAGGTCTATGAACTCATGCGAGCATGTTGGCAGTGGAATCCCTCTGACCGGCCCTCCTTTGCTGAAATCCACCAAGCCTTCGAAACAATGTTCCAGGAATCCAGTATCTCAGACGAAGTGGAAAAGGAGCTG","81T51",1,321,"ttT/ttC","snp"
1398,"T","C",8028,493,493,"F","synonymous_variant","133M","GAAGGTCTATGAACTCATGCGAGCATGTTGGCAGTGGAATCCCTCTGACCGGCCCTCCTTTGCTGAAATCCACCAAGCCTTCGAAACAATGTTCCAGGAATCCAGTATCTCAGACGAAGTGGAAAAGGAGCTG","81T51",1,321,"ttT/ttC","snp"
1390,"T","C",7942,493,493,"F","synonymous_variant","133M","TGCCCAGAGAAGGTCTATGAACTCATGCGAGCATGTTGGCAGTGGAATCCCTCTGACCGGCCCTCCTTTGCTGAAATCCACCAAGCCTTCGAAACAATGTTCCAGGAATCCAGTATCTCAGACGAAGTGGAAA","89T43",1,321,"ttT/ttC","snp"
1390,"T","C",7942,493,493,"F","synonymous_variant","133M","TGCCCAGAGAAGGTCTATGAACTCATGCGAGCATGTTGGCAGTGGAATCCCTCTGACCGGCCCTCCTTTGCTGAAATCCACCAAGCCTTCGAAACAATGTTCCAGGAATCCAGTATCTCAGACGAAGTGGAAA","89T43",1,321,"ttT/ttC","snp"
1390,"T","C",7942,493,493,"F","synonymous_variant","133M","TGCCCAGAGAAGGTCTATGAACTCATGCGAGCATGTTGGCAGTGGAATCCCTCTGACCGGCCCTCCTTTGCTGAAATCCACCAAGCCTTCGAAACAATGTTCCAGGAATCCAGTATCTCAGACGAAGTGGAAA","89T43",1,321,"ttT/ttC","snp"
1398,"T","C",8028,493,493,"F","synonymous_variant","133M","GAAGGTCTATGAACTCATGCGAGCATGTTGGCAGTGGAATCCCTCTGACCGGCCCTCCTTTGCTGAAATCCACCAAGCCTTCGAAACAATGTTCCAGGAATCCAGTATCTCAGACGAAGTGGAAAAGGAGCTG","81T51",1,321,"ttT/ttC","snp"
1398,"T","C",8028,493,493,"F","synonymous_variant","133M","GAAGGTCTATGAACTCATGCGAGCATGTTGGCAGTGGAATCCCTCTGACCGGCCCTCCTTTGCTGAAATCCACCAAGCCTTCGAAACAATGTTCCAGGAATCCAGTATCTCAGACGAAGTGGAAAAGGAGCTG","81T51",1,321,"ttT/ttC","snp"
1398,"T","C",8028,493,493,"F","synonymous_variant","133M","GAAGGTCTATGAACTCATGCGAGCATGTTGGCAGTGGAATCCCTCTGACCGGCCCTCCTTTGCTGAAATCCACCAAGCCTTCGAAACAATGTTCCAGGAATCCAGTATCTCAGACGAAGTGGAAAAGGAGCTG","81T51",1,321,"ttT/ttC","snp"
1372,"T","C",8037,493,493,"F","synonymous_variant","133M","ATGGAGCGCCCAGAAGGCTGCCCAGAGAAGGTCTATGAACTCATGCGAGCATGTTGGCAGTGGAATCCCTCTGACCGGCCCTCCTTTGCTGAAATCCACCAAGCCTTCGAAACAATGTTCCAGGAATCCAGTA","107T25",1,321,"ttT/ttC","snp"
1473,"T","C",6910,493,493,"F","synonymous_variant","133M","AGCCTTCGAAACAATGTTCCAGGAATCCAGTATCTCAGACGAAGTGGAAAAGGAGCTGGGGAAACAAGGCGTCCGTGGGGCTGTGAGTACCTTGCTGCAGGCCCCAGAGCTGCCCACCAAGACGAGGACCTCC","6T126",1,321,"ttT/ttC","snp"
1372,"T","C",8037,493,493,"F","synonymous_variant","133M","ATGGAGCGCCCAGAAGGCTGCCCAGAGAAGGTCTATGAACTCATGCGAGCATGTTGGCAGTGGAATCCCTCTGACCGGCCCTCCTTTGCTGAAATCCACCAAGCCTTCGAAACAATGTTCCAGGAATCCAGTA","107T25",1,321,"ttT/ttC","snp"
1399,"T","C",8099,493,493,"F","synonymous_variant","133M","AAGGTCTATGAACTCATGCGAGCATGTTGGCAGTGGAATCCCTCTGACCGGCCCTCCTTTGCTGAAATCCACCAAGCCTTCGAAACAATGTTCCAGGAATCCAGTATCTCAGACGAAGTGGAAAAGGAGCTGG","80T52",1,321,"ttT/ttC","snp"
1399,"T","C",8099,493,493,"F","synonymous_variant","133M","AAGGTCTATGAACTCATGCGAGCATGTTGGCAGTGGAATCCCTCTGACCGGCCCTCCTTTGCTGAAATCCACCAAGCCTTCGAAACAATGTTCCAGGAATCCAGTATCTCAGACGAAGTGGAAAAGGAGCTGG","80T52",1,321,"ttT/ttC","snp"
1373,"T","C",8039,493,493,"F","synonymous_variant","133M","TGGAGCGCCCAGAAGGCTGCCCAGAGAAGGTCTATGAACTCATGCGAGCATGTTGGCAGTGGAATCCCTCTGACCGGCCCTCCTTTGCTGAAATCCACCAAGCCTTCGAAACAATGTTCCAGGAATCCAGTAT","106T26",1,321,"ttT/ttC","snp"
1399,"T","C",8099,493,493,"F","synonymous_variant","133M","AAGGTCTATGAACTCATGCGAGCATGTTGGCAGTGGAATCCCTCTGACCGGCCCTCCTTTGCTGAAATCCACCAAGCCTTCGAAACAATGTTCCAGGAATCCAGTATCTCAGACGAAGTGGAAAAGGAGCTGG","80T52",1,321,"ttT/ttC","snp"
1457,"T","C",7432,493,493,"F","synonymous_variant","133M","TTGCTGAAATCCACCAAGCCTTCGAAACAATGTTCCAGGAATCCAGTATCTCAGACGAAGTGGAAAAGGAGCTGGGGAAACAAGGCGTCCGTGGGGCTGTGAGTACCTTGCTGCAGGCCCCAGAGCTGCCCAC","22T110",1,321,"ttT/ttC","snp"
1400,"T","C",8122,493,493,"F","synonymous_variant","133M","AGGTCTATGAACTCATGCGAGCATGTTGGCAGTGGAATCCCTCTGACCGGCCCTCCTTTGCTGAAATCCACCAAGCCTTCGAAACAATGTTCCAGGAATCCAGTATCTCAGACGAAGTGGAAAAGGAGCTGGG","79T53",1,321,"ttT/ttC","snp"
1400,"T","C",8122,493,493,"F","synonymous_variant","133M","AGGTCTATGAACTCATGCGAGCATGTTGGCAGTGGAATCCCTCTGACCGGCCCTCCTTTGCTGAAATCCACCAAGCCTTCGAAACAATGTTCCAGGAATCCAGTATCTCAGACGAAGTGGAAAAGGAGCTGGG","79T53",1,321,"ttT/ttC","snp"
1400,"T","C",8122,493,493,"F","synonymous_variant","133M","AGGTCTATGAACTCATGCGAGCATGTTGGCAGTGGAATCCCTCTGACCGGCCCTCCTTTGCTGAAATCCACCAAGCCTTCGAAACAATGTTCCAGGAATCCAGTATCTCAGACGAAGTGGAAAAGGAGCTGGG","79T53",1,321,"ttT/ttC","snp"
1400,"T","C",8122,493,493,"F","synonymous_variant","133M","AGGTCTATGAACTCATGCGAGCATGTTGGCAGTGGAATCCCTCTGACCGGCCCTCCTTTGCTGAAATCCACCAAGCCTTCGAAACAATGTTCCAGGAATCCAGTATCTCAGACGAAGTGGAAAAGGAGCTGGG","79T53",1,321,"ttT/ttC","snp"
1400,"T","C",8122,493,493,"F","synonymous_variant","133M","AGGTCTATGAACTCATGCGAGCATGTTGGCAGTGGAATCCCTCTGACCGGCCCTCCTTTGCTGAAATCCACCAAGCCTTCGAAACAATGTTCCAGGAATCCAGTATCTCAGACGAAGTGGAAAAGGAGCTGGG","79T53",1,321,"ttT/ttC","snp"
1375,"T","C",8005,493,493,"F","synonymous_variant","133M","GAGCGCCCAGAAGGCTGCCCAGAGAAGGTCTATGAACTCATGCGAGCATGTTGGCAGTGGAATCCCTCTGACCGGCCCTCCTTTGCTGAAATCCACCAAGCCTTCGAAACAATGTTCCAGGAATCCAGTATCT","104T28",1,321,"ttT/ttC","snp"
1375,"T","C",8005,493,493,"F","synonymous_variant","133M","GAGCGCCCAGAAGGCTGCCCAGAGAAGGTCTATGAACTCATGCGAGCATGTTGGCAGTGGAATCCCTCTGACCGGCCCTCCTTTGCTGAAATCCACCAAGCCTTCGAAACAATGTTCCAGGAATCCAGTATCT","104T28",1,321,"ttT/ttC","snp"
1401,"T","C",8146,493,493,"F","synonymous_variant","133M","GGTCTATGAACTCATGCGAGCATGTTGGCAGTGGAATCCCTCTGACCGGCCCTCCTTTGCTGAAATCCACCAAGCCTTCGAAACAATGTTCCAGGAATCCAGTATCTCAGACGAAGTGGAAAAGGAGCTGGGG","78T54",1,321,"ttT/ttC","snp"
1401,"T","C",8146,493,493,"F","synonymous_variant","133M","GGTCTATGAACTCATGCGAGCATGTTGGCAGTGGAATCCCTCTGACCGGCCCTCCTTTGCTGAAATCCACCAAGCCTTCGAAACAATGTTCCAGGAATCCAGTATCTCAGACGAAGTGGAAAAGGAGCTGGGG","78T54",1,321,"ttT/ttC","snp"
1401,"T","C",8146,493,493,"F","synonymous_variant","133M","GGTCTATGAACTCATGCGAGCATGTTGGCAGTGGAATCCCTCTGACCGGCCCTCCTTTGCTGAAATCCACCAAGCCTTCGAAACAATGTTCCAGGAATCCAGTATCTCAGACGAAGTGGAAAAGGAGCTGGGG","78T54",1,321,"ttT/ttC","snp"
1410,"T","C",8135,493,493,"F","synonymous_variant","133M","ACTCATGCGAGCATGTTGGCAGTGGAATCCCTCTGACCGGCCCTCCTTTGCTGAAATCCACCAAGCCTTCGAAACAATGTTCCAGGAATCCAGTATCTCAGACGAAGTGGAAAAGGAGCTGGGGAAACAAGGC","69T63",1,321,"ttT/ttC","snp"
1401,"T","C",8146,493,493,"F","synonymous_variant","133M","GGTCTATGAACTCATGCGAGCATGTTGGCAGTGGAATCCCTCTGACCGGCCCTCCTTTGCTGAAATCCACCAAGCCTTCGAAACAATGTTCCAGGAATCCAGTATCTCAGACGAAGTGGAAAAGGAGCTGGGG","78T54",1,321,"ttT/ttC","snp"
1463,"T","C",7133,493,493,"F","synonymous_variant","133M","AAATCCACCAAGCCTTCGAAACAATGTTCCAGGAATCCAGTATCTCAGACGAAGTGGAAAAGGAGCTGGGGAAACAAGGCGTCCGTGGGGCTGTGAGTACCTTGCTGCAGGCCCCAGAGCTGCCCACCAAGAC","16T116",1,321,"ttT/ttC","snp"
1402,"T","C",8157,493,493,"F","synonymous_variant","133M","GTCTATGAACTCATGCGAGCATGTTGGCAGTGGAATCCCTCTGACCGGCCCTCCTTTGCTGAAATCCACCAAGCCTTCGAAACAATGTTCCAGGAATCCAGTATCTCAGACGAAGTGGAAAAGGAGCTGGGGA","77T55",1,321,"ttT/ttC","snp"
1402,"T","C",8157,493,493,"F","synonymous_variant","133M","GTCTATGAACTCATGCGAGCATGTTGGCAGTGGAATCCCTCTGACCGGCCCTCCTTTGCTGAAATCCACCAAGCCTTCGAAACAATGTTCCAGGAATCCAGTATCTCAGACGAAGTGGAAAAGGAGCTGGGGA","77T55",1,321,"ttT/ttC","snp"
1402,"T","C",8157,493,493,"F","synonymous_variant","133M","GTCTATGAACTCATGCGAGCATGTTGGCAGTGGAATCCCTCTGACCGGCCCTCCTTTGCTGAAATCCACCAAGCCTTCGAAACAATGTTCCAGGAATCCAGTATCTCAGACGAAGTGGAAAAGGAGCTGGGGA","77T55",1,321,"ttT/ttC","snp"
1396,"T","C",7912,493,493,"F","synonymous_variant","133M","GAGAAGGTCTATGAACTCATGCGAGCATGTTGGCAGTGGAATCCCTCTGACCGGCCCTCCTTTGCTGAAATCCACCAAGCCTTCGAAACAATGTTCCAGGAATCCAGTATCTCAGACGAAGTGGAAAAGGAGC","83T49",1,321,"ttT/ttC","snp"
1397,"T","C",7941,493,493,"F","synonymous_variant","133M","AGAAGGTCTATGAACTCATGCGAGCATGTTGGCAGTGGAATCCCTCTGACCGGCCCTCCTTTGCTGAAATCCACCAAGCCTTCGAAACAATGTTCCAGGAATCCAGTATCTCAGACGAAGTGGAAAAGGAGCT","82T50",1,321,"ttT/ttC","snp"
1402,"T","C",8157,493,493,"F","synonymous_variant","133M","GTCTATGAACTCATGCGAGCATGTTGGCAGTGGAATCCCTCTGACCGGCCCTCCTTTGCTGAAATCCACCAAGCCTTCGAAACAATGTTCCAGGAATCCAGTATCTCAGACGAAGTGGAAAAGGAGCTGGGGA","77T55",1,321,"ttT/ttC","snp"
1402,"T","C",8157,493,493,"F","synonymous_variant","133M","GTCTATGAACTCATGCGAGCATGTTGGCAGTGGAATCCCTCTGACCGGCCCTCCTTTGCTGAAATCCACCAAGCCTTCGAAACAATGTTCCAGGAATCCAGTATCTCAGACGAAGTGGAAAAGGAGCTGGGGA","77T55",1,321,"ttT/ttC","snp"
1403,"T","C",8147,493,493,"F","synonymous_variant","133M","TCTATGAACTCATGCGAGCATGTTGGCAGTGGAATCCCTCTGACCGGCCCTCCTTTGCTGAAATCCACCAAGCCTTCGAAACAATGTTCCAGGAATCCAGTATCTCAGACGAAGTGGAAAAGGAGCTGGGGAA","76T56",1,321,"ttT/ttC","snp"
1413,"T","C",7977,493,493,"F","synonymous_variant","133M","CATGCGAGCATGTTGGCAGTGGAATCCCTCTGACCGGCCCTCCTTTGCTGAAATCCACCAAGCCTTCGAAACAATGTTCCAGGAATCCAGTATCTCAGACGAAGTGGAAAAGGAGCTGGGGAAACAAGGCGTC","66T66",1,321,"ttT/ttC","snp"
1404,"T","C",8108,493,493,"F","synonymous_variant","133M","CTATGAACTCATGCGAGCATGTTGGCAGTGGAATCCCTCTGACCGGCCCTCCTTTGCTGAAATCCACCAAGCCTTCGAAACAATGTTCCAGGAATCCAGTATCTCAGACGAAGTGGAAAAGGAGCTGGGGAAA","75T57",1,321,"ttT/ttC","snp"
1398,"T","C",8028,493,493,"F","synonymous_variant","133M","GAAGGTCTATGAACTCATGCGAGCATGTTGGCAGTGGAATCCCTCTGACCGGCCCTCCTTTGCTGAAATCCACCAAGCCTTCGAAACAATGTTCCAGGAATCCAGTATCTCAGACGAAGTGGAAAAGGAGCTG","81T51",1,321,"ttT/ttC","snp"
1469,"T","C",7006,493,493,"F","synonymous_variant","133M","ACCAAGCCTTCGAAACAATGTTCCAGGAATCCAGTATCTCAGACGAAGTGGAAAAGGAGCTGGGGAAACAAGGCGTCCGTGGGGCTGTGAGTACCTTGCTGCAGGCCCCAGAGCTGCCCACCAAGACGAGGAC","10T122",1,321,"ttT/ttC","snp"
1404,"T","C",8108,493,493,"F","synonymous_variant","133M","CTATGAACTCATGCGAGCATGTTGGCAGTGGAATCCCTCTGACCGGCCCTCCTTTGCTGAAATCCACCAAGCCTTCGAAACAATGTTCCAGGAATCCAGTATCTCAGACGAAGTGGAAAAGGAGCTGGGGAAA","75T57",1,321,"ttT/ttC","snp"
1398,"T","C",8028,493,493,"F","synonymous_variant","133M","GAAGGTCTATGAACTCATGCGAGCATGTTGGCAGTGGAATCCCTCTGACCGGCCCTCCTTTGCTGAAATCCACCAAGCCTTCGAAACAATGTTCCAGGAATCCAGTATCTCAGACGAAGTGGAAAAGGAGCTG","81T51",1,321,"ttT/ttC","snp"
1381,"T","C",7927,493,493,"F","synonymous_variant","133M","CCAGAAGGCTGCCCAGAGAAGGTCTATGAACTCATGCGAGCATGTTGGCAGTGGAATCCCTCTGACCGGCCCTCCTTTGCTGAAATCCACCAAGCCTTCGAAACAATGTTCCAGGAATCCAGTATCTCAGACG","98T34",1,321,"ttT/ttC","snp"
1405,"T","C",8093,493,493,"F","synonymous_variant","133M","TATGAACTCATGCGAGCATGTTGGCAGTGGAATCCCTCTGACCGGCCCTCCTTTGCTGAAATCCACCAAGCCTTCGAAACAATGTTCCAGGAATCCAGTATCTCAGACGAAGTGGAAAAGGAGCTGGGGAAAC","74T58",1,321,"ttT/ttC","snp"
1434,"T","C",7912,493,493,"F","synonymous_variant","133M","GAATCCCTCTGACCGGCCCTCCTTTGCTGAAATCCACCAAGCCTTCGAAACAATGTTCCAGGAATCCAGTATCTCAGACGAAGTGGAAAAGGAGCTGGGGAAACAAGGCGTCCGTGGGGCTGTGAGTACCTTG","45T87",1,321,"ttT/ttC","snp"
1406,"T","C",8101,493,493,"F","synonymous_variant","133M","ATGAACTCATGCGAGCATGTTGGCAGTGGAATCCCTCTGACCGGCCCTCCTTTGCTGAAATCCACCAAGCCTTCGAAACAATGTTCCAGGAATCCAGTATCTCAGACGAAGTGGAAAAGGAGCTGGGGAAACA","73T59",1,321,"ttT/ttC","snp"
1435,"T","C",7852,493,493,"F","synonymous_variant","133M","AATCCCTCTGACCGGCCCTCCTTTGCTGAAATCCACCAAGCCTTCGAAACAATGTTCCAGGAATCCAGTATCTCAGACGAAGTGGAAAAGGAGCTGGGGAAACAAGGCGTCCGTGGGGCTGTGAGTACCTTGC","44T88",1,321,"ttT/ttC","snp"
1473,"T","C",6910,493,493,"F","synonymous_variant","133M","AGCCTTCGAAACAATGTTCCAGGAATCCAGTATCTCAGACGAAGTGGAAAAGGAGCTGGGGAAACAAGGCGTCCGTGGGGCTGTGAGTACCTTGCTGCAGGCCCCAGAGCTGCCCACCAAGACGAGGACCTCC","6T126",1,321,"ttT/ttC","snp"
1443,"T","C",7746,493,493,"F","synonymous_variant","133M","TGACCGGCCCTCCTTTGCTGAAATCCACCAAGCCTTCGAAACAATGTTCCAGGAATCCAGTATCTCAGACGAAGTGGAAAAGGAGCTGGGGAAACAAGGCGTCCGTGGGGCTGTGAGTACCTTGCTGCAGGCC","36T96",1,321,"ttT/ttC","snp"
1407,"T","C",8129,493,493,"F","synonymous_variant","133M","TGAACTCATGCGAGCATGTTGGCAGTGGAATCCCTCTGACCGGCCCTCCTTTGCTGAAATCCACCAAGCCTTCGAAACAATGTTCCAGGAATCCAGTATCTCAGACGAAGTGGAAAAGGAGCTGGGGAAACAA","72T60",1,321,"ttT/ttC","snp"
1381,"T","C",7927,493,493,"F","synonymous_variant","133M","CCAGAAGGCTGCCCAGAGAAGGTCTATGAACTCATGCGAGCATGTTGGCAGTGGAATCCCTCTGACCGGCCCTCCTTTGCTGAAATCCACCAAGCCTTCGAAACAATGTTCCAGGAATCCAGTATCTCAGACG","98T34",1,321,"ttT/ttC","snp"
1408,"T","C",8154,493,493,"F","synonymous_variant","133M","GAACTCATGCGAGCATGTTGGCAGTGGAATCCCTCTGACCGGCCCTCCTTTGCTGAAATCCACCAAGCCTTCGAAACAATGTTCCAGGAATCCAGTATCTCAGACGAAGTGGAAAAGGAGCTGGGGAAACAAG","71T61",1,321,"ttT/ttC","snp"
1408,"T","C",8154,493,493,"F","synonymous_variant","133M","GAACTCATGCGAGCATGTTGGCAGTGGAATCCCTCTGACCGGCCCTCCTTTGCTGAAATCCACCAAGCCTTCGAAACAATGTTCCAGGAATCCAGTATCTCAGACGAAGTGGAAAAGGAGCTGGGGAAACAAG","71T61",1,321,"ttT/ttC","snp"
1408,"T","C",8154,493,493,"F","synonymous_variant","133M","GAACTCATGCGAGCATGTTGGCAGTGGAATCCCTCTGACCGGCCCTCCTTTGCTGAAATCCACCAAGCCTTCGAAACAATGTTCCAGGAATCCAGTATCTCAGACGAAGTGGAAAAGGAGCTGGGGAAACAAG","71T61",1,321,"ttT/ttC","snp"
1408,"T","C",8154,493,493,"F","synonymous_variant","133M","GAACTCATGCGAGCATGTTGGCAGTGGAATCCCTCTGACCGGCCCTCCTTTGCTGAAATCCACCAAGCCTTCGAAACAATGTTCCAGGAATCCAGTATCTCAGACGAAGTGGAAAAGGAGCTGGGGAAACAAG","71T61",1,321,"ttT/ttC","snp"
1408,"T","C",8154,493,493,"F","synonymous_variant","133M","GAACTCATGCGAGCATGTTGGCAGTGGAATCCCTCTGACCGGCCCTCCTTTGCTGAAATCCACCAAGCCTTCGAAACAATGTTCCAGGAATCCAGTATCTCAGACGAAGTGGAAAAGGAGCTGGGGAAACAAG","71T61",1,321,"ttT/ttC","snp"
1416,"T","C",8138,493,493,"F","synonymous_variant","133M","GCGAGCATGTTGGCAGTGGAATCCCTCTGACCGGCCCTCCTTTGCTGAAATCCACCAAGCCTTCGAAACAATGTTCCAGGAATCCAGTATCTCAGACGAAGTGGAAAAGGAGCTGGGGAAACAAGGCGTCCGT","63T69",1,321,"ttT/ttC","snp"
1409,"T","C",8142,493,493,"F","synonymous_variant","133M","AACTCATGCGAGCATGTTGGCAGTGGAATCCCTCTGACCGGCCCTCCTTTGCTGAAATCCACCAAGCCTTCGAAACAATGTTCCAGGAATCCAGTATCTCAGACGAAGTGGAAAAGGAGCTGGGGAAACAAGG","70T62",1,321,"ttT/ttC","snp"
1409,"T","C",8142,493,493,"F","synonymous_variant","133M","AACTCATGCGAGCATGTTGGCAGTGGAATCCCTCTGACCGGCCCTCCTTTGCTGAAATCCACCAAGCCTTCGAAACAATGTTCCAGGAATCCAGTATCTCAGACGAAGTGGAAAAGGAGCTGGGGAAACAAGG","70T62",1,321,"ttT/ttC","snp"
1409,"T","C",8142,493,493,"F","synonymous_variant","133M","AACTCATGCGAGCATGTTGGCAGTGGAATCCCTCTGACCGGCCCTCCTTTGCTGAAATCCACCAAGCCTTCGAAACAATGTTCCAGGAATCCAGTATCTCAGACGAAGTGGAAAAGGAGCTGGGGAAACAAGG","70T62",1,321,"ttT/ttC","snp"
1409,"T","C",8142,493,493,"F","synonymous_variant","133M","AACTCATGCGAGCATGTTGGCAGTGGAATCCCTCTGACCGGCCCTCCTTTGCTGAAATCCACCAAGCCTTCGAAACAATGTTCCAGGAATCCAGTATCTCAGACGAAGTGGAAAAGGAGCTGGGGAAACAAGG","70T62",1,321,"ttT/ttC","snp"
1409,"T","C",8142,493,493,"F","synonymous_variant","133M","AACTCATGCGAGCATGTTGGCAGTGGAATCCCTCTGACCGGCCCTCCTTTGCTGAAATCCACCAAGCCTTCGAAACAATGTTCCAGGAATCCAGTATCTCAGACGAAGTGGAAAAGGAGCTGGGGAAACAAGG","70T62",1,321,"ttT/ttC","snp"
1410,"T","C",8135,493,493,"F","synonymous_variant","133M","ACTCATGCGAGCATGTTGGCAGTGGAATCCCTCTGACCGGCCCTCCTTTGCTGAAATCCACCAAGCCTTCGAAACAATGTTCCAGGAATCCAGTATCTCAGACGAAGTGGAAAAGGAGCTGGGGAAACAAGGC","69T63",1,321,"ttT/ttC","snp"
1355,"T","C",7984,493,493,"F","synonymous_variant","133M","TAGAGAAGGACTACCGCATGGAGCGCCCAGAAGGCTGCCCAGAGAAGGTCTATGAACTCATGCGAGCATGTTGGCAGTGGAATCCCTCTGACCGGCCCTCCTTTGCTGAAATCCACCAAGCCTTCGAAACAAT","124T8",1,321,"ttT/ttC","snp"
1417,"T","C",8181,493,493,"F","synonymous_variant","133M","CGAGCATGTTGGCAGTGGAATCCCTCTGACCGGCCCTCCTTTGCTGAAATCCACCAAGCCTTCGAAACAATGTTCCAGGAATCCAGTATCTCAGACGAAGTGGAAAAGGAGCTGGGGAAACAAGGCGTCCGTG","62T70",1,321,"ttT/ttC","snp"
1450,"T","C",7673,493,493,"F","synonymous_variant","133M","CCCTCCTTTGCTGAAATCCACCAAGCCTTCGAAACAATGTTCCAGGAATCCAGTATCTCAGACGAAGTGGAAAAGGAGCTGGGGAAACAAGGCGTCCGTGGGGCTGTGAGTACCTTGCTGCAGGCCCCAGAGC","29T103",1,321,"ttT/ttC","snp"
1410,"T","C",8135,493,493,"F","synonymous_variant","133M","ACTCATGCGAGCATGTTGGCAGTGGAATCCCTCTGACCGGCCCTCCTTTGCTGAAATCCACCAAGCCTTCGAAACAATGTTCCAGGAATCCAGTATCTCAGACGAAGTGGAAAAGGAGCTGGGGAAACAAGGC","69T63",1,321,"ttT/ttC","snp"
1411,"T","C",8117,493,493,"F","synonymous_variant","133M","CTCATGCGAGCATGTTGGCAGTGGAATCCCTCTGACCGGCCCTCCTTTGCTGAAATCCACCAAGCCTTCGAAACAATGTTCCAGGAATCCAGTATCTCAGACGAAGTGGAAAAGGAGCTGGGGAAACAAGGCG","68T64",1,321,"ttT/ttC","snp"
1411,"T","C",8117,493,493,"F","synonymous_variant","133M","CTCATGCGAGCATGTTGGCAGTGGAATCCCTCTGACCGGCCCTCCTTTGCTGAAATCCACCAAGCCTTCGAAACAATGTTCCAGGAATCCAGTATCTCAGACGAAGTGGAAAAGGAGCTGGGGAAACAAGGCG","68T64",1,321,"ttT/ttC","snp"
1388,"T","C",7843,493,493,"F","synonymous_variant","133M","GCTGCCCAGAGAAGGTCTATGAACTCATGCGAGCATGTTGGCAGTGGAATCCCTCTGACCGGCCCTCCTTTGCTGAAATCCACCAAGCCTTCGAAACAATGTTCCAGGAATCCAGTATCTCAGACGAAGTGGA","91T41",1,321,"ttT/ttC","snp"
1411,"T","C",8117,493,493,"F","synonymous_variant","133M","CTCATGCGAGCATGTTGGCAGTGGAATCCCTCTGACCGGCCCTCCTTTGCTGAAATCCACCAAGCCTTCGAAACAATGTTCCAGGAATCCAGTATCTCAGACGAAGTGGAAAAGGAGCTGGGGAAACAAGGCG","68T64",1,321,"ttT/ttC","snp"
1440,"T","C",7809,493,493,"F","synonymous_variant","133M","CTCTGACCGGCCCTCCTTTGCTGAAATCCACCAAGCCTTCGAAACAATGTTCCAGGAATCCAGTATCTCAGACGAAGTGGAAAAGGAGCTGGGGAAACAAGGCGTCCGTGGGGCTGTGAGTACCTTGCTGCAG","39T93",1,321,"ttT/ttC","snp"
1402,"T","C",8157,493,493,"F","synonymous_variant","133M","GTCTATGAACTCATGCGAGCATGTTGGCAGTGGAATCCCTCTGACCGGCCCTCCTTTGCTGAAATCCACCAAGCCTTCGAAACAATGTTCCAGGAATCCAGTATCTCAGACGAAGTGGAAAAGGAGCTGGGGA","77T55",1,321,"ttT/ttC","snp"
1441,"T","C",7764,493,493,"F","synonymous_variant","133M","TCTGACCGGCCCTCCTTTGCTGAAATCCACCAAGCCTTCGAAACAATGTTCCAGGAATCCAGTATCTCAGACGAAGTGGAAAAGGAGCTGGGGAAACAAGGCGTCCGTGGGGCTGTGAGTACCTTGCTGCAGG","38T94",1,321,"ttT/ttC","snp"
1412,"T","C",8037,493,493,"F","synonymous_variant","133M","TCATGCGAGCATGTTGGCAGTGGAATCCCTCTGACCGGCCCTCCTTTGCTGAAATCCACCAAGCCTTCGAAACAATGTTCCAGGAATCCAGTATCTCAGACGAAGTGGAAAAGGAGCTGGGGAAACAAGGCGT","67T65",1,321,"ttT/ttC","snp"
1430,"T","C",7926,493,493,"F","synonymous_variant","133M","AGTGGAATCCCTCTGACCGGCCCTCCTTTGCTGAAATCCACCAAGCCTTCGAAACAATGTTCCAGGAATCCAGTATCTCAGACGAAGTGGAAAAGGAGCTGGGGAAACAAGGCGTCCGTGGGGCTGTGAGTAC","49T83",1,321,"ttT/ttC","snp"
1452,"T","C",7564,493,493,"F","synonymous_variant","133M","CTCCTTTGCTGAAATCCACCAAGCCTTCGAAACAATGTTCCAGGAATCCAGTATCTCAGACGAAGTGGAAAAGGAGCTGGGGAAACAAGGCGTCCGTGGGGCTGTGAGTACCTTGCTGCAGGCCCCAGAGCTG","27T105",1,321,"ttT/ttC","snp"
1420,"T","C",8116,493,493,"F","synonymous_variant","6S127M","ATGATGGCATGTTGGCAGTGGAATCCCTCTGACCGGCCCTCCTTTGCTGAAATCCACCAAGCCTTCGAAACAATGTTCCAGGAATCCAGTATCTCAGACGAAGTGGAAAAGGAGCTGGGGAAACAAGGCGTCC","59T67",1,321,"ttT/ttC","snp"
1413,"T","C",7977,493,493,"F","synonymous_variant","133M","CATGCGAGCATGTTGGCAGTGGAATCCCTCTGACCGGCCCTCCTTTGCTGAAATCCACCAAGCCTTCGAAACAATGTTCCAGGAATCCAGTATCTCAGACGAAGTGGAAAAGGAGCTGGGGAAACAAGGCGTC","66T66",1,321,"ttT/ttC","snp"
1413,"T","C",7977,493,493,"F","synonymous_variant","133M","CATGCGAGCATGTTGGCAGTGGAATCCCTCTGACCGGCCCTCCTTTGCTGAAATCCACCAAGCCTTCGAAACAATGTTCCAGGAATCCAGTATCTCAGACGAAGTGGAAAAGGAGCTGGGGAAACAAGGCGTC","66T66",1,321,"ttT/ttC","snp"
1422,"T","C",8058,493,493,"F","synonymous_variant","133M","ATGTTGGCAGTGGAATCCCTCTGACCGGCCCTCCTTTGCTGAAATCCACCAAGCCTTCGAAACAATGTTCCAGGAATCCAGTATCTCAGACGAAGTGGAAAAGGAGCTGGGGAAACAAGGCGTCCGTGGGGCT","57T75",1,321,"ttT/ttC","snp"
1433,"T","C",7933,493,493,"F","synonymous_variant","133M","GGAATCCCTCTGACCGGCCCTCCTTTGCTGAAATCCACCAAGCCTTCGAAACAATGTTCCAGGAATCCAGTATCTCAGACGAAGTGGAAAAGGAGCTGGGGAAACAAGGCGTCCGTGGGGCTGTGAGTACCTT","46T86",1,321,"ttT/ttC","snp"
1414,"T","C",8027,493,493,"F","synonymous_variant","133M","ATGCGAGCATGTTGGCAGTGGAATCCCTCTGACCGGCCCTCCTTTGCTGAAATCCACCAAGCCTTCGAAACAATGTTCCAGGAATCCAGTATCTCAGACGAAGTGGAAAAGGAGCTGGGGAAACAAGGCGTCC","65T67",1,321,"ttT/ttC","snp"
1414,"T","C",8027,493,493,"F","synonymous_variant","133M","ATGCGAGCATGTTGGCAGTGGAATCCCTCTGACCGGCCCTCCTTTGCTGAAATCCACCAAGCCTTCGAAACAATGTTCCAGGAATCCAGTATCTCAGACGAAGTGGAAAAGGAGCTGGGGAAACAAGGCGTCC","65T67",1,321,"ttT/ttC","snp"
1414,"T","C",8027,493,493,"F","synonymous_variant","133M","ATGCGAGCATGTTGGCAGTGGAATCCCTCTGACCGGCCCTCCTTTGCTGAAATCCACCAAGCCTTCGAAACAATGTTCCAGGAATCCAGTATCTCAGACGAAGTGGAAAAGGAGCTGGGGAAACAAGGCGTCC","65T67",1,321,"ttT/ttC","snp"
1443,"T","C",7746,493,493,"F","synonymous_variant","133M","TGACCGGCCCTCCTTTGCTGAAATCCACCAAGCCTTCGAAACAATGTTCCAGGAATCCAGTATCTCAGACGAAGTGGAAAAGGAGCTGGGGAAACAAGGCGTCCGTGGGGCTGTGAGTACCTTGCTGCAGGCC","36T96",1,321,"ttT/ttC","snp"
1415,"T","C",8075,493,493,"F","synonymous_variant","133M","TGCGAGCATGTTGGCAGTGGAATCCCTCTGACCGGCCCTCCTTTGCTGAAATCCACCAAGCCTTCGAAACAATGTTCCAGGAATCCAGTATCTCAGACGAAGTGGAAAAGGAGCTGGGGAAACAAGGCGTCCG","64T68",1,321,"ttT/ttC","snp"
1415,"T","C",8075,493,493,"F","synonymous_variant","133M","TGCGAGCATGTTGGCAGTGGAATCCCTCTGACCGGCCCTCCTTTGCTGAAATCCACCAAGCCTTCGAAACAATGTTCCAGGAATCCAGTATCTCAGACGAAGTGGAAAAGGAGCTGGGGAAACAAGGCGTCCG","64T68",1,321,"ttT/ttC","snp"
1399,"T","C",8099,493,493,"F","synonymous_variant","133M","AAGGTCTATGAACTCATGCGAGCATGTTGGCAGTGGAATCCCTCTGACCGGCCCTCCTTTGCTGAAATCCACCAAGCCTTCGAAACAATGTTCCAGGAATCCAGTATCTCAGACGAAGTGGAAAAGGAGCTGG","80T52",1,321,"ttT/ttC","snp"
1456,"T","C",7476,493,493,"F","synonymous_variant","133M","TTTGCTGAAATCCACCAAGCCTTCGAAACAATGTTCCAGGAATCCAGTATCTCAGACGAAGTGGAAAAGGAGCTGGGGAAACAAGGCGTCCGTGGGGCTGTGAGTACCTTGCTGCAGGCCCCAGAGCTGCCCA","23T109",1,321,"ttT/ttC","snp"
1415,"T","C",8075,493,493,"F","synonymous_variant","132M","TGCGAGCATGTTGGCAGTGGAATCCCTCTGACCGGCCCTCCTTTGCTGAAATCCACCAAGCCTTCGAAACAATGTTCCAGGAATCCAGTATCTCAGACGAAGTGGAAAAGGAGCTGGGGAAACAAGGCGTCC","64T67",1,321,"ttT/ttC","snp"
1415,"T","C",8075,493,493,"F","synonymous_variant","133M","TGCGAGCATGTTGGCAGTGGAATCCCTCTGACCGGCCCTCCTTTGCTGAAATCCACCAAGCCTTCGAAACAATGTTCCAGGAATCCAGTATCTCAGACGAAGTGGAAAAGGAGCTGGGGAAACAAGGCGTCCG","64T68",1,321,"ttT/ttC","snp"
1416,"T","C",8138,493,493,"F","synonymous_variant","133M","GCGAGCATGTTGGCAGTGGAATCCCTCTGACCGGCCCTCCTTTGCTGAAATCCACCAAGCCTTCGAAACAATGTTCCAGGAATCCAGTATCTCAGACGAAGTGGAAAAGGAGCTGGGGAAACAAGGCGTCCGT","63T69",1,321,"ttT/ttC","snp"
1416,"T","C",8138,493,493,"F","synonymous_variant","133M","GCGAGCATGTTGGCAGTGGAATCCCTCTGACCGGCCCTCCTTTGCTGAAATCCACCAAGCCTTCGAAACAATGTTCCAGGAATCCAGTATCTCAGACGAAGTGGAAAAGGAGCTGGGGAAACAAGGCGTCCGT","63T69",1,321,"ttT/ttC","snp"
1426,"T","C",7931,493,493,"F","synonymous_variant","133M","TGGCAGTGGAATCCCTCTGACCGGCCCTCCTTTGCTGAAATCCACCAAGCCTTCGAAACAATGTTCCAGGAATCCAGTATCTCAGACGAAGTGGAAAAGGAGCTGGGGAAACAAGGCGTCCGTGGGGCTGTGA","53T79",1,321,"ttT/ttC","snp"
1437,"T","C",7822,493,493,"F","synonymous_variant","133M","TCCCTCTGACCGGCCCTCCTTTGCTGAAATCCACCAAGCCTTCGAAACAATGTTCCAGGAATCCAGTATCTCAGACGAAGTGGAAAAGGAGCTGGGGAAACAAGGCGTCCGTGGGGCTGTGAGTACCTTGCTG","42T90",1,321,"ttT/ttC","snp"
1451,"T","C",7607,493,493,"F","synonymous_variant","133M","CCTCCTTTGCTGAAATCCACCAAGCCTTCGAAACAATGTTCCAGGAATCCAGTATCTCAGACGAAGTGGAAAAGGAGCTGGGGAAACAAGGCGTCCGTGGGGCTGTGAGTACCTTGCTGCAGGCCCCAGAGCT","28T104",1,321,"ttT/ttC","snp"
1416,"T","C",8138,493,493,"F","synonymous_variant","133M","GCGAGCATGTTGGCAGTGGAATCCCTCTGACCGGCCCTCCTTTGCTGAAATCCACCAAGCCTTCGAAACAATGTTCCAGGAATCCAGTATCTCAGACGAAGTGGAAAAGGAGCTGGGGAAACAAGGCGTCCGT","63T69",1,321,"ttT/ttC","snp"
1446,"T","C",7758,493,493,"F","synonymous_variant","133M","CCGGCCCTCCTTTGCTGAAATCCACCAAGCCTTCGAAACAATGTTCCAGGAATCCAGTATCTCAGACGAAGTGGAAAAGGAGCTGGGGAAACAAGGCGTCCGTGGGGCTGTGAGTACCTTGCTGCAGGCCCCA","33T99",1,321,"ttT/ttC","snp"
1416,"T","C",8138,493,493,"F","synonymous_variant","133M","GCGAGCATGTTGGCAGTGGAATCCCTCTGACCGGCCCTCCTTTGCTGAAATCCACCAAGCCTTCGAAACAATGTTCCAGGAATCCAGTATCTCAGACGAAGTGGAAAAGGAGCTGGGGAAACAAGGCGTCCGT","63T69",1,321,"ttT/ttC","snp"
1416,"T","C",8138,493,493,"F","synonymous_variant","133M","GCGAGCATGTTGGCAGTGGAATCCCTCTGACCGGCCCTCCTTTGCTGAAATCCACCAAGCCTTCGAAACAATGTTCCAGGAATCCAGTATCTCAGACGAAGTGGAAAAGGAGCTGGGGAAACAAGGCGTCCGT","63T69",1,321,"ttT/ttC","snp"
1417,"T","C",8181,493,493,"F","synonymous_variant","9S124M","GAACTCTGTCGAGCATGTTGGCAGTGGAATCCCTCTGACCGGCCCTCCTTTGCTGAAATCCACCAAGCCTTCGAAACAATGTTCCAGGAATCCAGTATCTCAGACGAAGTGGAAAAGGAGCTGGGGAAACAAG","62T61",1,321,"ttT/ttC","snp"
1417,"T","C",8181,493,493,"F","synonymous_variant","133M","CGAGCATGTTGGCAGTGGAATCCCTCTGACCGGCCCTCCTTTGCTGAAATCCACCAAGCCTTCGAAACAATGTTCCAGGAATCCAGTATCTCAGACGAAGTGGAAAAGGAGCTGGGGAAACAAGGCGTCCGTG","62T70",1,321,"ttT/ttC","snp"
1366,"T","C",8020,493,493,"F","synonymous_variant","133M","TACCGCATGGAGCGCCCAGAAGGCTGCCCAGAGAAGGTCTATGAACTCATGCGAGCATGTTGGCAGTGGAATCCCTCTGACCGGCCCTCCTTTGCTGAAATCCACCAAGCCTTCGAAACAATGTTCCAGGAAT","113T19",1,321,"ttT/ttC","snp"
1467,"T","C",7022,493,493,"F","synonymous_variant","133M","CCACCAAGCCTTCGAAACAATGTTCCAGGAATCCAGTATCTCAGACGAAGTGGAAAAGGAGCTGGGGAAACAAGGCGTCCGTGGGGCTGTGAGTACCTTGCTGCAGGCCCCAGAGCTGCCCACCAAGACGAGG","12T120",1,321,"ttT/ttC","snp"
1420,"T","C",8116,493,493,"F","synonymous_variant","133M","GCATGTTGGCAGTGGAATCCCTCTGACCGGCCCTCCTTTGCTGAAATCCACCAAGCCTTCGAAACAATGTTCCAGGAATCCAGTATCTCAGACGAAGTGGAAAAGGAGCTGGGGAAACAAGGCGTCCGTGGGG","59T73",1,321,"ttT/ttC","snp"
1428,"T","C",7951,493,493,"F","synonymous_variant","133M","GCAGTGGAATCCCTCTGACCGGCCCTCCTTTGCTGAAATCCACCAAGCCTTCGAAACAATGTTCCAGGAATCCAGTATCTCAGACGAAGTGGAAAAGGAGCTGGGGAAACAAGGCGTCCGTGGGGCTGTGAGT","51T81",1,321,"ttT/ttC","snp"
1418,"T","C",8164,493,493,"F","synonymous_variant","133M","GAGCATGTTGGCAGTGGAATCCCTCTGACCGGCCCTCCTTTGCTGAAATCCACCAAGCCTTCGAAACAATGTTCCAGGAATCCAGTATCTCAGACGAAGTGGAAAAGGAGCTGGGGAAACAAGGCGTCCGTGG","61T71",1,321,"ttT/ttC","snp"
1418,"T","C",8164,493,493,"F","synonymous_variant","133M","GAGCATGTTGGCAGTGGAATCCCTCTGACCGGCCCTCCTTTGCTGAAATCCACCAAGCCTTCGAAACAATGTTCCAGGAATCCAGTATCTCAGACGAAGTGGAAAAGGAGCTGGGGAAACAAGGCGTCCGTGG","61T71",1,321,"ttT/ttC","snp"
1423,"T","C",8011,493,493,"F","synonymous_variant","133M","TGTTGGCAGTGGAATCCCTCTGACCGGCCCTCCTTTGCTGAAATCCACCAAGCCTTCGAAACAATGTTCCAGGAATCCAGTATCTCAGACGAAGTGGAAAAGGAGCTGGGGAAACAAGGCGTCCGTGGGGCTG","56T76",1,321,"ttT/ttC","snp"
1395,"T","C",7964,493,493,"F","synonymous_variant","133M","AGAGAAGGTCTATGAACTCATGCGAGCATGTTGGCAGTGGAATCCCTCTGACCGGCCCTCCTTTGCTGAAATCCACCAAGCCTTCGAAACAATGTTCCAGGAATCCAGTATCTCAGACGAAGTGGAAAAGGAG","84T48",1,321,"ttT/ttC","snp"
1419,"T","C",8116,493,493,"F","synonymous_variant","133M","AGCATGTTGGCAGTGGAATCCCTCTGACCGGCCCTCCTTTGCTGAAATCCACCAAGCCTTCGAAACAATGTTCCAGGAATCCAGTATCTCAGACGAAGTGGAAAAGGAGCTGGGGAAACAAGGCGTCCGTGGG","60T72",1,321,"ttT/ttC","snp"
1465,"T","C",7135,493,493,"F","synonymous_variant","5S128M","CTGCTATCCACCAAGCCTTCGAAACAATGTTCCAGGAATCCAGTATCTCAGACGAAGTGGAAAAGGAGCTGGGGAAACAAGGCGTCCGTGGGGCTGTGAGTACCTTGCTGCAGGCCCCAGAGCTGCCCACCAA","14T113",1,321,"ttT/ttC","snp"
1420,"T","C",8116,493,493,"F","synonymous_variant","133M","GCATGTTGGCAGTGGAATCCCTCTGACCGGCCCTCCTTTGCTGAAATCCACCAAGCCTTCGAAACAATGTTCCAGGAATCCAGTATCTCAGACGAAGTGGAAAAGGAGCTGGGGAAACAAGGCGTCCGTGGGG","59T73",1,321,"ttT/ttC","snp"
1430,"T","C",7926,493,493,"F","synonymous_variant","133M","AGTGGAATCCCTCTGACCGGCCCTCCTTTGCTGAAATCCACCAAGCCTTCGAAACAATGTTCCAGGAATCCAGTATCTCAGACGAAGTGGAAAAGGAGCTGGGGAAACAAGGCGTCCGTGGGGCTGTGAGTAC","49T83",1,321,"ttT/ttC","snp"
1358,"T","C",8016,493,493,"F","synonymous_variant","133M","AGAAGGACTACCGCATGGAGCGCCCAGAAGGCTGCCCAGAGAAGGTCTATGAACTCATGCGAGCATGTTGGCAGTGGAATCCCTCTGACCGGCCCTCCTTTGCTGAAATCCACCAAGCCTTCGAAACAATGTT","121T11",1,321,"ttT/ttC","snp"
1431,"T","C",7948,493,493,"F","synonymous_variant","133M","GTGGAATCCCTCTGACCGGCCCTCCTTTGCTGAAATCCACCAAGCCTTCGAAACAATGTTCCAGGAATCCAGTATCTCAGACGAAGTGGAAAAGGAGCTGGGGAAACAAGGCGTCCGTGGGGCTGTGAGTACC","48T84",1,321,"ttT/ttC","snp"
1399,"T","C",8099,493,493,"F","synonymous_variant","133M","AAGGTCTATGAACTCATGCGAGCATGTTGGCAGTGGAATCCCTCTGACCGGCCCTCCTTTGCTGAAATCCACCAAGCCTTCGAAACAATGTTCCAGGAATCCAGTATCTCAGACGAAGTGGAAAAGGAGCTGG","80T52",1,321,"ttT/ttC","snp"
1425,"T","C",7963,493,493,"F","synonymous_variant","133M","TTGGCAGTGGAATCCCTCTGACCGGCCCTCCTTTGCTGAAATCCACCAAGCCTTCGAAACAATGTTCCAGGAATCCAGTATCTCAGACGAAGTGGAAAAGGAGCTGGGGAAACAAGGCGTCCGTGGGGCTGTG","54T78",1,321,"ttT/ttC","snp"
1420,"T","C",8116,493,493,"F","synonymous_variant","133M","GCATGTTGGCAGTGGAATCCCTCTGACCGGCCCTCCTTTGCTGAAATCCACCAAGCCTTCGAAACAATGTTCCAGGAATCCAGTATCTCAGACGAAGTGGAAAAGGAGCTGGGGAAACAAGGCGTCCGTGGGG","59T73",1,321,"ttT/ttC","snp"
1442,"T","C",7748,493,493,"F","synonymous_variant","133M","CTGACCGGCCCTCCTTTGCTGAAATCCACCAAGCCTTCGAAACAATGTTCCAGGAATCCAGTATCTCAGACGAAGTGGAAAAGGAGCTGGGGAAACAAGGCGTCCGTGGGGCTGTGAGTACCTTGCTGCAGGC","37T95",1,321,"ttT/ttC","snp"
1454,"T","C",7436,493,493,"F","synonymous_variant","133M","CCTTTGCTGAAATCCACCAAGCCTTCGAAACAATGTTCCAGGAATCCAGTATCTCAGACGAAGTGGAAAAGGAGCTGGGGAAACAAGGCGTCCGTGGGGCTGTGAGTACCTTGCTGCAGGCCCCAGAGCTGCC","25T107",1,321,"ttT/ttC","snp"
1457,"T","C",7432,493,493,"F","synonymous_variant","133M","TTGCTGAAATCCACCAAGCCTTCGAAACAATGTTCCAGGAATCCAGTATCTCAGACGAAGTGGAAAAGGAGCTGGGGAAACAAGGCGTCCGTGGGGCTGTGAGTACCTTGCTGCAGGCCCCAGAGCTGCCCAC","22T110",1,321,"ttT/ttC","snp"
1423,"T","C",8011,493,493,"F","synonymous_variant","133M","TGTTGGCAGTGGAATCCCTCTGACCGGCCCTCCTTTGCTGAAATCCACCAAGCCTTCGAAACAATGTTCCAGGAATCCAGTATCTCAGACGAAGTGGAAAAGGAGCTGGGGAAACAAGGCGTCCGTGGGGCTG","56T76",1,321,"ttT/ttC","snp"
1455,"T","C",7429,493,493,"F","synonymous_variant","133M","CTTTGCTGAAATCCACCAAGCCTTCGAAACAATGTTCCAGGAATCCAGTATCTCAGACGAAGTGGAAAAGGAGCTGGGGAAACAAGGCGTCCGTGGGGCTGTGAGTACCTTGCTGCAGGCCCCAGAGCTGCCC","24T108",1,321,"ttT/ttC","snp"
1472,"T","C",6918,493,493,"F","synonymous_variant","133M","AAGCCTTCGAAACAATGTTCCAGGAATCCAGTATCTCAGACGAAGTGGAAAAGGAGCTGGGGAAACAAGGCGTCCGTGGGGCTGTGAGTACCTTGCTGCAGGCCCCAGAGCTGCCCACCAAGACGAGGACCTC","7T125",1,321,"ttT/ttC","snp"
1424,"T","C",8003,493,493,"F","synonymous_variant","133M","GTTGGCAGTGGAATCCCTCTGACCGGCCCTCCTTTGCTGAAATCCACCAAGCCTTCGAAACAATGTTCCAGGAATCCAGTATCTCAGACGAAGTGGAAAAGGAGCTGGGGAAACAAGGCGTCCGTGGGGCTGT","55T77",1,321,"ttT/ttC","snp"
1424,"T","C",8003,493,493,"F","synonymous_variant","133M","GTTGGCAGTGGAATCCCTCTGACCGGCCCTCCTTTGCTGAAATCCACCAAGCCTTCGAAACAATGTTCCAGGAATCCAGTATCTCAGACGAAGTGGAAAAGGAGCTGGGGAAACAAGGCGTCCGTGGGGCTGT","55T77",1,321,"ttT/ttC","snp"
1443,"T","C",7746,493,493,"F","synonymous_variant","133M","TGACCGGCCCTCCTTTGCTGAAATCCACCAAGCCTTCGAAACAATGTTCCAGGAATCCAGTATCTCAGACGAAGTGGAAAAGGAGCTGGGGAAACAAGGCGTCCGTGGGGCTGTGAGTACCTTGCTGCAGGCC","36T96",1,321,"ttT/ttC","snp"
1428,"T","C",7951,493,493,"F","synonymous_variant","133M","GCAGTGGAATCCCTCTGACCGGCCCTCCTTTGCTGAAATCCACCAAGCCTTCGAAACAATGTTCCAGGAATCCAGTATCTCAGACGAAGTGGAAAAGGAGCTGGGGAAACAAGGCGTCCGTGGGGCTGTGAGT","51T81",1,321,"ttT/ttC","snp"
1439,"T","C",7835,493,493,"F","synonymous_variant","133M","CCTCTGACCGGCCCTCCTTTGCTGAAATCCACCAAGCCTTCGAAACAATGTTCCAGGAATCCAGTATCTCAGACGAAGTGGAAAAGGAGCTGGGGAAACAAGGCGTCCGTGGGGCTGTGAGTACCTTGCTGCA","40T92",1,321,"ttT/ttC","snp"
1437,"T","C",7822,493,493,"F","synonymous_variant","133M","TCCCTCTGACCGGCCCTCCTTTGCTGAAATCCACCAAGCCTTCGAAACAATGTTCCAGGAATCCAGTATCTCAGACGAAGTGGAAAAGGAGCTGGGGAAACAAGGCGTCCGTGGGGCTGTGAGTACCTTGCTG","42T90",1,321,"ttT/ttC","snp"
1456,"T","C",7476,493,493,"F","synonymous_variant","133M","TTTGCTGAAATCCACCAAGCCTTCGAAACAATGTTCCAGGAATCCAGTATCTCAGACGAAGTGGAAAAGGAGCTGGGGAAACAAGGCGTCCGTGGGGCTGTGAGTACCTTGCTGCAGGCCCCAGAGCTGCCCA","23T109",1,321,"ttT/ttC","snp"
1373,"T","C",8039,493,493,"F","synonymous_variant","133M","TGGAGCGCCCAGAAGGCTGCCCAGAGAAGGTCTATGAACTCATGCGAGCATGTTGGCAGTGGAATCCCTCTGACCGGCCCTCCTTTGCTGAAATCCACCAAGCCTTCGAAACAATGTTCCAGGAATCCAGTAT","106T26",1,321,"ttT/ttC","snp"
1444,"T","C",7767,493,493,"F","synonymous_variant","133M","GACCGGCCCTCCTTTGCTGAAATCCACCAAGCCTTCGAAACAATGTTCCAGGAATCCAGTATCTCAGACGAAGTGGAAAAGGAGCTGGGGAAACAAGGCGTCCGTGGGGCTGTGAGTACCTTGCTGCAGGCCC","35T97",1,321,"ttT/ttC","snp"
1439,"T","C",7835,493,493,"F","synonymous_variant","133M","CCTCTGACCGGCCCTCCTTTGCTGAAATCCACCAAGCCTTCGAAACAATGTTCCAGGAATCCAGTATCTCAGACGAAGTGGAAAAGGAGCTGGGGAAACAAGGCGTCCGTGGGGCTGTGAGTACCTTGCTGCA","40T92",1,321,"ttT/ttC","snp"
1429,"T","C",7920,493,493,"F","synonymous_variant","133M","CAGTGGAATCCCTCTGACCGGCCCTCCTTTGCTGAAATCCACCAAGCCTTCGAAACAATGTTCCAGGAATCCAGTATCTCAGACGAAGTGGAAAAGGAGCTGGGGAAACAAGGCGTCCGTGGGGCTGTGAGTA","50T82",1,321,"ttT/ttC","snp"
1427,"T","C",7971,493,493,"F","synonymous_variant","133M","GGCAGTGGAATCCCTCTGACCGGCCCTCCTTTGCTGAAATCCACCAAGCCTTCGAAACAATGTTCCAGGAATCCAGTATCTCAGACGAAGTGGAAAAGGAGCTGGGGAAACAAGGCGTCCGTGGGGCTGTGAG","52T80",1,321,"ttT/ttC","snp"
1427,"T","C",7971,493,493,"F","synonymous_variant","133M","GGCAGTGGAATCCCTCTGACCGGCCCTCCTTTGCTGAAATCCACCAAGCCTTCGAAACAATGTTCCAGGAATCCAGTATCTCAGACGAAGTGGAAAAGGAGCTGGGGAAACAAGGCGTCCGTGGGGCTGTGAG","52T80",1,321,"ttT/ttC","snp"
1427,"T","C",7971,493,493,"F","synonymous_variant","133M","GGCAGTGGAATCCCTCTGACCGGCCCTCCTTTGCTGAAATCCACCAAGCCTTCGAAACAATGTTCCAGGAATCCAGTATCTCAGACGAAGTGGAAAAGGAGCTGGGGAAACAAGGCGTCCGTGGGGCTGTGAG","52T80",1,321,"ttT/ttC","snp"
1460,"T","C",7294,493,493,"F","synonymous_variant","133M","CTGAAATCCACCAAGCCTTCGAAACAATGTTCCAGGAATCCAGTATCTCAGACGAAGTGGAAAAGGAGCTGGGGAAACAAGGCGTCCGTGGGGCTGTGAGTACCTTGCTGCAGGCCCCAGAGCTGCCCACCAA","19T113",1,321,"ttT/ttC","snp"
1446,"T","C",7758,493,493,"F","synonymous_variant","133M","CCGGCCCTCCTTTGCTGAAATCCACCAAGCCTTCGAAACAATGTTCCAGGAATCCAGTATCTCAGACGAAGTGGAAAAGGAGCTGGGGAAACAAGGCGTCCGTGGGGCTGTGAGTACCTTGCTGCAGGCCCCA","33T99",1,321,"ttT/ttC","snp"
1465,"T","C",7135,493,493,"F","synonymous_variant","133M","ATCCACCAAGCCTTCGAAACAATGTTCCAGGAATCCAGTATCTCAGACGAAGTGGAAAAGGAGCTGGGGAAACAAGGCGTCCGTGGGGCTGTGAGTACCTTGCTGCAGGCCCCAGAGCTGCCCACCAAGACGA","14T118",1,321,"ttT/ttC","snp"
1465,"T","C",7135,493,493,"F","synonymous_variant","4S129M","TGCTATCCACCAAGCCTTCGAAACAATGTTCCAGGAATCCAGTATCTCAGACGAAGTGGAAAAGGAGCTGGGGAAACAAGGCGTCCGTGGGGCTGTGAGTACCTTGCTGCAGGCCCCAGAGCTGCCCACCAAG","14T114",1,321,"ttT/ttC","snp"
1447,"T","C",7740,493,493,"F","synonymous_variant","133M","CGGCCCTCCTTTGCTGAAATCCACCAAGCCTTCGAAACAATGTTCCAGGAATCCAGTATCTCAGACGAAGTGGAAAAGGAGCTGGGGAAACAAGGCGTCCGTGGGGCTGTGAGTACCTTGCTGCAGGCCCCAG","32T100",1,321,"ttT/ttC","snp"
1468,"T","C",7009,493,493,"F","synonymous_variant","133M","CACCAAGCCTTCGAAACAATGTTCCAGGAATCCAGTATCTCAGACGAAGTGGAAAAGGAGCTGGGGAAACAAGGCGTCCGTGGGGCTGTGAGTACCTTGCTGCAGGCCCCAGAGCTGCCCACCAAGACGAGGA","11T121",1,321,"ttT/ttC","snp"
1431,"T","C",7948,493,493,"F","synonymous_variant","133M","GTGGAATCCCTCTGACCGGCCCTCCTTTGCTGAAATCCACCAAGCCTTCGAAACAATGTTCCAGGAATCCAGTATCTCAGACGAAGTGGAAAAGGAGCTGGGGAAACAAGGCGTCCGTGGGGCTGTGAGTACC","48T84",1,321,"ttT/ttC","snp"
1462,"T","C",7159,493,493,"F","synonymous_variant","133M","GAAATCCACCAAGCCTTCGAAACAATGTTCCAGGAATCCAGTATCTCAGACGAAGTGGAAAAGGAGCTGGGGAAACAAGGCGTCCGTGGGGCTGTGAGTACCTTGCTGCAGGCCCCAGAGCTGCCCACCAAGA","17T115",1,321,"ttT/ttC","snp"
1470,"T","C",6995,493,493,"F","synonymous_variant","133M","CCAAGCCTTCGAAACAATGTTCCAGGAATCCAGTATCTCAGACGAAGTGGAAAAGGAGCTGGGGAAACAAGGCGTCCGTGGGGCTGTGAGTACCTTGCTGCAGGCCCCAGAGCTGCCCACCAAGACGAGGACC","9T123",1,321,"ttT/ttC","snp"
1389,"T","C",7859,493,493,"F","synonymous_variant","133M","CTGCCCAGAGAAGGTCTATGAACTCATGCGAGCATGTTGGCAGTGGAATCCCTCTGACCGGCCCTCCTTTGCTGAAATCCACCAAGCCTTCGAAACAATGTTCCAGGAATCCAGTATCTCAGACGAAGTGGAA","90T42",1,321,"ttT/ttC","snp"
1429,"T","C",7920,493,493,"F","synonymous_variant","133M","CAGTGGAATCCCTCTGACCGGCCCTCCTTTGCTGAAATCCACCAAGCCTTCGAAACAATGTTCCAGGAATCCAGTATCTCAGACGAAGTGGAAAAGGAGCTGGGGAAACAAGGCGTCCGTGGGGCTGTGAGTA","50T82",1,321,"ttT/ttC","snp"
1429,"T","C",7920,493,493,"F","synonymous_variant","133M","CAGTGGAATCCCTCTGACCGGCCCTCCTTTGCTGAAATCCACCAAGCCTTCGAAACAATGTTCCAGGAATCCAGTATCTCAGACGAAGTGGAAAAGGAGCTGGGGAAACAAGGCGTCCGTGGGGCTGTGAGTA","50T82",1,321,"ttT/ttC","snp"
1443,"T","C",7746,493,493,"F","synonymous_variant","133M","TGACCGGCCCTCCTTTGCTGAAATCCACCAAGCCTTCGAAACAATGTTCCAGGAATCCAGTATCTCAGACGAAGTGGAAAAGGAGCTGGGGAAACAAGGCGTCCGTGGGGCTGTGAGTACCTTGCTGCAGGCC","36T96",1,321,"ttT/ttC","snp"
1430,"T","C",7926,493,493,"F","synonymous_variant","133M","AGTGGAATCCCTCTGACCGGCCCTCCTTTGCTGAAATCCACCAAGCCTTCGAAACAATGTTCCAGGAATCCAGTATCTCAGACGAAGTGGAAAAGGAGCTGGGGAAACAAGGCGTCCGTGGGGCTGTGAGTAC","49T83",1,321,"ttT/ttC","snp"
1452,"T","C",7564,493,493,"F","synonymous_variant","133M","CTCCTTTGCTGAAATCCACCAAGCCTTCGAAACAATGTTCCAGGAATCCAGTATCTCAGACGAAGTGGAAAAGGAGCTGGGGAAACAAGGCGTCCGTGGGGCTGTGAGTACCTTGCTGCAGGCCCCAGAGCTG","27T105",1,321,"ttT/ttC","snp"
1456,"T","C",7476,493,493,"F","synonymous_variant","133M","TTTGCTGAAATCCACCAAGCCTTCGAAACAATGTTCCAGGAATCCAGTATCTCAGACGAAGTGGAAAAGGAGCTGGGGAAACAAGGCGTCCGTGGGGCTGTGAGTACCTTGCTGCAGGCCCCAGAGCTGCCCA","23T109",1,321,"ttT/ttC","snp"
1438,"T","C",7808,493,493,"F","synonymous_variant","133M","CCCTCTGACCGGCCCTCCTTTGCTGAAATCCACCAAGCCTTCGAAACAATGTTCCAGGAATCCAGTATCTCAGACGAAGTGGAAAAGGAGCTGGGGAAACAAGGCGTCCGTGGGGCTGTGAGTACCTTGCTGC","41T91",1,321,"ttT/ttC","snp"
1439,"T","C",7835,493,493,"F","synonymous_variant","133M","CCTCTGACCGGCCCTCCTTTGCTGAAATCCACCAAGCCTTCGAAACAATGTTCCAGGAATCCAGTATCTCAGACGAAGTGGAAAAGGAGCTGGGGAAACAAGGCGTCCGTGGGGCTGTGAGTACCTTGCTGCA","40T92",1,321,"ttT/ttC","snp"
1456,"T","C",7476,493,493,"F","synonymous_variant","133M","TTTGCTGAAATCCACCAAGCCTTCGAAACAATGTTCCAGGAATCCAGTATCTCAGACGAAGTGGAAAAGGAGCTGGGGAAACAAGGCGTCCGTGGGGCTGTGAGTACCTTGCTGCAGGCCCCAGAGCTGCCCA","23T109",1,321,"ttT/ttC","snp"
1477,"T","C",6726,493,493,"F","synonymous_variant","133M","TTCGAAACAATGTTCCAGGAATCCAGTATCTCAGACGAAGTGGAAAAGGAGCTGGGGAAACAAGGCGTCCGTGGGGCTGTGAGTACCTTGCTGCAGGCCCCAGAGCTGCCCACCAAGACGAGGACCTCCAGGA","2T130",1,321,"ttT/ttC","snp"
1453,"T","C",7499,493,493,"F","synonymous_variant","133M","TCCTTTGCTGAAATCCACCAAGCCTTCGAAACAATGTTCCAGGAATCCAGTATCTCAGACGAAGTGGAAAAGGAGCTGGGGAAACAAGGCGTCCGTGGGGCTGTGAGTACCTTGCTGCAGGCCCCAGAGCTGC","26T106",1,321,"ttT/ttC","snp"
1458,"T","C",7367,493,493,"F","synonymous_variant","133M","TGCTGAAATCCACCAAGCCTTCGAAACAATGTTCCAGGAATCCAGTATCTCAGACGAAGTGGAAAAGGAGCTGGGGAAACAAGGCGTCCGTGGGGCTGTGAGTACCTTGCTGCAGGCCCCAGAGCTGCCCACC","21T111",1,321,"ttT/ttC","snp"
1450,"T","C",7673,493,493,"F","synonymous_variant","133M","CCCTCCTTTGCTGAAATCCACCAAGCCTTCGAAACAATGTTCCAGGAATCCAGTATCTCAGACGAAGTGGAAAAGGAGCTGGGGAAACAAGGCGTCCGTGGGGCTGTGAGTACCTTGCTGCAGGCCCCAGAGC","29T103",1,321,"ttT/ttC","snp"
1433,"T","C",7933,493,493,"F","synonymous_variant","133M","GGAATCCCTCTGACCGGCCCTCCTTTGCTGAAATCCACCAAGCCTTCGAAACAATGTTCCAGGAATCCAGTATCTCAGACGAAGTGGAAAAGGAGCTGGGGAAACAAGGCGTCCGTGGGGCTGTGAGTACCTT","46T86",1,321,"ttT/ttC","snp"
1472,"T","C",6918,493,493,"F","synonymous_variant","133M","AAGCCTTCGAAACAATGTTCCAGGAATCCAGTATCTCAGACGAAGTGGAAAAGGAGCTGGGGAAACAAGGCGTCCGTGGGGCTGTGAGTACCTTGCTGCAGGCCCCAGAGCTGCCCACCAAGACGAGGACCTC","7T125",1,321,"ttT/ttC","snp"
1437,"T","C",7822,493,493,"F","synonymous_variant","133M","TCCCTCTGACCGGCCCTCCTTTGCTGAAATCCACCAAGCCTTCGAAACAATGTTCCAGGAATCCAGTATCTCAGACGAAGTGGAAAAGGAGCTGGGGAAACAAGGCGTCCGTGGGGCTGTGAGTACCTTGCTG","42T90",1,321,"ttT/ttC","snp"
1434,"T","C",7912,493,493,"F","synonymous_variant","133M","GAATCCCTCTGACCGGCCCTCCTTTGCTGAAATCCACCAAGCCTTCGAAACAATGTTCCAGGAATCCAGTATCTCAGACGAAGTGGAAAAGGAGCTGGGGAAACAAGGCGTCCGTGGGGCTGTGAGTACCTTG","45T87",1,321,"ttT/ttC","snp"
1443,"T","C",7746,493,493,"F","synonymous_variant","133M","TGACCGGCCCTCCTTTGCTGAAATCCACCAAGCCTTCGAAACAATGTTCCAGGAATCCAGTATCTCAGACGAAGTGGAAAAGGAGCTGGGGAAACAAGGCGTCCGTGGGGCTGTGAGTACCTTGCTGCAGGCC","36T96",1,321,"ttT/ttC","snp"
1465,"T","C",7135,493,493,"F","synonymous_variant","133M","ATCCACCAAGCCTTCGAAACAATGTTCCAGGAATCCAGTATCTCAGACGAAGTGGAAAAGGAGCTGGGGAAACAAGGCGTCCGTGGGGCTGTGAGTACCTTGCTGCAGGCCCCAGAGCTGCCCACCAAGACGA","14T118",1,321,"ttT/ttC","snp"
1440,"T","C",7809,493,493,"F","synonymous_variant","133M","CTCTGACCGGCCCTCCTTTGCTGAAATCCACCAAGCCTTCGAAACAATGTTCCAGGAATCCAGTATCTCAGACGAAGTGGAAAAGGAGCTGGGGAAACAAGGCGTCCGTGGGGCTGTGAGTACCTTGCTGCAG","39T93",1,321,"ttT/ttC","snp"
1444,"T","C",7767,493,493,"F","synonymous_variant","133M","GACCGGCCCTCCTTTGCTGAAATCCACCAAGCCTTCGAAACAATGTTCCAGGAATCCAGTATCTCAGACGAAGTGGAAAAGGAGCTGGGGAAACAAGGCGTCCGTGGGGCTGTGAGTACCTTGCTGCAGGCCC","35T97",1,321,"ttT/ttC","snp"
1462,"T","C",7159,493,493,"F","synonymous_variant","133M","GAAATCCACCAAGCCTTCGAAACAATGTTCCAGGAATCCAGTATCTCAGACGAAGTGGAAAAGGAGCTGGGGAAACAAGGCGTCCGTGGGGCTGTGAGTACCTTGCTGCAGGCCCCAGAGCTGCCCACCAAGA","17T115",1,321,"ttT/ttC","snp"
1453,"T","C",7499,493,493,"F","synonymous_variant","133M","TCCTTTGCTGAAATCCACCAAGCCTTCGAAACAATGTTCCAGGAATCCAGTATCTCAGACGAAGTGGAAAAGGAGCTGGGGAAACAAGGCGTCCGTGGGGCTGTGAGTACCTTGCTGCAGGCCCCAGAGCTGC","26T106",1,321,"ttT/ttC","snp"
1473,"T","C",6910,493,493,"F","synonymous_variant","133M","AGCCTTCGAAACAATGTTCCAGGAATCCAGTATCTCAGACGAAGTGGAAAAGGAGCTGGGGAAACAAGGCGTCCGTGGGGCTGTGAGTACCTTGCTGCAGGCCCCAGAGCTGCCCACCAAGACGAGGACCTCC","6T126",1,321,"ttT/ttC","snp"
1451,"T","C",7607,493,493,"F","synonymous_variant","133M","CCTCCTTTGCTGAAATCCACCAAGCCTTCGAAACAATGTTCCAGGAATCCAGTATCTCAGACGAAGTGGAAAAGGAGCTGGGGAAACAAGGCGTCCGTGGGGCTGTGAGTACCTTGCTGCAGGCCCCAGAGCT","28T104",1,321,"ttT/ttC","snp"
1462,"T","C",7159,493,493,"F","synonymous_variant","133M","GAAATCCACCAAGCCTTCGAAACAATGTTCCAGGAATCCAGTATCTCAGACGAAGTGGAAAAGGAGCTGGGGAAACAAGGCGTCCGTGGGGCTGTGAGTACCTTGCTGCAGGCCCCAGAGCTGCCCACCAAGA","17T115",1,321,"ttT/ttC","snp"
1439,"T","C",7835,493,493,"F","synonymous_variant","133M","CCTCTGACCGGCCCTCCTTTGCTGAAATCCACCAAGCCTTCGAAACAATGTTCCAGGAATCCAGTATCTCAGACGAAGTGGAAAAGGAGCTGGGGAAACAAGGCGTCCGTGGGGCTGTGAGTACCTTGCTGCA","40T92",1,321,"ttT/ttC","snp"
1474,"T","C",6883,493,493,"F","synonymous_variant","133M","GCCTTCGAAACAATGTTCCAGGAATCCAGTATCTCAGACGAAGTGGAAAAGGAGCTGGGGAAACAAGGCGTCCGTGGGGCTGTGAGTACCTTGCTGCAGGCCCCAGAGCTGCCCACCAAGACGAGGACCTCCA","5T127",1,321,"ttT/ttC","snp"
1442,"T","C",7748,493,493,"F","synonymous_variant","133M","CTGACCGGCCCTCCTTTGCTGAAATCCACCAAGCCTTCGAAACAATGTTCCAGGAATCCAGTATCTCAGACGAAGTGGAAAAGGAGCTGGGGAAACAAGGCGTCCGTGGGGCTGTGAGTACCTTGCTGCAGGC","37T95",1,321,"ttT/ttC","snp"
1459,"T","C",7340,493,493,"F","synonymous_variant","133M","GCTGAAATCCACCAAGCCTTCGAAACAATGTTCCAGGAATCCAGTATCTCAGACGAAGTGGAAAAGGAGCTGGGGAAACAAGGCGTCCGTGGGGCTGTGAGTACCTTGCTGCAGGCCCCAGAGCTGCCCACCA","20T112",1,321,"ttT/ttC","snp"
1438,"T","C",7808,493,493,"F","synonymous_variant","133M","CCCTCTGACCGGCCCTCCTTTGCTGAAATCCACCAAGCCTTCGAAACAATGTTCCAGGAATCCAGTATCTCAGACGAAGTGGAAAAGGAGCTGGGGAAACAAGGCGTCCGTGGGGCTGTGAGTACCTTGCTGC","41T91",1,321,"ttT/ttC","snp"
1472,"T","C",6918,493,493,"F","synonymous_variant","133M","AAGCCTTCGAAACAATGTTCCAGGAATCCAGTATCTCAGACGAAGTGGAAAAGGAGCTGGGGAAACAAGGCGTCCGTGGGGCTGTGAGTACCTTGCTGCAGGCCCCAGAGCTGCCCACCAAGACGAGGACCTC","7T125",1,321,"ttT/ttC","snp"
1451,"T","C",7607,493,493,"F","synonymous_variant","133M","CCTCCTTTGCTGAAATCCACCAAGCCTTCGAAACAATGTTCCAGGAATCCAGTATCTCAGACGAAGTGGAAAAGGAGCTGGGGAAACAAGGCGTCCGTGGGGCTGTGAGTACCTTGCTGCAGGCCCCAGAGCT","28T104",1,321,"ttT/ttC","snp"
1453,"T","C",7499,493,493,"F","synonymous_variant","133M","TCCTTTGCTGAAATCCACCAAGCCTTCGAAACAATGTTCCAGGAATCCAGTATCTCAGACGAAGTGGAAAAGGAGCTGGGGAAACAAGGCGTCCGTGGGGCTGTGAGTACCTTGCTGCAGGCCCCAGAGCTGC","26T106",1,321,"ttT/ttC","snp"
1455,"T","C",7429,493,493,"F","synonymous_variant","133M","CTTTGCTGAAATCCACCAAGCCTTCGAAACAATGTTCCAGGAATCCAGTATCTCAGACGAAGTGGAAAAGGAGCTGGGGAAACAAGGCGTCCGTGGGGCTGTGAGTACCTTGCTGCAGGCCCCAGAGCTGCCC","24T108",1,321,"ttT/ttC","snp"
1443,"T","C",7746,493,493,"F","synonymous_variant","133M","TGACCGGCCCTCCTTTGCTGAAATCCACCAAGCCTTCGAAACAATGTTCCAGGAATCCAGTATCTCAGACGAAGTGGAAAAGGAGCTGGGGAAACAAGGCGTCCGTGGGGCTGTGAGTACCTTGCTGCAGGCC","36T96",1,321,"ttT/ttC","snp"
1456,"T","C",7476,493,493,"F","synonymous_variant","133M","TTTGCTGAAATCCACCAAGCCTTCGAAACAATGTTCCAGGAATCCAGTATCTCAGACGAAGTGGAAAAGGAGCTGGGGAAACAAGGCGTCCGTGGGGCTGTGAGTACCTTGCTGCAGGCCCCAGAGCTGCCCA","23T109",1,321,"ttT/ttC","snp"
1444,"T","C",7767,493,493,"F","synonymous_variant","133M","GACCGGCCCTCCTTTGCTGAAATCCACCAAGCCTTCGAAACAATGTTCCAGGAATCCAGTATCTCAGACGAAGTGGAAAAGGAGCTGGGGAAACAAGGCGTCCGTGGGGCTGTGAGTACCTTGCTGCAGGCCC","35T97",1,321,"ttT/ttC","snp"
1463,"T","C",7133,493,493,"F","synonymous_variant","133M","AAATCCACCAAGCCTTCGAAACAATGTTCCAGGAATCCAGTATCTCAGACGAAGTGGAAAAGGAGCTGGGGAAACAAGGCGTCCGTGGGGCTGTGAGTACCTTGCTGCAGGCCCCAGAGCTGCCCACCAAGAC","16T116",1,321,"ttT/ttC","snp"
1460,"T","G",7294,497,497,"F/V","missense_variant","133M","CTGAAATCCACCAAGCCTTTGAAACAATGGTCCAGGAATCCAGTATCTCAGACGAAGTGGAAAAGGAGCTGGGGAAACAAGGCGTCCGTGGGGCTGTGAGTACCTTGCTGCAGGCCCCAGAGCTGCCCACCAA","29T103",1,3,"Ttc/Gtc","snp"
1413,"T","G",7977,497,497,"F/V","missense_variant","133M","CATGCGAGCATGTTGGCAGTGGAATCCCTCTGACCGGCCCTCCTTTGCTGAAATCCACCAAGCCTTTGAAACAATGGTCCAGGAATCCAGTATCTCAGACGAAGTGGAAAAGGAGCTGGGGAAACAAGGCGTC","76T56",1,3,"Ttc/Gtc","snp"
1443,"T","G",7746,497,497,"F/V","missense_variant","133M","TGACCGGCCCTCCTTTGCTGAAATCCACCAAGCCTTTGAAACAATGGTCCAGGAATCCAGTATCTCAGACGAAGTGGAAAAGGAGCTGGGGAAACAAGGCGTCCGTGGGGCTGTGAGTACCTTGCTGCAGGCC","46T86",1,3,"Ttc/Gtc","snp"
1369,"G","A",8028,499,499,"E/K","missense_variant","133M","CGCATGGAGCGCCCAGAAGGCTGCCCAGAGAAGGTCTATGAACTCATGCGAGCATGTTGGCAGTGGAATCCCTCTGACCGGCCCTCCTTTGCTGAAATCCACCAAGCCTTTGAAACAATGTTCCAGAAATCCA","126G6",1,2,"Gaa/Aaa","snp"
1440,"G","A",7809,499,499,"E/K","missense_variant","133M","CTCTGACCGGCCCTCCTTTGCTGAAATCCACCAAGCCTTTGAAACAATGTTCCAGAAATCCAGTATCTCAGACGAAGTGGAAAAGGAGCTGGGGAAACAAGGCGTCCGTGGGGCTGTGAGTACCTTGCTGCAG","55G77",1,2,"Gaa/Aaa","snp"
1465,"T","C",7135,502,502,"I/T","missense_variant","133M","ATCCACCAAGCCTTTGAAACAATGTTCCAGGAATCCAGTACCTCAGACGAAGTGGAAAAGGAGCTGGGGAAACAAGGCGTCCGTGGGGCTGTGAGTACCTTGCTGCAGGCCCCAGAGCTGCCCACCAAGACGA","40T92",1,1,"aTc/aCc","snp"
1496,"C","A",6348,NA,NA,"NaN","stop_gained","133M","AATCCAGTATCTAAGACGAAGTGGAAAAGGAGCTGGGGAAACAAGGCGTCCGTGGGGCTGTGAGTACCTTGCTGCAGGCCCCAGAGCTGCCCACCAAGACGAGGACCTCCAGGAGAGCTGCAGAGCACAGAGA","12C120",1,1,"NaN","snp"
1425,"G","A",7963,505,505,"E/K","missense_variant","133M","TTGGCAGTGGAATCCCTCTGACCGGCCCTCCTTTGCTGAAATCCACCAAGCCTTTGAAACAATGTTCCAGGAATCCAGTATCTCAGACAAAGTGGAAAAGGAGCTGGGGAAACAAGGCGTCCGTGGGGCTGTG","88G44",1,8,"Gaa/Aaa","snp"
1437,"G","A",7822,505,505,"E/K","missense_variant","133M","TCCCTCTGACCGGCCCTCCTTTGCTGAAATCCACCAAGCCTTTGAAACAATGTTCCAGGAATCCAGTATCTCAGACAAAGTGGAAAAGGAGCTGGGGAAACAAGGCGTCCGTGGGGCTGTGAGTACCTTGCTG","76G56",1,8,"Gaa/Aaa","snp"
1406,"G","A",8101,505,505,"E/K","missense_variant","133M","ATGAACTCATGCGAGCATGTTGGCAGTGGAATCCCTCTGACCGGCCCTCCTTTGCTGAAATCCACCAAGCCTTTGAAACAATGTTCCAGGAATCCAGTATCTCAGACAAAGTGGAAAAGGAGCTGGGGAAACA","107G25",1,8,"Gaa/Aaa","snp"
1406,"G","A",8101,505,505,"E/K","missense_variant","133M","ATGAACTCATGCGAGCATGTTGGCAGTGGAATCCCTCTGACCGGCCCTCCTTTGCTGAAATCCACCAAGCCTTTGAAACAATGTTCCAGGAATCCAGTATCTCAGACAAAGTGGAAAAGGAGCTGGGGAAACA","107G25",1,8,"Gaa/Aaa","snp"
1425,"G","A",7963,505,505,"E/K","missense_variant","133M","TTGGCAGTGGAATCCCTCTGACCGGCCCTCCTTTGCTGAAATCCACCAAGCCTTTGAAACAATGTTCCAGGAATCCAGTATCTCAGACAAAGTGGAAAAGGAGCTGGGGAAACAAGGCGTCCGTGGGGCTGTG","88G44",1,8,"Gaa/Aaa","snp"
1452,"G","A",7564,505,505,"E/K","missense_variant","133M","CTCCTTTGCTGAAATCCACCAAGCCTTTGAAACAATGTTCCAGGAATCCAGTATCTCAGACAAAGTGGAAAAGGAGCTGGGGAAACAAGGCGTCCGTGGGGCTGTGAGTACCTTGCTGCAGGCCCCAGAGCTG","61G71",1,8,"Gaa/Aaa","snp"
1420,"G","A",8116,505,505,"E/K","missense_variant","133M","GCATGTTGGCAGTGGAATCCCTCTGACCGGCCCTCCTTTGCTGAAATCCACCAAGCCTTTGAAACAATGTTCCAGGAATCCAGTATCTCAGACAAAGTGGAAAAGGAGCTGGGGAAACAAGGCGTCCGTGGGG","93G39",1,8,"Gaa/Aaa","snp"
1511,"G","A",5935,505,505,"E/K","missense_variant","133M","ACAAAGTGGAAAAGGAGCTGGGGAAACAAGGCGTCCGTGGGGCTGTGAGTACCTTGCTGCAGGCCCCAGAGCTGCCCACCAAGACGAGGACCTCCAGGAGAGCTGCAGAGCACAGAGACACCACTGACGTGCC","2G130",1,8,"Gaa/Aaa","snp"
1428,"G","A",7951,507,507,"E/K","missense_variant","133M","GCAGTGGAATCCCTCTGACCGGCCCTCCTTTGCTGAAATCCACCAAGCCTTTGAAACAATGTTCCAGGAATCCAGTATCTCAGACGAAGTGAAAAAGGAGCTGGGGAAACAAGGCGTCCGTGGGGCTGTGAGT","91G41",1,19,"Gaa/Aaa","snp"
1393,"G","A",8014,507,507,"E/K","missense_variant","133M","CCAGAGAAGGTCTATGAACTCATGCGAGCATGTTGGCAGTGGAATCCCTCTGACCGGCCCTCCTTTGCTGAAATCCACCAAGCCTTTGAAACAATGTTCCAGGAATCCAGTATCTCAGACGAAGTGAAAAAGG","126G6",1,19,"Gaa/Aaa","snp"
1488,"G","A",6567,507,507,"E/K","missense_variant","133M","GTTCCAGGAATCCAGTATCTCAGACGAAGTGAAAAAGGAGCTGGGGAAACAAGGCGTCCGTGGGGCTGTGAGTACCTTGCTGCAGGCCCCAGAGCTGCCCACCAAGACGAGGACCTCCAGGAGAGCTGCAGAG","31G101",1,19,"Gaa/Aaa","snp"
1415,"G","A",8075,507,507,"E/K","missense_variant","133M","TGCGAGCATGTTGGCAGTGGAATCCCTCTGACCGGCCCTCCTTTGCTGAAATCCACCAAGCCTTTGAAACAATGTTCCAGGAATCCAGTATCTCAGACGAAGTGAAAAAGGAGCTGGGGAAACAAGGCGTCCG","104G28",1,19,"Gaa/Aaa","snp"
1514,"G","A",5818,507,507,"E/K","missense_variant","133M","AAGTGAAAAAGGAGCTGGGGAAACAAGGCGTCCGTGGGGCTGTGAGTACCTTGCTGCAGGCCCCAGAGCTGCCCACCAAGACGAGGACCTCCAGGAGAGCTGCAGAGCACAGAGACACCACTGACGTGCCTGA","5G127",1,19,"Gaa/Aaa","snp"
1397,"G","A",7941,507,507,"E/K","missense_variant","133M","AGAAGGTCTATGAACTCATGCGAGCATGTTGGCAGTGGAATCCCTCTGACCGGCCCTCCTTTGCTGAAATCCACCAAGCCTTTGAAACAATGTTCCAGGAATCCAGTATCTCAGACGAAGTGAAAAAGGAGCT","122G10",1,19,"Gaa/Aaa","snp"
1465,"G","A",7135,507,507,"E/K","missense_variant","133M","ATCCACCAAGCCTTTGAAACAATGTTCCAGGAATCCAGTATCTCAGACGAAGTGAAAAAGGAGCTGGGGAAACAAGGCGTCCGTGGGGCTGTGAGTACCTTGCTGCAGGCCCCAGAGCTGCCCACCAAGACGA","54G78",1,19,"Gaa/Aaa","snp"
1420,"G","A",8116,507,507,"E/K","missense_variant","133M","GCATGTTGGCAGTGGAATCCCTCTGACCGGCCCTCCTTTGCTGAAATCCACCAAGCCTTTGAAACAATGTTCCAGGAATCCAGTATCTCAGACGAAGTGAAAAAGGAGCTGGGGAAACAAGGCGTCCGTGGGG","99G33",1,19,"Gaa/Aaa","snp"
1426,"G","A",7931,507,507,"E/K","missense_variant","133M","TGGCAGTGGAATCCCTCTGACCGGCCCTCCTTTGCTGAAATCCACCAAGCCTTTGAAACAATGTTCCAGGAATCCAGTATCTCAGACGAAGTGAAAAAGGAGCTGGGGAAACAAGGCGTCCGTGGGGCTGTGA","93G39",1,19,"Gaa/Aaa","snp"
1416,"G","A",8138,507,507,"E/K","missense_variant","133M","GCGAGCATGTTGGCAGTGGAATCCCTCTGACCGGCCCTCCTTTGCTGAAATCCACCAAGCCTTTGAAACAATGTTCCAGGAATCCAGTATCTCAGACGAAGTGAAAAAGGAGCTGGGGAAACAAGGCGTCCGT","103G29",1,19,"Gaa/Aaa","snp"
1445,"G","A",7780,507,507,"E/K","missense_variant","133M","ACCGGCCCTCCTTTGCTGAAATCCACCAAGCCTTTGAAACAATGTTCCAGGAATCCAGTATCTCAGACGAAGTGAAAAAGGAGCTGGGGAAACAAGGCGTCCGTGGGGCTGTGAGTACCTTGCTGCAGGCCCC","74G58",1,19,"Gaa/Aaa","snp"
1439,"G","A",7835,507,507,"E/K","missense_variant","133M","CCTCTGACCGGCCCTCCTTTGCTGAAATCCACCAAGCCTTTGAAACAATGTTCCAGGAATCCAGTATCTCAGACGAAGTGAAAAAGGAGCTGGGGAAACAAGGCGTCCGTGGGGCTGTGAGTACCTTGCTGCA","80G52",1,19,"Gaa/Aaa","snp"
1441,"G","A",7764,507,507,"E/K","missense_variant","133M","TCTGACCGGCCCTCCTTTGCTGAAATCCACCAAGCCTTTGAAACAATGTTCCAGGAATCCAGTATCTCAGACGAAGTGAAAAAGGAGCTGGGGAAACAAGGCGTCCGTGGGGCTGTGAGTACCTTGCTGCAGG","78G54",1,19,"Gaa/Aaa","snp"
1452,"G","A",7564,507,507,"E/K","missense_variant","133M","CTCCTTTGCTGAAATCCACCAAGCCTTTGAAACAATGTTCCAGGAATCCAGTATCTCAGACGAAGTGAAAAAGGAGCTGGGGAAACAAGGCGTCCGTGGGGCTGTGAGTACCTTGCTGCAGGCCCCAGAGCTG","67G65",1,19,"Gaa/Aaa","snp"
1436,"G","A",7808,507,507,"E/K","missense_variant","133M","ATCCCTCTGACCGGCCCTCCTTTGCTGAAATCCACCAAGCCTTTGAAACAATGTTCCAGGAATCCAGTATCTCAGACGAAGTGAAAAAGGAGCTGGGGAAACAAGGCGTCCGTGGGGCTGTGAGTACCTTGCT","83G49",1,19,"Gaa/Aaa","snp"
1423,"G","A",8011,507,507,"E/K","missense_variant","133M","TGTTGGCAGTGGAATCCCTCTGACCGGCCCTCCTTTGCTGAAATCCACCAAGCCTTTGAAACAATGTTCCAGGAATCCAGTATCTCAGACGAAGTGAAAAAGGAGCTGGGGAAACAAGGCGTCCGTGGGGCTG","96G36",1,19,"Gaa/Aaa","snp"
1432,"G","A",7971,507,507,"E/K","missense_variant","133M","TGGAATCCCTCTGACCGGCCCTCCTTTGCTGAAATCCACCAAGCCTTTGAAACAATGTTCCAGGAATCCAGTATCTCAGACGAAGTGAAAAAGGAGCTGGGGAAACAAGGCGTCCGTGGGGCTGTGAGTACCT","87G45",1,19,"Gaa/Aaa","snp"
1399,"G","A",8099,507,507,"E/K","missense_variant","133M","AAGGTCTATGAACTCATGCGAGCATGTTGGCAGTGGAATCCCTCTGACCGGCCCTCCTTTGCTGAAATCCACCAAGCCTTTGAAACAATGTTCCAGGAATCCAGTATCTCAGACGAAGTGAAAAAGGAGCTGG","120G12",1,19,"Gaa/Aaa","snp"
1444,"G","A",7767,507,507,"E/K","missense_variant","133M","GACCGGCCCTCCTTTGCTGAAATCCACCAAGCCTTTGAAACAATGTTCCAGGAATCCAGTATCTCAGACGAAGTGAAAAAGGAGCTGGGGAAACAAGGCGTCCGTGGGGCTGTGAGTACCTTGCTGCAGGCCC","75G57",1,19,"Gaa/Aaa","snp"
1438,"G","A",7808,508,508,"K","synonymous_variant","133M","CCCTCTGACCGGCCCTCCTTTGCTGAAATCCACCAAGCCTTTGAAACAATGTTCCAGGAATCCAGTATCTCAGACGAAGTGGAAAAAGAGCTGGGGAAACAAGGCGTCCGTGGGGCTGTGAGTACCTTGCTGC","86G46",1,5,"aaG/aaA","snp"
1394,"G","A",8003,508,508,"K","synonymous_variant","133M","CAGAGAAGGTCTATGAACTCATGCGAGCATGTTGGCAGTGGAATCCCTCTGACCGGCCCTCCTTTGCTGAAATCCACCAAGCCTTTGAAACAATGTTCCAGGAATCCAGTATCTCAGACGAAGTGGAAAAAGA","130G2",1,5,"aaG/aaA","snp"
1428,"G","A",7951,508,508,"K","synonymous_variant","133M","GCAGTGGAATCCCTCTGACCGGCCCTCCTTTGCTGAAATCCACCAAGCCTTTGAAACAATGTTCCAGGAATCCAGTATCTCAGACGAAGTGGAAAAAGAGCTGGGGAAACAAGGCGTCCGTGGGGCTGTGAGT","96G36",1,5,"aaG/aaA","snp"
1442,"G","A",7748,508,508,"K","synonymous_variant","133M","CTGACCGGCCCTCCTTTGCTGAAATCCACCAAGCCTTTGAAACAATGTTCCAGGAATCCAGTATCTCAGACGAAGTGGAAAAAGAGCTGGGGAAACAAGGCGTCCGTGGGGCTGTGAGTACCTTGCTGCAGGC","82G50",1,5,"aaG/aaA","snp"
1414,"G","A",8027,508,508,"K","synonymous_variant","133M","ATGCGAGCATGTTGGCAGTGGAATCCCTCTGACCGGCCCTCCTTTGCTGAAATCCACCAAGCCTTTGAAACAATGTTCCAGGAATCCAGTATCTCAGACGAAGTGGAAAAAGAGCTGGGGAAACAAGGCGTCC","110G22",1,5,"aaG/aaA","snp"
1502,"C","T",6168,510,510,"L","synonymous_variant","133M","GTATCTCAGACGAAGTGGAAAAGGAGTTGGGGAAACAAGGCGTCCGTGGGGCTGTGAGTACCTTGCTGCAGGCCCCAGAGCTGCCCACCAAGACGAGGACCTCCAGGAGAGCTGCAGAGCACAGAGACACCAC","26C106",1,2,"Ctg/Ttg","snp"
1417,"C","T",8181,510,510,"L","synonymous_variant","133M","CGAGCATGTTGGCAGTGGAATCCCTCTGACCGGCCCTCCTTTGCTGAAATCCACCAAGCCTTTGAAACAATGTTCCAGGAATCCAGTATCTCAGACGAAGTGGAAAAGGAGTTGGGGAAACAAGGCGTCCGTG","111C21",1,2,"Ctg/Ttg","snp"
1504,"G","A",6091,511,511,"G/R","missense_variant","133M","ATCTCAGACGAAGTGGAAAAGGAGCTGAGGAAACAAGGCGTCCGTGGGGCTGTGAGTACCTTGCTGCAGGCCCCAGAGCTGCCCACCAAGACGAGGACCTCCAGGAGAGCTGCAGAGCACAGAGACACCACTG","27G105",1,1,"Ggg/Agg","snp"
1455,"G","A",7429,511,511,"G","synonymous_variant","133M","CTTTGCTGAAATCCACCAAGCCTTTGAAACAATGTTCCAGGAATCCAGTATCTCAGACGAAGTGGAAAAGGAGCTGGGAAAACAAGGCGTCCGTGGGGCTGTGAGTACCTTGCTGCAGGCCCCAGAGCTGCCC","78G54",1,16,"ggG/ggA","snp"
1481,"G","A",6695,511,511,"G","synonymous_variant","133M","AAACAATGTTCCAGGAATCCAGTATCTCAGACGAAGTGGAAAAGGAGCTGGGAAAACAAGGCGTCCGTGGGGCTGTGAGTACCTTGCTGCAGGCCCCAGAGCTGCCCACCAAGACGAGGACCTCCAGGAGAGC","52G80",1,16,"ggG/ggA","snp"
1439,"G","A",7835,511,511,"G","synonymous_variant","133M","CCTCTGACCGGCCCTCCTTTGCTGAAATCCACCAAGCCTTTGAAACAATGTTCCAGGAATCCAGTATCTCAGACGAAGTGGAAAAGGAGCTGGGAAAACAAGGCGTCCGTGGGGCTGTGAGTACCTTGCTGCA","94G38",1,16,"ggG/ggA","snp"
1462,"G","A",7159,511,511,"G","synonymous_variant","133M","GAAATCCACCAAGCCTTTGAAACAATGTTCCAGGAATCCAGTATCTCAGACGAAGTGGAAAAGGAGCTGGGAAAACAAGGCGTCCGTGGGGCTGTGAGTACCTTGCTGCAGGCCCCAGAGCTGCCCACCAAGA","71G61",1,16,"ggG/ggA","snp"
1493,"G","A",6418,511,511,"G","synonymous_variant","133M","AGGAATCCAGTATCTCAGACGAAGTGGAAAAGGAGCTGGGAAAACAAGGCGTCCGTGGGGCTGTGAGTACCTTGCTGCAGGCCCCAGAGCTGCCCACCAAGACGAGGACCTCCAGGAGAGCTGCAGAGCACAG","40G92",1,16,"ggG/ggA","snp"
1405,"G","A",8093,511,511,"G","synonymous_variant","133M","TATGAACTCATGCGAGCATGTTGGCAGTGGAATCCCTCTGACCGGCCCTCCTTTGCTGAAATCCACCAAGCCTTTGAAACAATGTTCCAGGAATCCAGTATCTCAGACGAAGTGGAAAAGGAGCTGGGAAAAC","128G4",1,16,"ggG/ggA","snp"
1496,"G","A",6348,511,511,"G","synonymous_variant","133M","AATCCAGTATCTCAGACGAAGTGGAAAAGGAGCTGGGAAAACAAGGCGTCCGTGGGGCTGTGAGTACCTTGCTGCAGGCCCCAGAGCTGCCCACCAAGACGAGGACCTCCAGGAGAGCTGCAGAGCACAGAGA","37G95",1,16,"ggG/ggA","snp"
1451,"G","A",7607,511,511,"G","synonymous_variant","133M","CCTCCTTTGCTGAAATCCACCAAGCCTTTGAAACAATGTTCCAGGAATCCAGTATCTCAGACGAAGTGGAAAAGGAGCTGGGAAAACAAGGCGTCCGTGGGGCTGTGAGTACCTTGCTGCAGGCCCCAGAGCT","82G50",1,16,"ggG/ggA","snp"
1514,"G","A",5818,511,511,"G","synonymous_variant","133M","AAGTGGAAAAGGAGCTGGGAAAACAAGGCGTCCGTGGGGCTGTGAGTACCTTGCTGCAGGCCCCAGAGCTGCCCACCAAGACGAGGACCTCCAGGAGAGCTGCAGAGCACAGAGACACCACTGACGTGCCTGA","19G113",1,16,"ggG/ggA","snp"
1410,"G","A",8135,511,511,"G","synonymous_variant","133M","ACTCATGCGAGCATGTTGGCAGTGGAATCCCTCTGACCGGCCCTCCTTTGCTGAAATCCACCAAGCCTTTGAAACAATGTTCCAGGAATCCAGTATCTCAGACGAAGTGGAAAAGGAGCTGGGAAAACAAGGC","123G9",1,16,"ggG/ggA","snp"
1407,"G","A",8129,511,511,"G","synonymous_variant","133M","TGAACTCATGCGAGCATGTTGGCAGTGGAATCCCTCTGACCGGCCCTCCTTTGCTGAAATCCACCAAGCCTTTGAAACAATGTTCCAGGAATCCAGTATCTCAGACGAAGTGGAAAAGGAGCTGGGAAAACAA","126G6",1,16,"ggG/ggA","snp"
1437,"G","A",7822,511,511,"G","synonymous_variant","133M","TCCCTCTGACCGGCCCTCCTTTGCTGAAATCCACCAAGCCTTTGAAACAATGTTCCAGGAATCCAGTATCTCAGACGAAGTGGAAAAGGAGCTGGGAAAACAAGGCGTCCGTGGGGCTGTGAGTACCTTGCTG","96G36",1,16,"ggG/ggA","snp"
1404,"G","A",8108,511,511,"G","synonymous_variant","133M","CTATGAACTCATGCGAGCATGTTGGCAGTGGAATCCCTCTGACCGGCCCTCCTTTGCTGAAATCCACCAAGCCTTTGAAACAATGTTCCAGGAATCCAGTATCTCAGACGAAGTGGAAAAGGAGCTGGGAAAA","129G3",1,16,"ggG/ggA","snp"
1412,"G","A",8037,511,511,"G","synonymous_variant","133M","TCATGCGAGCATGTTGGCAGTGGAATCCCTCTGACCGGCCCTCCTTTGCTGAAATCCACCAAGCCTTTGAAACAATGTTCCAGGAATCCAGTATCTCAGACGAAGTGGAAAAGGAGCTGGGAAAACAAGGCGT","121G11",1,16,"ggG/ggA","snp"
1462,"G","A",7159,511,511,"G","synonymous_variant","133M","GAAATCCACCAAGCCTTTGAAACAATGTTCCAGGAATCCAGTATCTCAGACGAAGTGGAAAAGGAGCTGGGAAAACAAGGCGTCCGTGGGGCTGTGAGTACCTTGCTGCAGGCCCCAGAGCTGCCCACCAAGA","71G61",1,16,"ggG/ggA","snp"
1444,"G","A",7767,511,511,"G","synonymous_variant","133M","GACCGGCCCTCCTTTGCTGAAATCCACCAAGCCTTTGAAACAATGTTCCAGGAATCCAGTATCTCAGACGAAGTGGAAAAGGAGCTGGGAAAACAAGGCGTCCGTGGGGCTGTGAGTACCTTGCTGCAGGCCC","89G43",1,16,"ggG/ggA","snp"
1431,"G","A",7948,518,518,"A/T","missense_variant","133M","GTGGAATCCCTCTGACCGGCCCTCCTTTGCTGAAATCCACCAAGCCTTTGAAACAATGTTCCAGGAATCCAGTATCTCAGACGAAGTGGAAAAGGAGCTGGGGAAACAAGGCGTCCGTGGGACTGTGAGTACC","121G11",1,6,"Gct/Act","snp"
1505,"G","A",6101,518,518,"A/T","missense_variant","133M","TCTCAGACGAAGTGGAAAAGGAGCTGGGGAAACAAGGCGTCCGTGGGACTGTGAGTACCTTGCTGCAGGCCCCAGAGCTGCCCACCAAGACGAGGACCTCCAGGAGAGCTGCAGAGCACAGAGACACCACTGA","47G85",1,6,"Gct/Act","snp"
1445,"G","A",7780,518,518,"A/T","missense_variant","133M","ACCGGCCCTCCTTTGCTGAAATCCACCAAGCCTTTGAAACAATGTTCCAGGAATCCAGTATCTCAGACGAAGTGGAAAAGGAGCTGGGGAAACAAGGCGTCCGTGGGACTGTGAGTACCTTGCTGCAGGCCCC","107G25",1,6,"Gct/Act","snp"
1517,"G","A",5690,518,518,"A/T","missense_variant","133M","TGGAAAAGGAGCTGGGGAAACAAGGCGTCCGTGGGACTGTGAGTACCTTGCTGCAGGCCCCAGAGCTGCCCACCAAGACGAGGACCTCCAGGAGAGCTGCAGAGCACAGAGACACCACTGACGTGCCTGAGAT","35G97",1,6,"Gct/Act","snp"
1427,"G","A",7971,518,518,"A/T","missense_variant","133M","GGCAGTGGAATCCCTCTGACCGGCCCTCCTTTGCTGAAATCCACCAAGCCTTTGAAACAATGTTCCAGGAATCCAGTATCTCAGACGAAGTGGAAAAGGAGCTGGGGAAACAAGGCGTCCGTGGGACTGTGAG","125G7",1,6,"Gct/Act","snp"
1424,"G","A",8003,518,518,"A/T","missense_variant","133M","GTTGGCAGTGGAATCCCTCTGACCGGCCCTCCTTTGCTGAAATCCACCAAGCCTTTGAAACAATGTTCCAGGAATCCAGTATCTCAGACGAAGTGGAAAAGGAGCTGGGGAAACAAGGCGTCCGTGGGACTGT","128G4",1,6,"Gct/Act","snp"
1479,"T","C",6695,518,518,"A","synonymous_variant","133M","TGAAACAATGTTCCAGGAATCCAGTATCTCAGACGAAGTGGAAAAGGAGCTGGGGAAACAAGGCGTCCGTGGGGCCGTGAGTACCTTGCTGCAGGCCCCAGAGCTGCCCACCAAGACGAGGACCTCCAGGAGA","75T57",1,39,"gcT/gcC","snp"
1427,"T","C",7971,518,518,"A","synonymous_variant","133M","GGCAGTGGAATCCCTCTGACCGGCCCTCCTTTGCTGAAATCCACCAAGCCTTTGAAACAATGTTCCAGGAATCCAGTATCTCAGACGAAGTGGAAAAGGAGCTGGGGAAACAAGGCGTCCGTGGGGCCGTGAG","127T5",1,39,"gcT/gcC","snp"
1453,"T","C",7499,518,518,"A","synonymous_variant","133M","TCCTTTGCTGAAATCCACCAAGCCTTTGAAACAATGTTCCAGGAATCCAGTATCTCAGACGAAGTGGAAAAGGAGCTGGGGAAACAAGGCGTCCGTGGGGCCGTGAGTACCTTGCTGCAGGCCCCAGAGCTGC","101T31",1,39,"gcT/gcC","snp"
1429,"T","C",7920,518,518,"A","synonymous_variant","133M","CAGTGGAATCCCTCTGACCGGCCCTCCTTTGCTGAAATCCACCAAGCCTTTGAAACAATGTTCCAGGAATCCAGTATCTCAGACGAAGTGGAAAAGGAGCTGGGGAAACAAGGCGTCCGTGGGGCCGTGAGTA","125T7",1,39,"gcT/gcC","snp"
1442,"T","C",7748,518,518,"A","synonymous_variant","133M","CTGACCGGCCCTCCTTTGCTGAAATCCACCAAGCCTTTGAAACAATGTTCCAGGAATCCAGTATCTCAGACGAAGTGGAAAAGGAGCTGGGGAAACAAGGCGTCCGTGGGGCCGTGAGTACCTTGCTGCAGGC","112T20",1,39,"gcT/gcC","snp"
1427,"T","C",7971,518,518,"A","synonymous_variant","133M","GGCAGTGGAATCCCTCTGACCGGCCCTCCTTTGCTGAAATCCACCAAGCCTTTGAAACAATGTTCCAGGAATCCAGTATCTCAGACGAAGTGGAAAAGGAGCTGGGGAAACAAGGCGTCCGTGGGGCCGTGAG","127T5",1,39,"gcT/gcC","snp"
1440,"T","C",7809,518,518,"A","synonymous_variant","133M","CTCTGACCGGCCCTCCTTTGCTGAAATCCACCAAGCCTTTGAAACAATGTTCCAGGAATCCAGTATCTCAGACGAAGTGGAAAAGGAGCTGGGGAAACAAGGCGTCCGTGGGGCCGTGAGTACCTTGCTGCAG","114T18",1,39,"gcT/gcC","snp"
1438,"T","C",7808,518,518,"A","synonymous_variant","133M","CCCTCTGACCGGCCCTCCTTTGCTGAAATCCACCAAGCCTTTGAAACAATGTTCCAGGAATCCAGTATCTCAGACGAAGTGGAAAAGGAGCTGGGGAAACAAGGCGTCCGTGGGGCCGTGAGTACCTTGCTGC","116T16",1,39,"gcT/gcC","snp"
1425,"T","C",7963,518,518,"A","synonymous_variant","133M","TTGGCAGTGGAATCCCTCTGACCGGCCCTCCTTTGCTGAAATCCACCAAGCCTTTGAAACAATGTTCCAGGAATCCAGTATCTCAGACGAAGTGGAAAAGGAGCTGGGGAAACAAGGCGTCCGTGGGGCCGTG","129T3",1,39,"gcT/gcC","snp"
1450,"T","C",7673,518,518,"A","synonymous_variant","133M","CCCTCCTTTGCTGAAATCCACCAAGCCTTTGAAACAATGTTCCAGGAATCCAGTATCTCAGACGAAGTGGAAAAGGAGCTGGGGAAACAAGGCGTCCGTGGGGCCGTGAGTACCTTGCTGCAGGCCCCAGAGC","104T28",1,39,"gcT/gcC","snp"
1444,"T","C",7767,518,518,"A","synonymous_variant","133M","GACCGGCCCTCCTTTGCTGAAATCCACCAAGCCTTTGAAACAATGTTCCAGGAATCCAGTATCTCAGACGAAGTGGAAAAGGAGCTGGGGAAACAAGGCGTCCGTGGGGCCGTGAGTACCTTGCTGCAGGCCC","110T22",1,39,"gcT/gcC","snp"
1429,"T","C",7920,518,518,"A","synonymous_variant","133M","CAGTGGAATCCCTCTGACCGGCCCTCCTTTGCTGAAATCCACCAAGCCTTTGAAACAATGTTCCAGGAATCCAGTATCTCAGACGAAGTGGAAAAGGAGCTGGGGAAACAAGGCGTCCGTGGGGCCGTGAGTA","125T7",1,39,"gcT/gcC","snp"
1457,"T","C",7432,518,518,"A","synonymous_variant","133M","TTGCTGAAATCCACCAAGCCTTTGAAACAATGTTCCAGGAATCCAGTATCTCAGACGAAGTGGAAAAGGAGCTGGGGAAACAAGGCGTCCGTGGGGCCGTGAGTACCTTGCTGCAGGCCCCAGAGCTGCCCAC","97T35",1,39,"gcT/gcC","snp"
1473,"T","C",6910,518,518,"A","synonymous_variant","133M","AGCCTTTGAAACAATGTTCCAGGAATCCAGTATCTCAGACGAAGTGGAAAAGGAGCTGGGGAAACAAGGCGTCCGTGGGGCCGTGAGTACCTTGCTGCAGGCCCCAGAGCTGCCCACCAAGACGAGGACCTCC","81T51",1,39,"gcT/gcC","snp"
1432,"T","C",7971,518,518,"A","synonymous_variant","133M","TGGAATCCCTCTGACCGGCCCTCCTTTGCTGAAATCCACCAAGCCTTTGAAACAATGTTCCAGGAATCCAGTATCTCAGACGAAGTGGAAAAGGAGCTGGGGAAACAAGGCGTCCGTGGGGCCGTGAGTACCT","122T10",1,39,"gcT/gcC","snp"
1436,"T","C",7808,518,518,"A","synonymous_variant","133M","ATCCCTCTGACCGGCCCTCCTTTGCTGAAATCCACCAAGCCTTTGAAACAATGTTCCAGGAATCCAGTATCTCAGACGAAGTGGAAAAGGAGCTGGGGAAACAAGGCGTCCGTGGGGCCGTGAGTACCTTGCT","118T14",1,39,"gcT/gcC","snp"
1456,"T","C",7476,518,518,"A","synonymous_variant","133M","TTTGCTGAAATCCACCAAGCCTTTGAAACAATGTTCCAGGAATCCAGTATCTCAGACGAAGTGGAAAAGGAGCTGGGGAAACAAGGCGTCCGTGGGGCCGTGAGTACCTTGCTGCAGGCCCCAGAGCTGCCCA","98T34",1,39,"gcT/gcC","snp"
1431,"T","C",7948,518,518,"A","synonymous_variant","133M","GTGGAATCCCTCTGACCGGCCCTCCTTTGCTGAAATCCACCAAGCCTTTGAAACAATGTTCCAGGAATCCAGTATCTCAGACGAAGTGGAAAAGGAGCTGGGGAAACAAGGCGTCCGTGGGGCCGTGAGTACC","123T9",1,39,"gcT/gcC","snp"
1433,"T","C",7933,518,518,"A","synonymous_variant","133M","GGAATCCCTCTGACCGGCCCTCCTTTGCTGAAATCCACCAAGCCTTTGAAACAATGTTCCAGGAATCCAGTATCTCAGACGAAGTGGAAAAGGAGCTGGGGAAACAAGGCGTCCGTGGGGCCGTGAGTACCTT","121T11",1,39,"gcT/gcC","snp"
1477,"T","C",6726,518,518,"A","synonymous_variant","133M","TTTGAAACAATGTTCCAGGAATCCAGTATCTCAGACGAAGTGGAAAAGGAGCTGGGGAAACAAGGCGTCCGTGGGGCCGTGAGTACCTTGCTGCAGGCCCCAGAGCTGCCCACCAAGACGAGGACCTCCAGGA","77T55",1,39,"gcT/gcC","snp"
1478,"T","C",6720,518,518,"A","synonymous_variant","133M","TTGAAACAATGTTCCAGGAATCCAGTATCTCAGACGAAGTGGAAAAGGAGCTGGGGAAACAAGGCGTCCGTGGGGCCGTGAGTACCTTGCTGCAGGCCCCAGAGCTGCCCACCAAGACGAGGACCTCCAGGAG","76T56",1,39,"gcT/gcC","snp"
1478,"T","C",6720,518,518,"A","synonymous_variant","133M","TTGAAACAATGTTCCAGGAATCCAGTATCTCAGACGAAGTGGAAAAGGAGCTGGGGAAACAAGGCGTCCGTGGGGCCGTGAGTACCTTGCTGCAGGCCCCAGAGCTGCCCACCAAGACGAGGACCTCCAGGAG","76T56",1,39,"gcT/gcC","snp"
1437,"T","C",7822,518,518,"A","synonymous_variant","133M","TCCCTCTGACCGGCCCTCCTTTGCTGAAATCCACCAAGCCTTTGAAACAATGTTCCAGGAATCCAGTATCTCAGACGAAGTGGAAAAGGAGCTGGGGAAACAAGGCGTCCGTGGGGCCGTGAGTACCTTGCTG","117T15",1,39,"gcT/gcC","snp"
1480,"T","C",6691,518,518,"A","synonymous_variant","127M6S","GAAACAATGTTCCAGGAATCCAGTATCTCAGACGAAGTGGAAAAGGAGCTGGGGAAACAAGGCGTCCGTGGGGCCGTGAGTACCTTGCTGCAGGCCCCAGAGCTGCCCACCAAGACGAGGACCTCCAACACGA","74T52",1,39,"gcT/gcC","snp"
1507,"T","C",6067,518,518,"A","synonymous_variant","133M","TCAGACGAAGTGGAAAAGGAGCTGGGGAAACAAGGCGTCCGTGGGGCCGTGAGTACCTTGCTGCAGGCCCCAGAGCTGCCCACCAAGACGAGGACCTCCAGGAGAGCTGCAGAGCACAGAGACACCACTGACG","47T85",1,39,"gcT/gcC","snp"
1428,"T","C",7951,518,518,"A","synonymous_variant","133M","GCAGTGGAATCCCTCTGACCGGCCCTCCTTTGCTGAAATCCACCAAGCCTTTGAAACAATGTTCCAGGAATCCAGTATCTCAGACGAAGTGGAAAAGGAGCTGGGGAAACAAGGCGTCCGTGGGGCCGTGAGT","126T6",1,39,"gcT/gcC","snp"
1509,"T","C",6008,518,518,"A","synonymous_variant","133M","AGACGAAGTGGAAAAGGAGCTGGGGAAACAAGGCGTCCGTGGGGCCGTGAGTACCTTGCTGCAGGCCCCAGAGCTGCCCACCAAGACGAGGACCTCCAGGAGAGCTGCAGAGCACAGAGACACCACTGACGTG","45T87",1,39,"gcT/gcC","snp"
1444,"T","C",7767,518,518,"A","synonymous_variant","133M","GACCGGCCCTCCTTTGCTGAAATCCACCAAGCCTTTGAAACAATGTTCCAGGAATCCAGTATCTCAGACGAAGTGGAAAAGGAGCTGGGGAAACAAGGCGTCCGTGGGGCCGTGAGTACCTTGCTGCAGGCCC","110T22",1,39,"gcT/gcC","snp"
1488,"T","C",6567,518,518,"A","synonymous_variant","133M","GTTCCAGGAATCCAGTATCTCAGACGAAGTGGAAAAGGAGCTGGGGAAACAAGGCGTCCGTGGGGCCGTGAGTACCTTGCTGCAGGCCCCAGAGCTGCCCACCAAGACGAGGACCTCCAGGAGAGCTGCAGAG","66T66",1,39,"gcT/gcC","snp"
1519,"T","C",5594,518,518,"A","synonymous_variant","133M","GAAAAGGAGCTGGGGAAACAAGGCGTCCGTGGGGCCGTGAGTACCTTGCTGCAGGCCCCAGAGCTGCCCACCAAGACGAGGACCTCCAGGAGAGCTGCAGAGCACAGAGACACCACTGACGTGCCTGAGATGC","35T97",1,39,"gcT/gcC","snp"
1441,"T","C",7764,518,518,"A","synonymous_variant","133M","TCTGACCGGCCCTCCTTTGCTGAAATCCACCAAGCCTTTGAAACAATGTTCCAGGAATCCAGTATCTCAGACGAAGTGGAAAAGGAGCTGGGGAAACAAGGCGTCCGTGGGGCCGTGAGTACCTTGCTGCAGG","113T19",1,39,"gcT/gcC","snp"
1462,"T","C",7159,518,518,"A","synonymous_variant","133M","GAAATCCACCAAGCCTTTGAAACAATGTTCCAGGAATCCAGTATCTCAGACGAAGTGGAAAAGGAGCTGGGGAAACAAGGCGTCCGTGGGGCCGTGAGTACCTTGCTGCAGGCCCCAGAGCTGCCCACCAAGA","92T40",1,39,"gcT/gcC","snp"
1468,"T","C",7009,518,518,"A","synonymous_variant","133M","CACCAAGCCTTTGAAACAATGTTCCAGGAATCCAGTATCTCAGACGAAGTGGAAAAGGAGCTGGGGAAACAAGGCGTCCGTGGGGCCGTGAGTACCTTGCTGCAGGCCCCAGAGCTGCCCACCAAGACGAGGA","86T46",1,39,"gcT/gcC","snp"
1512,"T","C",5907,518,518,"A","synonymous_variant","133M","CGAAGTGGAAAAGGAGCTGGGGAAACAAGGCGTCCGTGGGGCCGTGAGTACCTTGCTGCAGGCCCCAGAGCTGCCCACCAAGACGAGGACCTCCAGGAGAGCTGCAGAGCACAGAGACACCACTGACGTGCCT","42T90",1,39,"gcT/gcC","snp"
1502,"T","C",6168,518,518,"A","synonymous_variant","133M","GTATCTCAGACGAAGTGGAAAAGGAGCTGGGGAAACAAGGCGTCCGTGGGGCCGTGAGTACCTTGCTGCAGGCCCCAGAGCTGCCCACCAAGACGAGGACCTCCAGGAGAGCTGCAGAGCACAGAGACACCAC","52T80",1,39,"gcT/gcC","snp"
1520,"T","C",5568,518,518,"A","synonymous_variant","133M","AAAAGGAGCTGGGGAAACAAGGCGTCCGTGGGGCCGTGAGTACCTTGCTGCAGGCCCCAGAGCTGCCCACCAAGACGAGGACCTCCAGGAGAGCTGCAGAGCACAGAGACACCACTGACGTGCCTGAGATGCC","34T98",1,39,"gcT/gcC","snp"
1521,"T","C",5532,518,518,"A","synonymous_variant","133M","AAAGGAGCTGGGGAAACAAGGCGTCCGTGGGGCCGTGAGTACCTTGCTGCAGGCCCCAGAGCTGCCCACCAAGACGAGGACCTCCAGGAGAGCTGCAGAGCACAGAGACACCACTGACGTGCCTGAGATGCCT","33T99",1,39,"gcT/gcC","snp"
1467,"T","C",7022,518,518,"A","synonymous_variant","133M","CCACCAAGCCTTTGAAACAATGTTCCAGGAATCCAGTATCTCAGACGAAGTGGAAAAGGAGCTGGGGAAACAAGGCGTCCGTGGGGCCGTGAGTACCTTGCTGCAGGCCCCAGAGCTGCCCACCAAGACGAGG","87T45",1,39,"gcT/gcC","snp"
1487,"T","C",6559,518,518,"A","synonymous_variant","133M","TGTTCCAGGAATCCAGTATCTCAGACGAAGTGGAAAAGGAGCTGGGGAAACAAGGCGTCCGTGGGGCCGTGAGTACCTTGCTGCAGGCCCCAGAGCTGCCCACCAAGACGAGGACCTCCAGGAGAGCTGCAGA","67T65",1,39,"gcT/gcC","snp"
1446,"G","A",7758,519,519,"V/M","missense_variant","133M","CCGGCCCTCCTTTGCTGAAATCCACCAAGCCTTTGAAACAATGTTCCAGGAATCCAGTATCTCAGACGAAGTGGAAAAGGAGCTGGGGAAACAAGGCGTCCGTGGGGCTATGAGTACCTTGCTGCAGGCCCCA","109G23",1,1,"Gtg/Atg","snp"
1497,"G","A",6318,522,522,"L","synonymous_variant","133M","ATCCAGTATCTCAGACGAAGTGGAAAAGGAGCTGGGGAAACAAGGCGTCCGTGGGGCTGTGAGTACCTTACTGCAGGCCCCAGAGCTGCCCACCAAGACGAGGACCTCCAGGAGAGCTGCAGAGCACAGAGAC","69G63",1,1,"ttG/ttA","snp"
1485,"G","A",6602,524,524,"Q","synonymous_variant","133M","AATGTTCCAGGAATCCAGTATCTCAGACGAAGTGGAAAAGGAGCTGGGGAAACAAGGCGTCCGTGGGGCTGTGAGTACCTTGCTGCAAGCCCCAGAGCTGCCCACCAAGACGAGGACCTCCAGGAGAGCTGCA","87G45",1,3,"caG/caA","snp"
1516,"G","A",5716,524,524,"Q","synonymous_variant","133M","GTGGAAAAGGAGCTGGGGAAACAAGGCGTCCGTGGGGCTGTGAGTACCTTGCTGCAAGCCCCAGAGCTGCCCACCAAGACGAGGACCTCCAGGAGAGCTGCAGAGCACAGAGACACCACTGACGTGCCTGAGA","56G76",1,3,"caG/caA","snp"
1448,"G","A",7711,524,524,"Q","synonymous_variant","133M","GGCCCTCCTTTGCTGAAATCCACCAAGCCTTTGAAACAATGTTCCAGGAATCCAGTATCTCAGACGAAGTGGAAAAGGAGCTGGGGAAACAAGGCGTCCGTGGGGCTGTGAGTACCTTGCTGCAAGCCCCAGA","124G8",1,3,"caG/caA","snp"
1485,"C","T",6602,535,535,"S/F","missense_variant","133M","AATGTTCCAGGAATCCAGTATCTCAGACGAAGTGGAAAAGGAGCTGGGGAAACAAGGCGTCCGTGGGGCTGTGAGTACCTTGCTGCAGGCCCCAGAGCTGCCCACCAAGACGAGGACCTTCAGGAGAGCTGCA","119C13",1,1,"tCc/tTc","snp"
1521,"T","C",5532,545,545,"T","synonymous_variant","133M","AAAGGAGCTGGGGAAACAAGGCGTCCGTGGGGCTGTGAGTACCTTGCTGCAGGCCCCAGAGCTGCCCACCAAGACGAGGACCTCCAGGAGAGCTGCAGAGCACAGAGACACCACCGACGTGCCTGAGATGCCT","114T18",1,1,"acT/acC","snp"
1607,"G","A",1716,549,549,"E/K","missense_variant","133M","GGAGAGCTGCAGAGCACAGAGACACCACTGACGTGCCTAAGATGCCTCACTCCAAGGGCCAGGGAGAGAGCGATCCTCTGGACCATGAGCCTGCCGTGTCTCCATTGCTCCCTCGAAAAGAGCGAGGTCCCCC","38G94",1,1,"Gag/Aag","snp"
462,"C","T",74,178,178,"T/I","missense_variant","133M","TGAGAGCAGTCCTGGCCAGAGGTCCATCTCGCTGAGATACGAAGGGAGGGTGTACCATTACAGGATCAACATTGCTTCTGATGGCAAGCTCTACGTCTCCTCCGAGAGCCGCTTCAACACCCTGGCCGAGTTG","71C61",1,1,"aCt/aTt","snp"
476,"G","A",97,196,196,"A/T","missense_variant","133M","GCCAGAGGTCCATCTCGCTGAGATACGAAGGGAGGGTGTACCATTACAGGATCAACACTGCTTCTGATGGCAAGCTCTACGTCTCCTCCGAGAGCCGCTTCAACACCCTGACCGAGTTGGTTCATCATCATTC","110G22",1,6,"Gcc/Acc","snp"
507,"G","A",167,196,196,"A/T","missense_variant","133M","GAGGGTGTACCATTACAGGATCAACACTGCTTCTGATGGCAAGCTCTACGTCTCCTCCGAGAGCCGCTTCAACACCCTGACCGAGTTGGTTCATCATCATTCAACGGTGGCCGACGGGCTCATCACCACGCTC","79G53",1,6,"Gcc/Acc","snp"
539,"G","A",289,196,196,"A/T","missense_variant","133M","CTGATGGCAAGCTCTACGTCTCCTCCGAGAGCCGCTTCAACACCCTGACCGAGTTGGTTCATCATCATTCAACGGTGGCCGACGGGCTCATCACCACGCTCCATTATCCAGCCCCAAAGCGCAACAAGCCCAC","47G85",1,6,"Gcc/Acc","snp"
563,"G","A",419,196,196,"A/T","missense_variant","133M","CCGAGAGCCGCTTCAACACCCTGACCGAGTTGGTTCATCATCATTCAACGGTGGCCGACGGGCTCATCACCACGCTCCATTATCCAGCCCCAAAGCGCAACAAGCCCACTGTCTATGGTGTGTCCCCCAACTA","23G109",1,6,"Gcc/Acc","snp"
567,"G","A",445,196,196,"A/T","missense_variant","133M","GAGCCGCTTCAACACCCTGACCGAGTTGGTTCATCATCATTCAACGGTGGCCGACGGGCTCATCACCACGCTCCATTATCCAGCCCCAAAGCGCAACAAGCCCACTGTCTATGGTGTGTCCCCCAACTACGAC","19G113",1,6,"Gcc/Acc","snp"
580,"G","A",623,196,196,"A/T","missense_variant","133M","ACCCTGACCGAGTTGGTTCATCATCATTCAACGGTGGCCGACGGGCTCATCACCACGCTCCATTATCCAGCCCCAAAGCGCAACAAGCCCACTGTCTATGGTGTGTCCCCCAACTACGACAAGTGGGAGATGG","6G126",1,6,"Gcc/Acc","snp"
587,"C","T",861,203,203,"S/L","missense_variant","133M","CCGAGTTGGTTCATCATCATTTAACGGTGGCCGACGGGCTCATCACCACGCTCCATTATCCAGCCCCAAAGCGCAACAAGCCCACTGTCTATGGTGTGTCCCCCAACTACGACAAGTGGGAGATGGAACGCAC","21C111",1,1,"tCa/tTa","snp"
570,"C","A",470,230,230,"P/H","missense_variant","133M","CCGCTTCAACACCCTGGCCGAGTTGGTTCATCATCATTCAACGGTGGCCGACGGGCTCATCACCACGCTCCATTATCCAGCCCCAAAGCGCAACAAGCCCACTGTCTATGGTGTGTCCCACAACTACGACAAG","119C13",1,1,"cCc/cAc","snp"
668,"G","A",2179,236,236,"E","synonymous_variant","133M","CCACTGTCTATGGTGTGTCCCCCAACTACGACAAGTGGGAAATGGAACGCACGGACATCACCATGAAGCACAAGCTGGGCGGGGGCCAGTACGGGGAGGTGTACGAGGGCGTGTGGAAGAAATACAGCCTGAC","40G92",1,1,"gaG/gaA","snp"
617,"G","A",1604,237,237,"M/I","missense_variant","133M","CCGACGGGCTCATCACCACGCTCCATTATCCAGCCCCAAAGCGCAACAAGCCCACTGTCTATGGTGTGTCCCCCAACTACGACAAGTGGGAGATAGAACGCACGGACATCACCATGAAGCACAAGCTGGGCGG","94G38",1,1,"atG/atA","snp"
622,"G","A",1650,238,238,"E/K","missense_variant","133M","GGGCTCATCACCACGCTCCATTATCCAGCCCCAAAGCGCAACAAGCCCACTGTCTATGGTGTGTCCCCCAACTACGACAAGTGGGAGATGAAACGCACGGACATCACCATGAAGCACAAGCTGGGCGGGGGCC","90G42",1,1,"Gaa/Aaa","snp"
598,"G","A",1186,241,241,"D/N","missense_variant","133M","CATCATCATTCAACGGTGGCCGACGGGCTCATCACCACGCTCCATTATCCAGCCCCAAAGCGCAACAAGCCCACTGTCTATGGTGTGTCCCCCAACTACGACAAGTGGGAGATGGAACGCACGAACATCACCA","123G9",1,1,"Gac/Aac","snp"
634,"C","T",1875,243,243,"T/I","missense_variant","133M","ACGCTCCATTATCCAGCCCCAAAGCGCAACAAGCCCACTGTCTATGGTGTGTCCCCCAACTACGACAAGTGGGAGATGGAACGCACGGACATCATCATGAAGCACAAGCTGGGCGGGGGCCAGTACGGGGAGG","94C38",1,1,"aCc/aTc","snp"
606,"G","C",1395,244,244,"M/I","missense_variant","133M","TTCAACGGTGGCCGACGGGCTCATCACCACGCTCCATTATCCAGCCCCAAAGCGCAACAAGCCCACTGTCTATGGTGTGTCCCCCAACTACGACAAGTGGGAGATGGAACGCACGGACATCACCATCAAGCAC","126G6",1,1,"atG/atC","snp"
693,"G","A",2284,245,245,"K","synonymous_variant","133M","CTACGACAAGTGGGAGATGGAACGCACGGACATCACCATGAAACACAAGCTGGGCGGGGGCCAGTACGGGGAGGTGTACGAGGGCGTGTGGAAGAAATACAGCCTGACGGTGGCCGTGAAGACCTTGAAGGAG","42G90",1,1,"aaG/aaA","snp"
683,"G","C",2276,245,245,"K/N","missense_variant","133M","TGTCCCCCAACTACGACAAGTGGGAGATGGAACGCACGGACATCACCATGAACCACAAGCTGGGCGGGGGCCAGTACGGGGAGGTGTACGAGGGCGTGTGGAAGAAATACAGCCTGACGGTGGCCGTGAAGAC","52G80",1,1,"aaG/aaC","snp"
727,"C","G",2168,246,246,"H/Q","missense_variant","133M","ACCATGAAGCAGAAGCTGGGCGGGGGCCAGTACGGGGAGGTGTACGAGGGCGTGTGGAAGAAATACAGCCTGACGGTGGCCGTGAAGACCTTGAAGGAGGACACCATGGAGGTGGAAGAGTTCTTGAAAGAAG","11C121",1,1,"caC/caG","snp"
730,"C","G",2150,248,248,"L/V","missense_variant","133M","ATGAAGCACAAGGTGGGCGGGGGCCAGTACGGGGAGGTGTACGAGGGCGTGTGGAAGAAATACAGCCTGACGGTGGCCGTGAAGACCTTGAAGGAGGACACCATGGAGGTGGAAGAGTTCTTGAAAGAAGCTG","12C120",1,1,"Ctg/Gtg","snp"
635,"G","A",1899,250,250,"G/E","missense_variant","133M","CGCTCCATTATCCAGCCCCAAAGCGCAACAAGCCCACTGTCTATGGTGTGTCCCCCAACTACGACAAGTGGGAGATGGAACGCACGGACATCACCATGAAGCACAAGCTGGGCGAGGGCCAGTACGGGGAGGT","114G18",1,2,"gGg/gAg","snp"
638,"G","A",1933,250,250,"G/E","missense_variant","133M","TCCATTATCCAGCCCCAAAGCGCAACAAGCCCACTGTCTATGGTGTGTCCCCCAACTACGACAAGTGGGAGATGGAACGCACGGACATCACCATGAAGCACAAGCTGGGCGAGGGCCAGTACGGGGAGGTGTA","111G21",1,2,"gGg/gAg","snp"
651,"G","T",2044,250,250,"G/V","missense_variant","133M","CCCAAAGCGCAACAAGCCCACTGTCTATGGTGTGTCCCCCAACTACGACAAGTGGGAGATGGAACGCACGGACATCACCATGAAGCACAAGCTGGGCGTGGGCCAGTACGGGGAGGTGTACGAGGGCGTGTGG","98G34",1,1,"gGg/gTg","snp"
632,"C","A",1845,252,252,"Q/K","missense_variant","133M","CCACGCTCCATTATCCAGCCCCAAAGCGCAACAAGCCCACTGTCTATGGTGTGTCCCCCAACTACGACAAGTGGGAGATGGAACGCACGGACATCACCATGAAGCACAAGCTGGGCGGGGGCAAGTACGGGGA","122C10",1,1,"Cag/Aag","snp"
679,"A","T",2255,253,253,"Y/F","missense_variant","133M","GGTGTGTCCCCCAACTACGACAAGTGGGAGATGGAACGCACGGACATCACCATGAAGCACAAGCTGGGCGGGGGCCAGTTCGGGGAGGTGTACGAGGGCGTGTGGAAGAAATACAGCCTGACGGTGGCCGTGA","79A53",1,1,"tAc/tTc","snp"
638,"G","A",1933,254,254,"G","synonymous_variant","133M","TCCATTATCCAGCCCCAAAGCGCAACAAGCCCACTGTCTATGGTGTGTCCCCCAACTACGACAAGTGGGAGATGGAACGCACGGACATCACCATGAAGCACAAGCTGGGCGGGGGCCAGTACGGAGAGGTGTA","124G8",1,8,"ggG/ggA","snp"
643,"G","A",1990,254,254,"G","synonymous_variant","133M","TATCCAGCCCCAAAGCGCAACAAGCCCACTGTCTATGGTGTGTCCCCCAACTACGACAAGTGGGAGATGGAACGCACGGACATCACCATGAAGCACAAGCTGGGCGGGGGCCAGTACGGAGAGGTGTACGAGG","119G13",1,8,"ggG/ggA","snp"
643,"G","A",1990,254,254,"G","synonymous_variant","133M","TATCCAGCCCCAAAGCGCAACAAGCCCACTGTCTATGGTGTGTCCCCCAACTACGACAAGTGGGAGATGGAACGCACGGACATCACCATGAAGCACAAGCTGGGCGGGGGCCAGTACGGAGAGGTGTACGAGG","119G13",1,8,"ggG/ggA","snp"
732,"G","A",2106,254,254,"G","synonymous_variant","133M","GAAGCACAAGCTGGGCGGGGGCCAGTACGGAGAGGTGTACGAGGGCGTGTGGAAGAAATACAGCCTGACGGTGGCCGTGAAGACCTTGAAGGAGGACACCATGGAGGTGGAAGAGTTCTTGAAAGAAGCTGCA","30G102",1,8,"ggG/ggA","snp"
652,"G","A",2051,254,254,"G","synonymous_variant","133M","CCAAAGCGCAACAAGCCCACTGTCTATGGTGTGTCCCCCAACTACGACAAGTGGGAGATGGAACGCACGGACATCACCATGAAGCACAAGCTGGGCGGGGGCCAGTACGGAGAGGTGTACGAGGGCGTGTGGA","110G22",1,8,"ggG/ggA","snp"
720,"G","A",2269,254,254,"G","synonymous_variant","133M","GGACATCACCATGAAGCACAAGCTGGGCGGGGGCCAGTACGGAGAGGTGTACGAGGGCGTGTGGAAGAAATACAGCCTGACGGTGGCCGTGAAGACCTTGAAGGAGGACACCATGGAGGTGGAAGAGTTCTTG","42G90",1,8,"ggG/ggA","snp"
685,"G","A",2274,254,254,"G","synonymous_variant","132M","TCCCCCAACTACGACAAGTGGGAGATGGAACGCACGGACATCACCATGAAGCACAAGCTGGGCGGGGGCCAGTACGGAGAGGTGTACGAGGGCGTGTGGAAGAAATACAGCCTGACGGTGGCCGTGAAGACC","77G54",1,8,"ggG/ggA","snp"
760,"G","A",2113,254,254,"G","synonymous_variant","133M","GGAGAGGTGTACGAGGGCGTGTGGAAGAAATACAGCCTGACGGTGGCCGTGAAGACCTTGAAGGAGGACACCATGGAGGTGGAAGAGTTCTTGAAAGAAGCTGCAGTCATGAAAGAGATCAAACACCCTAACC","2G130",1,8,"ggG/ggA","snp"
707,"G","A",2365,255,255,"E/K","missense_variant","133M","AGATGGAACGCACGGACATCACCATGAAGCACAAGCTGGGCGGGGGCCAGTACGGGAAGGTGTACGAGGGCGTGTGGAAGAAATACAGCCTGACGGTGGCCGTGAAGACCTTGAAGGAGGACACCATGGAGGT","56G76",1,1,"Gag/Aag","snp"
678,"G","C",2247,255,255,"E/Q","missense_variant","133M","TGGTGTGTCCCCCAACTACGACAAGTGGGAGATGGAACGCACGGACATCACCATGAAGCACAAGCTGGGCGGGGGCCAGTACGGGCAGGTGTACGAGGGCGTGTGGAAGAAATACAGCCTGACGGTGGCCGTG","85G47",1,1,"Gag/Cag","snp"
763,"G","A",2142,256,256,"V","synonymous_variant","133M","GAGGTATACGAGGGCGTGTGGAAGAAATACAGCCTGACGGTGGCCGTGAAGACCTTGAAGGAGGACACCATGGAGGTGGAAGAGTTCTTGAAAGAAGCTGCAGTCATGAAAGAGATCAAACACCCTAACCTGG","5G127",1,1,"gtG/gtA","snp"
772,"C","T",2341,259,259,"G","synonymous_variant","133M","GAGGGTGTGTGGAAGAAATACAGCCTGACGGTGGCCGTGAAGACCTTGAAGGAGGACACCATGGAGGTGGAAGAGTTCTTGAAAGAAGCTGCAGTCATGAAAGAGATCAAACACCCTAACCTGGTGCAGCTCC","5C127",1,1,"ggC/ggT","snp"
736,"G","C",2105,260,260,"V/L","missense_variant","133M","CACAAGCTGGGCGGGGGCCAGTACGGGGAGGTGTACGAGGGCCTGTGGAAGAAATACAGCCTGACGGTGGCCGTGAAGACCTTGAAGGAGGACACCATGGAGGTGGAAGAGTTCTTGAAAGAAGCTGCAGTCA","42G90",1,1,"Gtg/Ctg","snp"
725,"G","A",2213,260,260,"V","synonymous_variant","133M","TCACCATGAAGCACAAGCTGGGCGGGGGCCAGTACGGGGAGGTGTACGAGGGCGTATGGAAGAAATACAGCCTGACGGTGGCCGTGAAGACCTTGAAGGAGGACACCATGGAGGTGGAAGAGTTCTTGAAAGA","55G77",1,2,"gtG/gtA","snp"
738,"G","A",2107,260,260,"V","synonymous_variant","133M","CAAGCTGGGCGGGGGCCAGTACGGGGAGGTGTACGAGGGCGTATGGAAGAAATACAGCCTGACGGTGGCCGTGAAGACCTTGAAGGAGGACACCATGGAGGTGGAAGAGTTCTTGAAAGAAGCTGCAGTCATG","42G90",1,2,"gtG/gtA","snp"
729,"G","A",2150,262,262,"K","synonymous_variant","133M","CATGAAGCACAAGCTGGGCGGGGGCCAGTACGGGGAGGTGTACGAGGGCGTGTGGAAAAAATACAGCCTGACGGTGGCCGTGAAGACCTTGAAGGAGGACACCATGGAGGTGGAAGAGTTCTTGAAAGAAGCT","57G75",1,2,"aaG/aaA","snp"
665,"G","A",2163,262,262,"K","synonymous_variant","133M","AGCCCACTGTCTATGGTGTGTCCCCCAACTACGACAAGTGGGAGATGGAACGCACGGACATCACCATGAAGCACAAGCTGGGCGGGGGCCAGTACGGGGAGGTGTACGAGGGCGTGTGGAAAAAATACAGCCT","121G11",1,2,"aaG/aaA","snp"
743,"A","G",2094,263,263,"K/R","missense_variant","133M","TGGGCGGGGGCCAGTACGGGGAGGTGTACGAGGGCGTGTGGAAGAGATACAGCCTGACGGTGGCCGTGAAGACCTTGAAGGAGGACACCATGGAGGTGGAAGAGTTCTTGAAAGAAGCTGCAGTCATGAAAGA","45A87",1,1,"aAa/aGa","snp"
706,"A","T",2358,265,265,"S/C","missense_variant","133M","GAGATGGAACGCACGGACATCACCATGAAGCACAAGCTGGGCGGGGGCCAGTACGGGGAGGTGTACGAGGGCGTGTGGAAGAAATACTGCCTGACGGTGGCCGTGAAGACCTTGAAGGAGGACACCATGGAGG","87A45",1,1,"Agc/Tgc","snp"
788,"C","T",2765,267,267,"T/M","missense_variant","133M","AATACAGCCTGATGGTGGCCGTGAAGACCTTGAAGGAGGACACCATGGAGGTGGAAGAGTTCTTGAAAGAAGCTGCAGTCATGAAAGAGATCAAACACCCTAACCTGGTGCAGCTCCTTGGGGTCTGCACCCG","12C120",1,2,"aCg/aTg","snp"
739,"C","T",2090,267,267,"T/M","missense_variant","133M","AAGCTGGGCGGGGGCCAGTACGGGGAGGTGTACGAGGGCGTGTGGAAGAAATACAGCCTGATGGTGGCCGTGAAGACCTTGAAGGAGGACACCATGGAGGTGGAAGAGTTCTTGAAAGAAGCTGCAGTCATGA","61C71",1,2,"aCg/aTg","snp"
706,"G","A",2358,270,270,"V","synonymous_variant","133M","GAGATGGAACGCACGGACATCACCATGAAGCACAAGCTGGGCGGGGGCCAGTACGGGGAGGTGTACGAGGGCGTGTGGAAGAAATACAGCCTGACGGTGGCCGTAAAGACCTTGAAGGAGGACACCATGGAGG","104G28",1,6,"gtG/gtA","snp"
703,"G","A",2375,270,270,"V","synonymous_variant","133M","TGGGAGATGGAACGCACGGACATCACCATGAAGCACAAGCTGGGCGGGGGCCAGTACGGGGAGGTGTACGAGGGCGTGTGGAAGAAATACAGCCTGACGGTGGCCGTAAAGACCTTGAAGGAGGACACCATGG","107G25",1,6,"gtG/gtA","snp"
806,"G","A",3296,270,270,"V","synonymous_variant","133M","CCGTAAAGACCTTGAAGGAGGACACCATGGAGGTGGAAGAGTTCTTGAAAGAAGCTGCAGTCATGAAAGAGATCAAACACCCTAACCTGGTGCAGCTCCTTGGGGTCTGCACCCGGGAGCCCCCGTTCTATAT","4G128",1,6,"gtG/gtA","snp"
793,"G","A",2979,270,270,"V","synonymous_variant","133M","AGCCTGACGGTGGCCGTAAAGACCTTGAAGGAGGACACCATGGAGGTGGAAGAGTTCTTGAAAGAAGCTGCAGTCATGAAAGAGATCAAACACCCTAACCTGGTGCAGCTCCTTGGGGTCTGCACCCGGGAGC","17G115",1,6,"gtG/gtA","snp"
762,"G","A",2116,270,270,"V","synonymous_variant","133M","GGAGGTGTACGAGGGCGTGTGGAAGAAATACAGCCTGACGGTGGCCGTAAAGACCTTGAAGGAGGACACCATGGAGGTGGAAGAGTTCTTGAAAGAAGCTGCAGTCATGAAAGAGATCAAACACCCTAACCTG","48G84",1,6,"gtG/gtA","snp"
766,"G","A",2228,270,270,"V","synonymous_variant","133M","GTGTACGAGGGCGTGTGGAAGAAATACAGCCTGACGGTGGCCGTAAAGACCTTGAAGGAGGACACCATGGAGGTGGAAGAGTTCTTGAAAGAAGCTGCAGTCATGAAAGAGATCAAACACCCTAACCTGGTGC","44G88",1,6,"gtG/gtA","snp"
810,"G","A",3359,271,271,"K","synonymous_variant","133M","GAAAACCTTGAAGGAGGACACCATGGAGGTGGAAGAGTTCTTGAAAGAAGCTGCAGTCATGAAAGAGATCAAACACCCTAACCTGGTGCAGCTCCTTGGGGTCTGCACCCGGGAGCCCCCGTTCTATATCATC","3G129",1,8,"aaG/aaA","snp"
782,"G","A",2590,271,271,"K","synonymous_variant","133M","GGAAGAAATACAGCCTGACGGTGGCCGTGAAAACCTTGAAGGAGGACACCATGGAGGTGGAAGAGTTCTTGAAAGAAGCTGCAGTCATGAAAGAGATCAAACACCCTAACCTGGTGCAGCTCCTTGGGGTCTG","31G101",1,8,"aaG/aaA","snp"
787,"G","A",2734,271,271,"K","synonymous_variant","133M","AAATACAGCCTGACGGTGGCCGTGAAAACCTTGAAGGAGGACACCATGGAGGTGGAAGAGTTCTTGAAAGAAGCTGCAGTCATGAAAGAGATCAAACACCCTAACCTGGTGCAGCTCCTTGGGGTCTGCACCC","26G106",1,8,"aaG/aaA","snp"
753,"G","A",2062,271,271,"K","synonymous_variant","133M","CCAGTACGGGGAGGTGTACGAGGGCGTGTGGAAGAAATACAGCCTGACGGTGGCCGTGAAAACCTTGAAGGAGGACACCATGGAGGTGGAAGAGTTCTTGAAAGAAGCTGCAGTCATGAAAGAGATCAAACAC","60G72",1,8,"aaG/aaA","snp"
757,"G","A",2106,271,271,"K","synonymous_variant","133M","TACGGGGAGGTGTACGAGGGCGTGTGGAAGAAATACAGCCTGACGGTGGCCGTGAAAACCTTGAAGGAGGACACCATGGAGGTGGAAGAGTTCTTGAAAGAAGCTGCAGTCATGAAAGAGATCAAACACCCTA","56G76",1,8,"aaG/aaA","snp"
744,"G","A",2091,271,271,"K","synonymous_variant","133M","GGGCGGGGGCCAGTACGGGGAGGTGTACGAGGGCGTGTGGAAGAAATACAGCCTGACGGTGGCCGTGAAAACCTTGAAGGAGGACACCATGGAGGTGGAAGAGTTCTTGAAAGAAGCTGCAGTCATGAAAGAG","69G63",1,8,"aaG/aaA","snp"
766,"G","A",2228,271,271,"K","synonymous_variant","133M","GTGTACGAGGGCGTGTGGAAGAAATACAGCCTGACGGTGGCCGTGAAAACCTTGAAGGAGGACACCATGGAGGTGGAAGAGTTCTTGAAAGAAGCTGCAGTCATGAAAGAGATCAAACACCCTAACCTGGTGC","47G85",1,8,"aaG/aaA","snp"
777,"G","A",2411,271,271,"K","synonymous_variant","133M","CGTGTGGAAGAAATACAGCCTGACGGTGGCCGTGAAAACCTTGAAGGAGGACACCATGGAGGTGGAAGAGTTCTTGAAAGAAGCTGCAGTCATGAAAGAGATCAAACACCCTAACCTGGTGCAGCTCCTTGGG","36G96",1,8,"aaG/aaA","snp"
747,"T","G",2075,273,273,"L/V","missense_variant","133M","CGGGGGCCAGTACGGGGAGGTGTACGAGGGCGTGTGGAAGAAATACAGCCTGACGGTGGCCGTGAAGACCGTGAAGGAGGACACCATGGAGGTGGAAGAGTTCTTGAAAGAAGCTGCAGTCATGAAAGAGATC","70T62",1,1,"Ttg/Gtg","snp"
693,"G","C",2284,273,273,"L/F","missense_variant","133M","CTACGACAAGTGGGAGATGGAACGCACGGACATCACCATGAAGCACAAGCTGGGCGGGGGCCAGTACGGGGAGGTGTACGAGGGCGTGTGGAAGAAATACAGCCTGACGGTGGCCGTGAAGACCTTCAAGGAG","126G6",1,1,"ttG/ttC","snp"
722,"G","A",2239,275,275,"E","splice_region_variant","133M","ACATCACCATGAAGCACAAGCTGGGCGGGGGCCAGTACGGGGAGGTGTACGAGGGCGTGTGGAAGAAATACAGCCTGACGGTGGCCGTGAAGACCTTGAAGGAAGACACCATGGAGGTGGAAGAGTTCTTGAA","103G29",1,1,"gaG/gaA","snp"
776,"G","T",2409,275,275,"E/D","missense_variant","133M","GCGTGTGGAAGAAATACAGCCTGACGGTGGCCGTGAAGACCTTGAAGGATGACACCATGGAGGTGGAAGAGTTCTTGAAAGAAGCTGCAGTCATGAAAGAGATCAAACACCCTAACCTGGTGCAGCTCCTTGG","49G83",1,1,"gaG/gaT","snp"
824,"G","T",3992,276,276,"D/Y","missense_variant","133M","AGTACACCATGGAGGTGGAAGAGTTCTTGAAAGAAGCTGCAGTCATGAAAGAGATCAAACACCCTAACCTGGTGCAGCTCCTTGGGGTCTGCACCCGGGAGCCCCCGTTCTATATCATCACTGAGTTCATGAC","2G130",1,1,"Gac/Tac","snp"
735,"C","A",2102,276,276,"D/E","missense_variant","133M","GCACAAGCTGGGCGGGGGCCAGTACGGGGAGGTGTACGAGGGCGTGTGGAAGAAATACAGCCTGACGGTGGCCGTGAAGACCTTGAAGGAGGAAACCATGGAGGTGGAAGAGTTCTTGAAAGAAGCTGCAGTC","93C39",1,7,"gaC/gaA","snp"
714,"C","A",2365,276,276,"D/E","missense_variant","133M","ACGCACGGACATCACCATGAAGCACAAGCTGGGCGGGGGCCAGTACGGGGAGGTGTACGAGGGCGTGTGGAAGAAATACAGCCTGACGGTGGCCGTGAAGACCTTGAAGGAGGAAACCATGGAGGTGGAAGAG","114C18",1,7,"gaC/gaA","snp"
770,"C","A",2268,276,276,"D/E","missense_variant","133M","ACGAGGGCGTGTGGAAGAAATACAGCCTGACGGTGGCCGTGAAGACCTTGAAGGAGGAAACCATGGAGGTGGAAGAGTTCTTGAAAGAAGCTGCAGTCATGAAAGAGATCAAACACCCTAACCTGGTGCAGCT","58C74",1,7,"gaC/gaA","snp"
779,"C","A",2500,276,276,"D/E","missense_variant","133M","TGTGGAAGAAATACAGCCTGACGGTGGCCGTGAAGACCTTGAAGGAGGAAACCATGGAGGTGGAAGAGTTCTTGAAAGAAGCTGCAGTCATGAAAGAGATCAAACACCCTAACCTGGTGCAGCTCCTTGGGGT","49C83",1,7,"gaC/gaA","snp"
823,"C","A",3964,276,276,"D/E","missense_variant","133M","GAGGAAACCATGGAGGTGGAAGAGTTCTTGAAAGAAGCTGCAGTCATGAAAGAGATCAAACACCCTAACCTGGTGCAGCTCCTTGGGGTCTGCACCCGGGAGCCCCCGTTCTATATCATCACTGAGTTCATGA","5C127",1,7,"gaC/gaA","snp"
805,"C","A",3247,276,276,"D/E","missense_variant","133M","GCCGTGAAGACCTTGAAGGAGGAAACCATGGAGGTGGAAGAGTTCTTGAAAGAAGCTGCAGTCATGAAAGAGATCAAACACCCTAACCTGGTGCAGCTCCTTGGGGTCTGCACCCGGGAGCCCCCGTTCTATA","23C109",1,7,"gaC/gaA","snp"
806,"C","A",3296,276,276,"D/E","missense_variant","133M","CCGTGAAGACCTTGAAGGAGGAAACCATGGAGGTGGAAGAGTTCTTGAAAGAAGCTGCAGTCATGAAAGAGATCAAACACCCTAACCTGGTGCAGCTCCTTGGGGTCTGCACCCGGGAGCCCCCGTTCTATAT","22C110",1,7,"gaC/gaA","snp"
793,"C","G",2979,277,277,"T/S","missense_variant","133M","AGCCTGACGGTGGCCGTGAAGACCTTGAAGGAGGACAGCATGGAGGTGGAAGAGTTCTTGAAAGAAGCTGCAGTCATGAAAGAGATCAAACACCCTAACCTGGTGCAGCTCCTTGGGGTCTGCACCCGGGAGC","37C95",1,1,"aCc/aGc","snp"
812,"G","A",3436,279,279,"E/K","missense_variant","133M","AGACCTTGAAGGAGGACACCATGAAGGTGGAAGAGTTCTTGAAAGAAGCTGCAGTCATGAAAGAGATCAAACACCCTAACCTGGTGCAGCTCCTTGGGGTCTGCACCCGGGAGCCCCCGTTCTATATCATCAC","23G109",1,1,"Gag/Aag","snp"
765,"G","T",2195,NA,NA,"NaN","stop_gained","133M","GGTGTACGAGGGCGTGTGGAAGAAATACAGCCTGACGGTGGCCGTGAAGACCTTGAAGGAGGACACCATGGAGGTGGAATAGTTCTTGAAAGAAGCTGCAGTCATGAAAGAGATCAAACACCCTAACCTGGTG","79G53",1,1,"NaN","snp"
771,"T","A",2302,283,283,"F/I","missense_variant","133M","CGAGGGCGTGTGGAAGAAATACAGCCTGACGGTGGCCGTGAAGACCTTGAAGGAGGACACCATGGAGGTGGAAGAGATCTTGAAAGAAGCTGCAGTCATGAAAGAGATCAAACACCCTAACCTGGTGCAGCTC","76T56",1,4,"Ttc/Atc","snp"
791,"T","A",2860,283,283,"F/I","missense_variant","133M","ACAGCCTGACGGTGGCCGTGAAGACCTTGAAGGAGGACACCATGGAGGTGGAAGAGATCTTGAAAGAAGCTGCAGTCATGAAAGAGATCAAACACCCTAACCTGGTGCAGCTCCTTGGGGTCTGCACCCGGGA","56T76",1,4,"Ttc/Atc","snp"
766,"T","A",2228,283,283,"F/I","missense_variant","5S128M","AGGATGTGTACGAGGGCGTGTGGAAGAAATACAGCCTGACGGTGGCCGTGAAGACCTTGAAGGAGGACACCATGGAGGTGGAAGAGATCTTGAAAGAAGCTGCAGTCATGAAAGAGATCAAACACCCTAACCT","81T46",1,4,"Ttc/Atc","snp"
833,"T","A",4437,283,283,"F/I","missense_variant","133M","TGGAGGTGGAAGAGATCTTGAAAGAAGCTGCAGTCATGAAAGAGATCAAACACCCTAACCTGGTGCAGCTCCTTGGGGTCTGCACCCGGGAGCCCCCGTTCTATATCATCACTGAGTTCATGACCTACGGGAA","14T118",1,4,"Ttc/Atc","snp"
818,"T","G",3702,284,284,"L/W","missense_variant","133M","TGAAGGAGGACACCATGGAGGTGGAAGAGTTCTGGAAAGAAGCTGCAGTCATGAAAGAGATCAAACACCCTAACCTGGTGCAGCTCCTTGGGGTCTGCACCCGGGAGCCCCCGTTCTATATCATCACTGAGTT","33T99",1,1,"tTg/tGg","snp"
819,"G","A",3786,284,284,"L","synonymous_variant","133M","GAAGGAGGACACCATGGAGGTGGAAGAGTTCTTAAAAGAAGCTGCAGTCATGAAAGAGATCAAACACCCTAACCTGGTGCAGCTCCTTGGGGTCTGCACCCGGGAGCCCCCGTTCTATATCATCACTGAGTTC","33G99",1,2,"ttG/ttA","snp"
784,"G","A",2619,284,284,"L","synonymous_variant","133M","AAGAAATACAGCCTGACGGTGGCCGTGAAGACCTTGAAGGAGGACACCATGGAGGTGGAAGAGTTCTTAAAAGAAGCTGCAGTCATGAAAGAGATCAAACACCCTAACCTGGTGCAGCTCCTTGGGGTCTGCA","68G64",1,2,"ttG/ttA","snp"
841,"G","T",4759,289,289,"V/F","missense_variant","133M","GAAGAGTTCTTGAAAGAAGCTGCATTCATGAAAGAGATCAAACACCCTAACCTGGTGCAGCTCCTTGGGGTCTGCACCCGGGAGCCCCCGTTCTATATCATCACTGAGTTCATGACCTACGGGAACCTCCTGG","24G108",1,3,"Gtc/Ttc","snp"
851,"G","T",5223,289,289,"V/F","missense_variant","133M","TGAAAGAAGCTGCATTCATGAAAGAGATCAAACACCCTAACCTGGTGCAGCTCCTTGGGGTCTGCACCCGGGAGCCCCCGTTCTATATCATCACTGAGTTCATGACCTACGGGAACCTCCTGGACTACCTGAG","14G118",1,3,"Gtc/Ttc","snp"
824,"G","T",3992,289,289,"V/F","missense_variant","133M","AGGACACCATGGAGGTGGAAGAGTTCTTGAAAGAAGCTGCATTCATGAAAGAGATCAAACACCCTAACCTGGTGCAGCTCCTTGGGGTCTGCACCCGGGAGCCCCCGTTCTATATCATCACTGAGTTCATGAC","41G91",1,3,"Gtc/Ttc","snp"
831,"C","A",4373,289,289,"V","synonymous_variant","133M","CATGGAGGTGGAAGAGTTCTTGAAAGAAGCTGCAGTAATGAAAGAGATCAAACACCCTAACCTGGTGCAGCTCCTTGGGGTCTGCACCCGGGAGCCCCCGTTCTATATCATCACTGAGTTCATGACCTACGGG","36C96",1,1,"gtC/gtA","snp"
792,"G","A",2917,292,292,"E","synonymous_variant","9S124M","GAAGCAGTGCAGCCTGACGGTGGCCGTGAAGACCTTGAAGGAGGACACCATGGAGGTGGAAGAGTTCTTGAAAGAAGCTGCAGTCATGAAAGAAATCAAACACCCTAACCTGGTGCAGCTCCTTGGGGTCTGC","84G39",1,1,"gaG/gaA","snp"
861,"C","T",5600,293,293,"I","synonymous_variant","133M","TGCAGTCATGAAAGAGATTAAACACCCTAACCTGGTGCAGCTCCTTGGGGTCTGCACCCGGGAGCCCCCGTTCTATATCATCACTGAGTTCATGACCTACGGGAACCTCCTGGACTACCTGAGGGAGTGCAAC","18C114",1,4,"atC/atT","snp"
800,"C","T",3119,293,293,"I","synonymous_variant","133M","CGGTGGCCGTGAAGACCTTGAAGGAGGACACCATGGAGGTGGAAGAGTTCTTGAAAGAAGCTGCAGTCATGAAAGAGATTAAACACCCTAACCTGGTGCAGCTCCTTGGGGTCTGCACCCGGGAGCCCCCGTT","79C53",1,4,"atC/atT","snp"
866,"C","T",5741,293,293,"I","synonymous_variant","133M","TCATGAAAGAGATTAAACACCCTAACCTGGTGCAGCTCCTTGGGGTCTGCACCCGGGAGCCCCCGTTCTATATCATCACTGAGTTCATGACCTACGGGAACCTCCTGGACTACCTGAGGGAGTGCAACCGGCA","13C119",1,4,"atC/atT","snp"
800,"C","T",3119,293,293,"I","synonymous_variant","133M","CGGTGGCCGTGAAGACCTTGAAGGAGGACACCATGGAGGTGGAAGAGTTCTTGAAAGAAGCTGCAGTCATGAAAGAGATTAAACACCCTAACCTGGTGCAGCTCCTTGGGGTCTGCACCCGGGAGCCCCCGTT","79C53",1,4,"atC/atT","snp"
828,"A","C",4257,294,294,"K/T","missense_variant","133M","CACCATGGAGGTGGAAGAGTTCTTGAAAGAAGCTGCAGTCATGAAAGAGATCACACACCCTAACCTGGTGCAGCTCCTTGGGGTCTGCACCCGGGAGCCCCCGTTCTATATCATCACTGAGTTCATGACCTAC","53A79",1,1,"aAa/aCa","snp"
835,"C","A",4500,296,296,"P/H","missense_variant","133M","GAGGTGGAAGAGTTCTTGAAAGAAGCTGCAGTCATGAAAGAGATCAAACACCATAACCTGGTGCAGCTCCTTGGGGTCTGCACCCGGGAGCCCCCGTTCTATATCATCACTGAGTTCATGACCTACGGGAACC","52C80",1,1,"cCt/cAt","snp"
873,"C","A",5852,298,298,"L/M","missense_variant","133M","AGAGATCAAACACCCTAACATGGTGCAGCTCCTTGGGGTCTGCACCCGGGAGCCCCCGTTCTATATCATCACTGAGTTCATGACCTACGGGAACCTCCTGGACTACCTGAGGGAGTGCAACCGGCAGGAGGTG","19C113",1,2,"Ctg/Atg","snp"
831,"C","A",4373,298,298,"L/M","missense_variant","133M","CATGGAGGTGGAAGAGTTCTTGAAAGAAGCTGCAGTCATGAAAGAGATCAAACACCCTAACATGGTGCAGCTCCTTGGGGTCTGCACCCGGGAGCCCCCGTTCTATATCATCACTGAGTTCATGACCTACGGG","61C71",1,2,"Ctg/Atg","snp"
767,"G","A",2257,298,298,"L","synonymous_variant","133M","TGTACGAGGGCGTGTGGAAGAAATACAGCCTGACGGTGGCCGTGAAGACCTTGAAGGAGGACACCATGGAGGTGGAAGAGTTCTTGAAAGAAGCTGCAGTCATGAAAGAGATCAAACACCCTAACCTAGTGCA","127G5",1,21,"ctG/ctA","snp"
854,"G","A",5308,298,298,"L","synonymous_variant","133M","AAGAAGCTGCAGTCATGAAAGAGATCAAACACCCTAACCTAGTGCAGCTCCTTGGGGTCTGCACCCGGGAGCCCCCGTTCTATATCATCACTGAGTTCATGACCTACGGGAACCTCCTGGACTACCTGAGGGA","40G92",1,21,"ctG/ctA","snp"
800,"G","A",3119,298,298,"L","synonymous_variant","133M","CGGTGGCCGTGAAGACCTTGAAGGAGGACACCATGGAGGTGGAAGAGTTCTTGAAAGAAGCTGCAGTCATGAAAGAGATCAAACACCCTAACCTAGTGCAGCTCCTTGGGGTCTGCACCCGGGAGCCCCCGTT","94G38",1,21,"ctG/ctA","snp"
765,"G","A",2195,298,298,"L","synonymous_variant","133M","GGTGTACGAGGGCGTGTGGAAGAAATACAGCCTGACGGTGGCCGTGAAGACCTTGAAGGAGGACACCATGGAGGTGGAAGAGTTCTTGAAAGAAGCTGCAGTCATGAAAGAGATCAAACACCCTAACCTAGTG","129G3",1,21,"ctG/ctA","snp"
888,"G","A",6523,298,298,"L","synonymous_variant","133M","TAACCTAGTGCAGCTCCTTGGGGTCTGCACCCGGGAGCCCCCGTTCTATATCATCACTGAGTTCATGACCTACGGGAACCTCCTGGACTACCTGAGGGAGTGCAACCGGCAGGAGGTGAACGCCGTGGTGCTG","6G126",1,21,"ctG/ctA","snp"
890,"G","A",6685,298,298,"L","synonymous_variant","133M","ACCTAGTGCAGCTCCTTGGGGTCTGCACCCGGGAGCCCCCGTTCTATATCATCACTGAGTTCATGACCTACGGGAACCTCCTGGACTACCTGAGGGAGTGCAACCGGCAGGAGGTGAACGCCGTGGTGCTGCT","4G128",1,21,"ctG/ctA","snp"
889,"G","A",6613,298,298,"L","synonymous_variant","133M","AACCTAGTGCAGCTCCTTGGGGTCTGCACCCGGGAGCCCCCGTTCTATATCATCACTGAGTTCATGACCTACGGGAACCTCCTGGACTACCTGAGGGAGTGCAACCGGCAGGAGGTGAACGCCGTGGTGCTGC","5G127",1,21,"ctG/ctA","snp"
883,"G","A",6263,298,298,"L","synonymous_variant","4S129M","CGATCACCCTAACCTAGTGCAGCTCCTTGGGGTCTGCACCCGGGAGCCCCCGTTCTATATCATCACTGAGTTCATGACCTACGGGAACCTCCTGGACTACCTGAGGGAGTGCAACCGGCAGGAGGTGAACGCC","11G117",1,21,"ctG/ctA","snp"
875,"G","A",5896,298,298,"L","synonymous_variant","133M","AGATCAAACACCCTAACCTAGTGCAGCTCCTTGGGGTCTGCACCCGGGAGCCCCCGTTCTATATCATCACTGAGTTCATGACCTACGGGAACCTCCTGGACTACCTGAGGGAGTGCAACCGGCAGGAGGTGAA","19G113",1,21,"ctG/ctA","snp"
883,"G","A",6263,298,298,"L","synonymous_variant","5S128M","TCGCTCACCCTAACCTAGTGCAGCTCCTTGGGGTCTGCACCCGGGAGCCCCCGTTCTATATCATCACTGAGTTCATGACCTACGGGAACCTCCTGGACTACCTGAGGGAGTGCAACCGGCAGGAGGTGAACGC","11G116",1,21,"ctG/ctA","snp"
883,"G","A",6263,298,298,"L","synonymous_variant","5S128M","TCGATCACCCTAACCTAGTGCAGCTCCTTGGGGTCTGCACCCGGGAGCCCCCGTTCTATATCATCACTGAGTTCATGACCTACGGGAACCTCCTGGACTACCTGAGGGAGTGCAACCGGCAGGAGGTGAACGC","11G116",1,21,"ctG/ctA","snp"
892,"G","A",6774,298,298,"L","synonymous_variant","133M","CTAGTGCAGCTCCTTGGGGTCTGCACCCGGGAGCCCCCGTTCTATATCATCACTGAGTTCATGACCTACGGGAACCTCCTGGACTACCTGAGGGAGTGCAACCGGCAGGAGGTGAACGCCGTGGTGCTGCTGT","2G130",1,21,"ctG/ctA","snp"
876,"G","A",5939,298,298,"L","synonymous_variant","133M","GATCAAACACCCTAACCTAGTGCAGCTCCTTGGGGTCTGCACCCGGGAGCCCCCGTTCTATATCATCACTGAGTTCATGACCTACGGGAACCTCCTGGACTACCTGAGGGAGTGCAACCGGCAGGAGGTGAAC","18G114",1,21,"ctG/ctA","snp"
768,"G","A",2261,298,298,"L","synonymous_variant","133M","GTACGAGGGCGTGTGGAAGAAATACAGCCTGACGGTGGCCGTGAAGACCTTGAAGGAGGACACCATGGAGGTGGAAGAGTTCTTGAAAGAAGCTGCAGTCATGAAAGAGATCAAACACCCTAACCTAGTGCAG","126G6",1,21,"ctG/ctA","snp"
889,"G","A",6613,298,298,"L","synonymous_variant","5S128M","ACGTGAACCTAGTGCAGCTCCTTGGGGTCTGCACCCGGGAGCCCCCGTTCTATATCATCACTGAGTTCATGACCTACGGGAACCTCCTGGACTACCTGAGGGAGTGCAACCGGCAGGAGGTGAACGCCGTGGT","5G122",1,21,"ctG/ctA","snp"
887,"G","A",6453,298,298,"L","synonymous_variant","133M","CTAACCTAGTGCAGCTCCTTGGGGTCTGCACCCGGGAGCCCCCGTTCTATATCATCACTGAGTTCATGACCTACGGGAACCTCCTGGACTACCTGAGGGAGTGCAACCGGCAGGAGGTGAACGCCGTGGTGCT","7G125",1,21,"ctG/ctA","snp"
855,"G","A",5333,298,298,"L","synonymous_variant","133M","AGAAGCTGCAGTCATGAAAGAGATCAAACACCCTAACCTAGTGCAGCTCCTTGGGGTCTGCACCCGGGAGCCCCCGTTCTATATCATCACTGAGTTCATGACCTACGGGAACCTCCTGGACTACCTGAGGGAG","39G93",1,21,"ctG/ctA","snp"
890,"G","A",6685,298,298,"L","synonymous_variant","133M","ACCTAGTGCAGCTCCTTGGGGTCTGCACCCGGGAGCCCCCGTTCTATATCATCACTGAGTTCATGACCTACGGGAACCTCCTGGACTACCTGAGGGAGTGCAACCGGCAGGAGGTGAACGCCGTGGTGCTGCT","4G128",1,21,"ctG/ctA","snp"
884,"G","A",6290,298,298,"L","synonymous_variant","133M","ACCCTAACCTAGTGCAGCTCCTTGGGGTCTGCACCCGGGAGCCCCCGTTCTATATCATCACTGAGTTCATGACCTACGGGAACCTCCTGGACTACCTGAGGGAGTGCAACCGGCAGGAGGTGAACGCCGTGGT","10G122",1,21,"ctG/ctA","snp"
881,"G","A",6180,298,298,"L","synonymous_variant","133M","AACACCCTAACCTAGTGCAGCTCCTTGGGGTCTGCACCCGGGAGCCCCCGTTCTATATCATCACTGAGTTCATGACCTACGGGAACCTCCTGGACTACCTGAGGGAGTGCAACCGGCAGGAGGTGAACGCCGT","13G119",1,21,"ctG/ctA","snp"
889,"G","A",6613,298,298,"L","synonymous_variant","133M","AACCTAGTGCAGCTCCTTGGGGTCTGCACCCGGGAGCCCCCGTTCTATATCATCACTGAGTTCATGACCTACGGGAACCTCCTGGACTACCTGAGGGAGTGCAACCGGCAGGAGGTGAACGCCGTGGTGCTGC","5G127",1,21,"ctG/ctA","snp"
897,"A","T",6961,300,300,"Q/L","missense_variant","133M","GCTGCTCCTTGGGGTCTGCACCCGGGAGCCCCCGTTCTATATCATCACTGAGTTCATGACCTACGGGAACCTCCTGGACTACCTGAGGGAGTGCAACCGGCAGGAGGTGAACGCCGTGGTGCTGCTGTACATG","2A130",1,1,"cAg/cTg","snp"
819,"C","T",3786,302,302,"L/F","missense_variant","133M","GAAGGAGGACACCATGGAGGTGGAAGAGTTCTTGAAAGAAGCTGCAGTCATGAAAGAGATCAAACACCCTAACCTGGTGCAGCTCTTTGGGGTCTGCACCCGGGAGCCCCCGTTCTATATCATCACTGAGTTC","85C47",1,1,"Ctt/Ttt","snp"
902,"C","T",7102,304,304,"V","synonymous_variant","133M","TCCTTGGGGTTTGCACCCGGGAGCCCCCGTTCTATATCATCACTGAGTTCATGACCTACGGGAACCTCCTGGACTACCTGAGGGAGTGCAACCGGCAGGAGGTGAACGCCGTGGTGCTGCTGTACATGGCCAC","10C122",1,2,"gtC/gtT","snp"
906,"C","T",7249,304,304,"V","synonymous_variant","133M","TGGGGTTTGCACCCGGGAGCCCCCGTTCTATATCATCACTGAGTTCATGACCTACGGGAACCTCCTGGACTACCTGAGGGAGTGCAACCGGCAGGAGGTGAACGCCGTGGTGCTGCTGTACATGGCCACTCAG","6C126",1,2,"gtC/gtT","snp"
823,"C","G",3964,306,306,"T/S","missense_variant","133M","GAGGACACCATGGAGGTGGAAGAGTTCTTGAAAGAAGCTGCAGTCATGAAAGAGATCAAACACCCTAACCTGGTGCAGCTCCTTGGGGTCTGCAGCCGGGAGCCCCCGTTCTATATCATCACTGAGTTCATGA","94C38",1,1,"aCc/aGc","snp"
912,"C","A",7648,307,307,"R","synonymous_variant","11S122M","ACCCCAAGGAGCTGCACCAGGGAGCCCCCGTTCTATATCATCACTGAGTTCATGACCTACGGGAACCTCCTGGACTACCTGAGGGAGTGCAACCGGCAGGAGGTGAACGCCGTGGTGCTGCTGTACATGGCCA","7C114",1,1,"Cgg/Agg","snp"
907,"G","C",7318,308,308,"E/Q","missense_variant","133M","GGGGTCTGCACCCGGCAGCCCCCGTTCTATATCATCACTGAGTTCATGACCTACGGGAACCTCCTGGACTACCTGAGGGAGTGCAACCGGCAGGAGGTGAACGCCGTGGTGCTGCTGTACATGGCCACTCAGA","15G117",1,4,"Gag/Cag","snp"
911,"G","C",7618,308,308,"E/Q","missense_variant","133M","TCTGCACCCGGCAGCCCCCGTTCTATATCATCACTGAGTTCATGACCTACGGGAACCTCCTGGACTACCTGAGGGAGTGCAACCGGCAGGAGGTGAACGCCGTGGTGCTGCTGTACATGGCCACTCAGATCTC","11G121",1,4,"Gag/Cag","snp"
888,"G","C",6523,308,308,"E/Q","missense_variant","133M","TAACCTGGTGCAGCTCCTTGGGGTCTGCACCCGGCAGCCCCCGTTCTATATCATCACTGAGTTCATGACCTACGGGAACCTCCTGGACTACCTGAGGGAGTGCAACCGGCAGGAGGTGAACGCCGTGGTGCTG","34G98",1,4,"Gag/Cag","snp"
914,"G","C",7748,308,308,"E/Q","missense_variant","133M","GCACCCGGCAGCCCCCGTTCTATATCATCACTGAGTTCATGACCTACGGGAACCTCCTGGACTACCTGAGGGAGTGCAACCGGCAGGAGGTGAACGCCGTGGTGCTGCTGTACATGGCCACTCAGATCTCGTC","8G124",1,4,"Gag/Cag","snp"
902,"G","A",7102,308,308,"E","synonymous_variant","133M","TCCTTGGGGTCTGCACCCGGGAACCCCCGTTCTATATCATCACTGAGTTCATGACCTACGGGAACCTCCTGGACTACCTGAGGGAGTGCAACCGGCAGGAGGTGAACGCCGTGGTGCTGCTGTACATGGCCAC","22G110",1,2,"gaG/gaA","snp"
878,"G","A",6017,308,308,"E","synonymous_variant","133M","TCAAACACCCTAACCTGGTGCAGCTCCTTGGGGTCTGCACCCGGGAACCCCCGTTCTATATCATCACTGAGTTCATGACCTACGGGAACCTCCTGGACTACCTGAGGGAGTGCAACCGGCAGGAGGTGAACGC","46G86",1,2,"gaG/gaA","snp"
849,"C","T",5078,309,309,"P","synonymous_variant","133M","CTTGAAAGAAGCTGCAGTCATGAAAGAGATCAAACACCCTAACCTGGTGCAGCTCCTTGGGGTCTGCACCCGGGAGCCTCCGTTCTATATCATCACTGAGTTCATGACCTACGGGAACCTCCTGGACTACCTG","78C54",1,1,"ccC/ccT","snp"
854,"G","A",5308,310,310,"P","synonymous_variant","133M","AAGAAGCTGCAGTCATGAAAGAGATCAAACACCCTAACCTGGTGCAGCTCCTTGGGGTCTGCACCCGGGAGCCCCCATTCTATATCATCACTGAGTTCATGACCTACGGGAACCTCCTGGACTACCTGAGGGA","76G56",1,4,"ccG/ccA","snp"
902,"G","A",7102,310,310,"P","synonymous_variant","133M","TCCTTGGGGTCTGCACCCGGGAGCCCCCATTCTATATCATCACTGAGTTCATGACCTACGGGAACCTCCTGGACTACCTGAGGGAGTGCAACCGGCAGGAGGTGAACGCCGTGGTGCTGCTGTACATGGCCAC","28G104",1,4,"ccG/ccA","snp"
881,"G","A",6180,310,310,"P","synonymous_variant","133M","AACACCCTAACCTGGTGCAGCTCCTTGGGGTCTGCACCCGGGAGCCCCCATTCTATATCATCACTGAGTTCATGACCTACGGGAACCTCCTGGACTACCTGAGGGAGTGCAACCGGCAGGAGGTGAACGCCGT","49G83",1,4,"ccG/ccA","snp"
887,"G","A",6453,310,310,"P","synonymous_variant","133M","CTAACCTGGTGCAGCTCCTTGGGGTCTGCACCCGGGAGCCCCCATTCTATATCATCACTGAGTTCATGACCTACGGGAACCTCCTGGACTACCTGAGGGAGTGCAACCGGCAGGAGGTGAACGCCGTGGTGCT","43G89",1,4,"ccG/ccA","snp"
839,"T","A",4644,317,317,"F/I","missense_variant","133M","TGGAAGAGTTCTTGAAAGAAGCTGCAGTCATGAAAGAGATCAAACACCCTAACCTGGTGCAGCTCCTTGGGGTCTGCACCCGGGAGCCCCCGTTCTATATCATCACTGAGATCATGACCTACGGGAACCTCCT","110T22",1,23,"Ttc/Atc","snp"
879,"T","A",6071,317,317,"F/I","missense_variant","133M","CAAACACCCTAACCTGGTGCAGCTCCTTGGGGTCTGCACCCGGGAGCCCCCGTTCTATATCATCACTGAGATCATGACCTACGGGAACCTCCTGGACTACCTGAGGGAGTGCAACCGGCAGGAGGTGAACGCC","70T62",1,23,"Ttc/Atc","snp"
930,"T","A",8280,317,317,"F/I","missense_variant","133M","GTTCTATATCATCACTGAGATCATGACCTACGGGAACCTCCTGGACTACCTGAGGGAGTGCAACCGGCAGGAGGTGAACGCCGTGGTGCTGCTGTACATGGCCACTCAGATCTCGTCAGCCATGGAGTACCTG","19T113",1,23,"Ttc/Atc","snp"
857,"T","A",5407,317,317,"F/I","missense_variant","133M","AAGCTGCAGTCATGAAAGAGATCAAACACCCTAACCTGGTGCAGCTCCTTGGGGTCTGCACCCGGGAGCCCCCGTTCTATATCATCACTGAGATCATGACCTACGGGAACCTCCTGGACTACCTGAGGGAGTG","92T40",1,23,"Ttc/Atc","snp"
932,"T","A",8453,317,317,"F/I","missense_variant","133M","TCTATATCATCACTGAGATCATGACCTACGGGAACCTCCTGGACTACCTGAGGGAGTGCAACCGGCAGGAGGTGAACGCCGTGGTGCTGCTGTACATGGCCACTCAGATCTCGTCAGCCATGGAGTACCTGGA","17T115",1,23,"Ttc/Atc","snp"
944,"T","A",8803,317,317,"F/I","missense_variant","133M","CTGAGATCATGACCTACGGGAACCTCCTGGACTACCTGAGGGAGTGCAACCGGCAGGAGGTGAACGCCGTGGTGCTGCTGTACATGGCCACTCAGATCTCGTCAGCCATGGAGTACCTGGAGAAGAAAAACTT","5T127",1,23,"Ttc/Atc","snp"
840,"T","A",4688,317,317,"F/I","missense_variant","133M","GGAAGAGTTCTTGAAAGAAGCTGCAGTCATGAAAGAGATCAAACACCCTAACCTGGTGCAGCTCCTTGGGGTCTGCACCCGGGAGCCCCCGTTCTATATCATCACTGAGATCATGACCTACGGGAACCTCCTG","109T23",1,23,"Ttc/Atc","snp"
941,"T","A",8714,317,317,"F/I","missense_variant","133M","TCACTGAGATCATGACCTACGGGAACCTCCTGGACTACCTGAGGGAGTGCAACCGGCAGGAGGTGAACGCCGTGGTGCTGCTGTACATGGCCACTCAGATCTCGTCAGCCATGGAGTACCTGGAGAAGAAAAA","8T124",1,23,"Ttc/Atc","snp"
928,"T","A",8218,317,317,"F/I","missense_variant","133M","CCGTTCTATATCATCACTGAGATCATGACCTACGGGAACCTCCTGGACTACCTGAGGGAGTGCAACCGGCAGGAGGTGAACGCCGTGGTGCTGCTGTACATGGCCACTCAGATCTCGTCAGCCATGGAGTACC","21T111",1,23,"Ttc/Atc","snp"
933,"T","A",8465,317,317,"F/I","missense_variant","133M","CTATATCATCACTGAGATCATGACCTACGGGAACCTCCTGGACTACCTGAGGGAGTGCAACCGGCAGGAGGTGAACGCCGTGGTGCTGCTGTACATGGCCACTCAGATCTCGTCAGCCATGGAGTACCTGGAG","16T116",1,23,"Ttc/Atc","snp"
918,"T","A",7792,317,317,"F/I","missense_variant","133M","CCGGGAGCCCCCGTTCTATATCATCACTGAGATCATGACCTACGGGAACCTCCTGGACTACCTGAGGGAGTGCAACCGGCAGGAGGTGAACGCCGTGGTGCTGCTGTACATGGCCACTCAGATCTCGTCAGCC","31T101",1,23,"Ttc/Atc","snp"
932,"T","A",8453,317,317,"F/I","missense_variant","133M","TCTATATCATCACTGAGATCATGACCTACGGGAACCTCCTGGACTACCTGAGGGAGTGCAACCGGCAGGAGGTGAACGCCGTGGTGCTGCTGTACATGGCCACTCAGATCTCGTCAGCCATGGAGTACCTGGA","17T115",1,23,"Ttc/Atc","snp"
900,"T","A",7001,317,317,"F/I","missense_variant","133M","GCTCCTTGGGGTCTGCACCCGGGAGCCCCCGTTCTATATCATCACTGAGATCATGACCTACGGGAACCTCCTGGACTACCTGAGGGAGTGCAACCGGCAGGAGGTGAACGCCGTGGTGCTGCTGTACATGGCC","49T83",1,23,"Ttc/Atc","snp"
894,"T","A",6776,317,317,"F/I","missense_variant","133M","GGTGCAGCTCCTTGGGGTCTGCACCCGGGAGCCCCCGTTCTATATCATCACTGAGATCATGACCTACGGGAACCTCCTGGACTACCTGAGGGAGTGCAACCGGCAGGAGGTGAACGCCGTGGTGCTGCTGTAC","55T77",1,23,"Ttc/Atc","snp"
912,"T","A",7648,317,317,"F/I","missense_variant","133M","CTGCACCCGGGAGCCCCCGTTCTATATCATCACTGAGATCATGACCTACGGGAACCTCCTGGACTACCTGAGGGAGTGCAACCGGCAGGAGGTGAACGCCGTGGTGCTGCTGTACATGGCCACTCAGATCTCG","37T95",1,23,"Ttc/Atc","snp"
873,"T","A",5852,317,317,"F/I","missense_variant","133M","AGAGATCAAACACCCTAACCTGGTGCAGCTCCTTGGGGTCTGCACCCGGGAGCCCCCGTTCTATATCATCACTGAGATCATGACCTACGGGAACCTCCTGGACTACCTGAGGGAGTGCAACCGGCAGGAGGTG","76T56",1,23,"Ttc/Atc","snp"
855,"T","A",5333,317,317,"F/I","missense_variant","133M","AGAAGCTGCAGTCATGAAAGAGATCAAACACCCTAACCTGGTGCAGCTCCTTGGGGTCTGCACCCGGGAGCCCCCGTTCTATATCATCACTGAGATCATGACCTACGGGAACCTCCTGGACTACCTGAGGGAG","94T38",1,23,"Ttc/Atc","snp"
918,"T","A",7792,317,317,"F/I","missense_variant","133M","CCGGGAGCCCCCGTTCTATATCATCACTGAGATCATGACCTACGGGAACCTCCTGGACTACCTGAGGGAGTGCAACCGGCAGGAGGTGAACGCCGTGGTGCTGCTGTACATGGCCACTCAGATCTCGTCAGCC","31T101",1,23,"Ttc/Atc","snp"
937,"T","A",8714,317,317,"F/I","missense_variant","133M","ATCATCACTGAGATCATGACCTACGGGAACCTCCTGGACTACCTGAGGGAGTGCAACCGGCAGGAGGTGAACGCCGTGGTGCTGCTGTACATGGCCACTCAGATCTCGTCAGCCATGGAGTACCTGGAGAAGA","12T120",1,23,"Ttc/Atc","snp"
934,"T","A",8498,317,317,"F/I","missense_variant","133M","TATATCATCACTGAGATCATGACCTACGGGAACCTCCTGGACTACCTGAGGGAGTGCAACCGGCAGGAGGTGAACGCCGTGGTGCTGCTGTACATGGCCACTCAGATCTCGTCAGCCATGGAGTACCTGGAGA","15T117",1,23,"Ttc/Atc","snp"
840,"T","A",4688,317,317,"F/I","missense_variant","133M","GGAAGAGTTCTTGAAAGAAGCTGCAGTCATGAAAGAGATCAAACACCCTAACCTGGTGCAGCTCCTTGGGGTCTGCACCCGGGAGCCCCCGTTCTATATCATCACTGAGATCATGACCTACGGGAACCTCCTG","109T23",1,23,"Ttc/Atc","snp"
908,"T","A",7408,317,317,"F/I","missense_variant","133M","GGGTCTGCACCCGGGAGCCCCCGTTCTATATCATCACTGAGATCATGACCTACGGGAACCTCCTGGACTACCTGAGGGAGTGCAACCGGCAGGAGGTGAACGCCGTGGTGCTGCTGTACATGGCCACTCAGAT","41T91",1,23,"Ttc/Atc","snp"
920,"T","A",7931,317,317,"F/I","missense_variant","133M","GGGAGCCCCCGTTCTATATCATCACTGAGATCATGACCTACGGGAACCTCCTGGACTACCTGAGGGAGTGCAACCGGCAGGAGGTGAACGCCGTGGTGCTGCTGTACATGGCCACTCAGATCTCGTCAGCCAT","29T103",1,23,"Ttc/Atc","snp"
896,"T","C",6909,317,317,"F/S","missense_variant","133M","TGCAGCTCCTTGGGGTCTGCACCCGGGAGCCCCCGTTCTATATCATCACTGAGTCCATGACCTACGGGAACCTCCTGGACTACCTGAGGGAGTGCAACCGGCAGGAGGTGAACGCCGTGGTGCTGCTGTACAT","54T78",1,1,"tTc/tCc","snp"
928,"C","T",8218,317,317,"F","synonymous_variant","133M","CCGTTCTATATCATCACTGAGTTTATGACCTACGGGAACCTCCTGGACTACCTGAGGGAGTGCAACCGGCAGGAGGTGAACGCCGTGGTGCTGCTGTACATGGCCACTCAGATCTCGTCAGCCATGGAGTACC","23C109",1,4,"ttC/ttT","snp"
897,"C","T",6961,317,317,"F","synonymous_variant","133M","GCAGCTCCTTGGGGTCTGCACCCGGGAGCCCCCGTTCTATATCATCACTGAGTTTATGACCTACGGGAACCTCCTGGACTACCTGAGGGAGTGCAACCGGCAGGAGGTGAACGCCGTGGTGCTGCTGTACATG","54C78",1,4,"ttC/ttT","snp"
896,"C","T",6909,317,317,"F","synonymous_variant","133M","TGCAGCTCCTTGGGGTCTGCACCCGGGAGCCCCCGTTCTATATCATCACTGAGTTTATGACCTACGGGAACCTCCTGGACTACCTGAGGGAGTGCAACCGGCAGGAGGTGAACGCCGTGGTGCTGCTGTACAT","55C77",1,4,"ttC/ttT","snp"
879,"C","T",6071,317,317,"F","synonymous_variant","133M","CAAACACCCTAACCTGGTGCAGCTCCTTGGGGTCTGCACCCGGGAGCCCCCGTTCTATATCATCACTGAGTTTATGACCTACGGGAACCTCCTGGACTACCTGAGGGAGTGCAACCGGCAGGAGGTGAACGCC","72C60",1,4,"ttC/ttT","snp"
890,"A","C",6685,318,318,"M/L","missense_variant","133M","ACCTGGTGCAGCTCCTTGGGGTCTGCACCCGGGAGCCCCCGTTCTATATCATCACTGAGTTCCTGACCTACGGGAACCTCCTGGACTACCTGAGGGAGTGCAACCGGCAGGAGGTGAACGCCGTGGTGCTGCT","62A70",1,1,"Atg/Ctg","snp"
851,"A","G",5223,319,319,"T/A","missense_variant","133M","TGAAAGAAGCTGCAGTCATGAAAGAGATCAAACACCCTAACCTGGTGCAGCTCCTTGGGGTCTGCACCCGGGAGCCCCCGTTCTATATCATCACTGAGTTCATGGCCTACGGGAACCTCCTGGACTACCTGAG","104A28",1,8,"Acc/Gcc","snp"
927,"A","G",8184,319,319,"T/A","missense_variant","133M","CCCGTTCTATATCATCACTGAGTTCATGGCCTACGGGAACCTCCTGGACTACCTGAGGGAGTGCAACCGGCAGGAGGTGAACGCCGTGGTGCTGCTGTACATGGCCACTCAGATCTCGTCAGCCATGGAGTAC","28A104",1,8,"Acc/Gcc","snp"
915,"A","G",7745,319,319,"T/A","missense_variant","133M","CACCCGGGAGCCCCCGTTCTATATCATCACTGAGTTCATGGCCTACGGGAACCTCCTGGACTACCTGAGGGAGTGCAACCGGCAGGAGGTGAACGCCGTGGTGCTGCTGTACATGGCCACTCAGATCTCGTCA","40A92",1,8,"Acc/Gcc","snp"
931,"A","G",8367,319,319,"T/A","missense_variant","133M","TTCTATATCATCACTGAGTTCATGGCCTACGGGAACCTCCTGGACTACCTGAGGGAGTGCAACCGGCAGGAGGTGAACGCCGTGGTGCTGCTGTACATGGCCACTCAGATCTCGTCAGCCATGGAGTACCTGG","24A108",1,8,"Acc/Gcc","snp"
891,"A","G",6750,319,319,"T/A","missense_variant","133M","CCTGGTGCAGCTCCTTGGGGTCTGCACCCGGGAGCCCCCGTTCTATATCATCACTGAGTTCATGGCCTACGGGAACCTCCTGGACTACCTGAGGGAGTGCAACCGGCAGGAGGTGAACGCCGTGGTGCTGCTG","64A68",1,8,"Acc/Gcc","snp"
947,"A","G",8746,319,319,"T/A","missense_variant","133M","AGTTCATGGCCTACGGGAACCTCCTGGACTACCTGAGGGAGTGCAACCGGCAGGAGGTGAACGCCGTGGTGCTGCTGTACATGGCCACTCAGATCTCGTCAGCCATGGAGTACCTGGAGAAGAAAAACTTCAT","8A124",1,8,"Acc/Gcc","snp"
875,"A","G",5896,319,319,"T/A","missense_variant","133M","AGATCAAACACCCTAACCTGGTGCAGCTCCTTGGGGTCTGCACCCGGGAGCCCCCGTTCTATATCATCACTGAGTTCATGGCCTACGGGAACCTCCTGGACTACCTGAGGGAGTGCAACCGGCAGGAGGTGAA","80A52",1,8,"Acc/Gcc","snp"
889,"A","G",6613,319,319,"T/A","missense_variant","105M","AACCTGGTGCAGCTCCTTGGGGTCTGCACCCGGGAGCCCCCGTTCTATATCATCACTGAGTTCATGGCCTACGGGAACCTCCTGGACTACCTGAGGGAGTGCAAC","66A38",1,8,"Acc/Gcc","snp"
953,"C","T",8771,319,319,"T/I","missense_variant","133M","TGATCTACGGGAACCTCCTGGACTACCTGAGGGAGTGCAACCGGCAGGAGGTGAACGCCGTGGTGCTGCTGTACATGGCCACTCAGATCTCGTCAGCCATGGAGTACCTGGAGAAGAAAAACTTCATCCACAG","3C129",1,2,"aCc/aTc","snp"
893,"C","T",6766,319,319,"T/I","missense_variant","133M","TGGTGCAGCTCCTTGGGGTCTGCACCCGGGAGCCCCCGTTCTATATCATCACTGAGTTCATGATCTACGGGAACCTCCTGGACTACCTGAGGGAGTGCAACCGGCAGGAGGTGAACGCCGTGGTGCTGCTGTA","63C69",1,2,"aCc/aTc","snp"
898,"C","T",7005,319,319,"T","synonymous_variant","133M","CAGCTCCTTGGGGTCTGCACCCGGGAGCCCCCGTTCTATATCATCACTGAGTTCATGACTTACGGGAACCTCCTGGACTACCTGAGGGAGTGCAACCGGCAGGAGGTGAACGCCGTGGTGCTGCTGTACATGG","59C73",1,1,"acC/acT","snp"
936,"G","A",8646,321,321,"G","synonymous_variant","133M","TATCATCACTGAGTTCATGACCTACGGAAACCTCCTGGACTACCTGAGGGAGTGCAACCGGCAGGAGGTGAACGCCGTGGTGCTGCTGTACATGGCCACTCAGATCTCGTCAGCCATGGAGTACCTGGAGAAG","27G105",1,16,"ggG/ggA","snp"
961,"G","A",8764,321,321,"G","synonymous_variant","133M","GGAAACCTCCTGGACTACCTGAGGGAGTGCAACCGGCAGGAGGTGAACGCCGTGGTGCTGCTGTACATGGCCACTCAGATCTCGTCAGCCATGGAGTACCTGGAGAAGAAAAACTTCATCCACAGAGATCTTG","2G130",1,16,"ggG/ggA","snp"
936,"G","A",8646,321,321,"G","synonymous_variant","133M","TATCATCACTGAGTTCATGACCTACGGAAACCTCCTGGACTACCTGAGGGAGTGCAACCGGCAGGAGGTGAACGCCGTGGTGCTGCTGTACATGGCCACTCAGATCTCGTCAGCCATGGAGTACCTGGAGAAG","27G105",1,16,"ggG/ggA","snp"
860,"G","A",5588,321,321,"G","synonymous_variant","133M","CTGCAGTCATGAAAGAGATCAAACACCCTAACCTGGTGCAGCTCCTTGGGGTCTGCACCCGGGAGCCCCCGTTCTATATCATCACTGAGTTCATGACCTACGGAAACCTCCTGGACTACCTGAGGGAGTGCAA","103G29",1,16,"ggG/ggA","snp"
928,"G","A",8218,321,321,"G","synonymous_variant","133M","CCGTTCTATATCATCACTGAGTTCATGACCTACGGAAACCTCCTGGACTACCTGAGGGAGTGCAACCGGCAGGAGGTGAACGCCGTGGTGCTGCTGTACATGGCCACTCAGATCTCGTCAGCCATGGAGTACC","35G97",1,16,"ggG/ggA","snp"
906,"G","A",7249,321,321,"G","synonymous_variant","133M","TGGGGTCTGCACCCGGGAGCCCCCGTTCTATATCATCACTGAGTTCATGACCTACGGAAACCTCCTGGACTACCTGAGGGAGTGCAACCGGCAGGAGGTGAACGCCGTGGTGCTGCTGTACATGGCCACTCAG","57G75",1,16,"ggG/ggA","snp"
942,"G","A",8764,321,321,"G","synonymous_variant","133M","CACTGAGTTCATGACCTACGGAAACCTCCTGGACTACCTGAGGGAGTGCAACCGGCAGGAGGTGAACGCCGTGGTGCTGCTGTACATGGCCACTCAGATCTCGTCAGCCATGGAGTACCTGGAGAAGAAAAAC","21G111",1,16,"ggG/ggA","snp"
848,"G","A",5060,321,321,"G","synonymous_variant","133M","TCTTGAAAGAAGCTGCAGTCATGAAAGAGATCAAACACCCTAACCTGGTGCAGCTCCTTGGGGTCTGCACCCGGGAGCCCCCGTTCTATATCATCACTGAGTTCATGACCTACGGAAACCTCCTGGACTACCT","115G17",1,16,"ggG/ggA","snp"
893,"G","A",6766,321,321,"G","synonymous_variant","133M","TGGTGCAGCTCCTTGGGGTCTGCACCCGGGAGCCCCCGTTCTATATCATCACTGAGTTCATGACCTACGGAAACCTCCTGGACTACCTGAGGGAGTGCAACCGGCAGGAGGTGAACGCCGTGGTGCTGCTGTA","70G62",1,16,"ggG/ggA","snp"
897,"G","A",6961,321,321,"G","synonymous_variant","133M","GCAGCTCCTTGGGGTCTGCACCCGGGAGCCCCCGTTCTATATCATCACTGAGTTCATGACCTACGGAAACCTCCTGGACTACCTGAGGGAGTGCAACCGGCAGGAGGTGAACGCCGTGGTGCTGCTGTACATG","66G66",1,16,"ggG/ggA","snp"
887,"G","A",6453,321,321,"G","synonymous_variant","133M","CTAACCTGGTGCAGCTCCTTGGGGTCTGCACCCGGGAGCCCCCGTTCTATATCATCACTGAGTTCATGACCTACGGAAACCTCCTGGACTACCTGAGGGAGTGCAACCGGCAGGAGGTGAACGCCGTGGTGCT","76G56",1,16,"ggG/ggA","snp"
856,"G","A",5371,321,321,"G","synonymous_variant","133M","GAAGCTGCAGTCATGAAAGAGATCAAACACCCTAACCTGGTGCAGCTCCTTGGGGTCTGCACCCGGGAGCCCCCGTTCTATATCATCACTGAGTTCATGACCTACGGAAACCTCCTGGACTACCTGAGGGAGT","107G25",1,16,"ggG/ggA","snp"
921,"G","A",8005,321,321,"G","synonymous_variant","133M","GGAGCCCCCGTTCTATATCATCACTGAGTTCATGACCTACGGAAACCTCCTGGACTACCTGAGGGAGTGCAACCGGCAGGAGGTGAACGCCGTGGTGCTGCTGTACATGGCCACTCAGATCTCGTCAGCCATG","42G90",1,16,"ggG/ggA","snp"
934,"G","A",8498,321,321,"G","synonymous_variant","133M","TATATCATCACTGAGTTCATGACCTACGGAAACCTCCTGGACTACCTGAGGGAGTGCAACCGGCAGGAGGTGAACGCCGTGGTGCTGCTGTACATGGCCACTCAGATCTCGTCAGCCATGGAGTACCTGGAGA","29G103",1,16,"ggG/ggA","snp"
889,"G","A",6613,321,321,"G","synonymous_variant","133M","AACCTGGTGCAGCTCCTTGGGGTCTGCACCCGGGAGCCCCCGTTCTATATCATCACTGAGTTCATGACCTACGGAAACCTCCTGGACTACCTGAGGGAGTGCAACCGGCAGGAGGTGAACGCCGTGGTGCTGC","74G58",1,16,"ggG/ggA","snp"
879,"G","A",6071,321,321,"G","synonymous_variant","133M","CAAACACCCTAACCTGGTGCAGCTCCTTGGGGTCTGCACCCGGGAGCCCCCGTTCTATATCATCACTGAGTTCATGACCTACGGAAACCTCCTGGACTACCTGAGGGAGTGCAACCGGCAGGAGGTGAACGCC","84G48",1,16,"ggG/ggA","snp"
934,"C","A",8498,323,323,"L","synonymous_variant","133M","TATATCATCACTGAGTTCATGACCTACGGGAACCTACTGGACTACCTGAGGGAGTGCAACCGGCAGGAGGTGAACGCCGTGGTGCTGCTGTACATGGCCACTCAGATCTCGTCAGCCATGGAGTACCTGGAGA","35C97",1,3,"ctC/ctA","snp"
924,"C","A",8134,323,323,"L","synonymous_variant","133M","GCCCCCGTTCTATATCATCACTGAGTTCATGACCTACGGGAACCTACTGGACTACCTGAGGGAGTGCAACCGGCAGGAGGTGAACGCCGTGGTGCTGCTGTACATGGCCACTCAGATCTCGTCAGCCATGGAG","45C87",1,3,"ctC/ctA","snp"
903,"C","A",7146,323,323,"L","synonymous_variant","133M","CCTTGGGGTCTGCACCCGGGAGCCCCCGTTCTATATCATCACTGAGTTCATGACCTACGGGAACCTACTGGACTACCTGAGGGAGTGCAACCGGCAGGAGGTGAACGCCGTGGTGCTGCTGTACATGGCCACT","66C66",1,3,"ctC/ctA","snp"
953,"C","A",8771,324,324,"L/M","missense_variant","133M","TGACCTACGGGAACCTCATGGACTACCTGAGGGAGTGCAACCGGCAGGAGGTGAACGCCGTGGTGCTGCTGTACATGGCCACTCAGATCTCGTCAGCCATGGAGTACCTGGAGAAGAAAAACTTCATCCACAG","17C115",1,1,"Ctg/Atg","snp"
934,"G","A",8498,324,324,"L","synonymous_variant","133M","TATATCATCACTGAGTTCATGACCTACGGGAACCTCCTAGACTACCTGAGGGAGTGCAACCGGCAGGAGGTGAACGCCGTGGTGCTGCTGTACATGGCCACTCAGATCTCGTCAGCCATGGAGTACCTGGAGA","38G94",1,1,"ctG/ctA","snp"
893,"G","A",6766,328,328,"R/K","missense_variant","133M","TGGTGCAGCTCCTTGGGGTCTGCACCCGGGAGCCCCCGTTCTATATCATCACTGAGTTCATGACCTACGGGAACCTCCTGGACTACCTGAAGGAGTGCAACCGGCAGGAGGTGAACGCCGTGGTGCTGCTGTA","90G42",1,2,"aGg/aAg","snp"
920,"G","A",7931,328,328,"R/K","missense_variant","133M","GGGAGCCCCCGTTCTATATCATCACTGAGTTCATGACCTACGGGAACCTCCTGGACTACCTGAAGGAGTGCAACCGGCAGGAGGTGAACGCCGTGGTGCTGCTGTACATGGCCACTCAGATCTCGTCAGCCAT","63G69",1,2,"aGg/aAg","snp"
878,"C","G",6017,330,330,"C/W","missense_variant","133M","TCAAACACCCTAACCTGGTGCAGCTCCTTGGGGTCTGCACCCGGGAGCCCCCGTTCTATATCATCACTGAGTTCATGACCTACGGGAACCTCCTGGACTACCTGAGGGAGTGGAACCGGCAGGAGGTGAACGC","112C20",1,2,"tgC/tgG","snp"
965,"C","G",8823,330,330,"C/W","missense_variant","133M","ACCTCCTGGACTACCTGAGGGAGTGGAACCGGCAGGAGGTGAACGCCGTGGTGCTGCTGTACATGGCCACTCAGATCTCGTCAGCCATGGAGTACCTGGAGAAGAAAAACTTCATCCACAGAGATCTTGCTGC","25C107",1,2,"tgC/tgG","snp"
950,"C","T",8701,330,330,"C","synonymous_variant","133M","TCATGACCTACGGGAACCTCCTGGACTACCTGAGGGAGTGTAACCGGCAGGAGGTGAACGCCGTGGTGCTGCTGTACATGGCCACTCAGATCTCGTCAGCCATGGAGTACCTGGAGAAGAAAAACTTCATCCA","40C92",1,1,"tgC/tgT","snp"
931,"A","G",8367,331,331,"N/D","missense_variant","133M","TTCTATATCATCACTGAGTTCATGACCTACGGGAACCTCCTGGACTACCTGAGGGAGTGCGACCGGCAGGAGGTGAACGCCGTGGTGCTGCTGTACATGGCCACTCAGATCTCGTCAGCCATGGAGTACCTGG","60A72",1,1,"Aac/Gac","snp"
925,"A","T",8184,331,331,"N/I","missense_variant","133M","CCCCCGTTCTATATCATCACTGAGTTCATGACCTACGGGAACCTCCTGGACTACCTGAGGGAGTGCATCCGGCAGGAGGTGAACGCCGTGGTGCTGCTGTACATGGCCACTCAGATCTCGTCAGCCATGGAGT","67A65",1,1,"aAc/aTc","snp"
868,"C","T",5758,332,332,"R/W","missense_variant","133M","ATGAAAGAGATCAAACACCCTAACCTGGTGCAGCTCCTTGGGGTCTGCACCCGGGAGCCCCCGTTCTATATCATCACTGAGTTCATGACCTACGGGAACCTCCTGGACTACCTGAGGGAGTGCAACTGGCAGG","126C6",1,1,"Cgg/Tgg","snp"
961,"G","A",8764,332,332,"R/Q","missense_variant","133M","GGGAACCTCCTGGACTACCTGAGGGAGTGCAACCAGCAGGAGGTGAACGCCGTGGTGCTGCTGTACATGGCCACTCAGATCTCGTCAGCCATGGAGTACCTGGAGAAGAAAAACTTCATCCACAGAGATCTTG","34G98",1,15,"cGg/cAg","snp"
906,"G","A",7249,332,332,"R/Q","missense_variant","133M","TGGGGTCTGCACCCGGGAGCCCCCGTTCTATATCATCACTGAGTTCATGACCTACGGGAACCTCCTGGACTACCTGAGGGAGTGCAACCAGCAGGAGGTGAACGCCGTGGTGCTGCTGTACATGGCCACTCAG","89G43",1,15,"cGg/cAg","snp"
891,"G","A",6750,332,332,"R/Q","missense_variant","133M","CCTGGTGCAGCTCCTTGGGGTCTGCACCCGGGAGCCCCCGTTCTATATCATCACTGAGTTCATGACCTACGGGAACCTCCTGGACTACCTGAGGGAGTGCAACCAGCAGGAGGTGAACGCCGTGGTGCTGCTG","104G28",1,15,"cGg/cAg","snp"
907,"G","A",7318,332,332,"R/Q","missense_variant","133M","GGGGTCTGCACCCGGGAGCCCCCGTTCTATATCATCACTGAGTTCATGACCTACGGGAACCTCCTGGACTACCTGAGGGAGTGCAACCAGCAGGAGGTGAACGCCGTGGTGCTGCTGTACATGGCCACTCAGA","88G44",1,15,"cGg/cAg","snp"
890,"G","A",6685,332,332,"R/Q","missense_variant","133M","ACCTGGTGCAGCTCCTTGGGGTCTGCACCCGGGAGCCCCCGTTCTATATCATCACTGAGTTCATGACCTACGGGAACCTCCTGGACTACCTGAGGGAGTGCAACCAGCAGGAGGTGAACGCCGTGGTGCTGCT","105G27",1,15,"cGg/cAg","snp"
962,"G","A",8810,332,332,"R/Q","missense_variant","133M","GGAACCTCCTGGACTACCTGAGGGAGTGCAACCAGCAGGAGGTGAACGCCGTGGTGCTGCTGTACATGGCCACTCAGATCTCGTCAGCCATGGAGTACCTGGAGAAGAAAAACTTCATCCACAGAGATCTTGC","33G99",1,15,"cGg/cAg","snp"
865,"G","A",5712,332,332,"R/Q","missense_variant","133M","GTCATGAAAGAGATCAAACACCCTAACCTGGTGCAGCTCCTTGGGGTCTGCACCCGGGAGCCCCCGTTCTATATCATCACTGAGTTCATGACCTACGGGAACCTCCTGGACTACCTGAGGGAGTGCAACCAGC","130G2",1,15,"cGg/cAg","snp"
959,"G","A",8796,332,332,"R/Q","missense_variant","133M","ACGGGAACCTCCTGGACTACCTGAGGGAGTGCAACCAGCAGGAGGTGAACGCCGTGGTGCTGCTGTACATGGCCACTCAGATCTCGTCAGCCATGGAGTACCTGGAGAAGAAAAACTTCATCCACAGAGATCT","36G96",1,15,"cGg/cAg","snp"
902,"G","A",7102,332,332,"R/Q","missense_variant","133M","TCCTTGGGGTCTGCACCCGGGAGCCCCCGTTCTATATCATCACTGAGTTCATGACCTACGGGAACCTCCTGGACTACCTGAGGGAGTGCAACCAGCAGGAGGTGAACGCCGTGGTGCTGCTGTACATGGCCAC","93G39",1,15,"cGg/cAg","snp"
883,"G","A",6263,332,332,"R/Q","missense_variant","133M","CACCCTAACCTGGTGCAGCTCCTTGGGGTCTGCACCCGGGAGCCCCCGTTCTATATCATCACTGAGTTCATGACCTACGGGAACCTCCTGGACTACCTGAGGGAGTGCAACCAGCAGGAGGTGAACGCCGTGG","112G20",1,15,"cGg/cAg","snp"
892,"G","A",6774,332,332,"R/Q","missense_variant","133M","CTGGTGCAGCTCCTTGGGGTCTGCACCCGGGAGCCCCCGTTCTATATCATCACTGAGTTCATGACCTACGGGAACCTCCTGGACTACCTGAGGGAGTGCAACCAGCAGGAGGTGAACGCCGTGGTGCTGCTGT","103G29",1,15,"cGg/cAg","snp"
982,"G","A",9096,332,332,"R/Q","missense_variant","133M","AGGGAGTGCAACCAGCAGGAGGTGAACGCCGTGGTGCTGCTGTACATGGCCACTCAGATCTCGTCAGCCATGGAGTACCTGGAGAAGAAAAACTTCATCCACAGAGATCTTGCTGCCCGAAACTGCCTGGTAG","13G119",1,15,"cGg/cAg","snp"
907,"G","A",7318,332,332,"R/Q","missense_variant","133M","GGGGTCTGCACCCGGGAGCCCCCGTTCTATATCATCACTGAGTTCATGACCTACGGGAACCTCCTGGACTACCTGAGGGAGTGCAACCAGCAGGAGGTGAACGCCGTGGTGCTGCTGTACATGGCCACTCAGA","88G44",1,15,"cGg/cAg","snp"
906,"G","A",7249,332,332,"R/Q","missense_variant","133M","TGGGGTCTGCACCCGGGAGCCCCCGTTCTATATCATCACTGAGTTCATGACCTACGGGAACCTCCTGGACTACCTGAGGGAGTGCAACCAGCAGGAGGTGAACGCCGTGGTGCTGCTGTACATGGCCACTCAG","89G43",1,15,"cGg/cAg","snp"
950,"G","A",8701,332,332,"R/Q","missense_variant","133M","TCATGACCTACGGGAACCTCCTGGACTACCTGAGGGAGTGCAACCAGCAGGAGGTGAACGCCGTGGTGCTGCTGTACATGGCCACTCAGATCTCGTCAGCCATGGAGTACCTGGAGAAGAAAAACTTCATCCA","45G87",1,15,"cGg/cAg","snp"
915,"G","T",7745,332,332,"R/L","missense_variant","133M","CACCCGGGAGCCCCCGTTCTATATCATCACTGAGTTCATGACCTACGGGAACCTCCTGGACTACCTGAGGGAGTGCAACCTGCAGGAGGTGAACGCCGTGGTGCTGCTGTACATGGCCACTCAGATCTCGTCA","80G52",1,10,"cGg/cTg","snp"
985,"G","T",9078,332,332,"R/L","missense_variant","133M","GAGTGCAACCTGCAGGAGGTGAACGCCGTGGTGCTGCTGTACATGGCCACTCAGATCTCGTCAGCCATGGAGTACCTGGAGAAGAAAAACTTCATCCACAGAGATCTTGCTGCCCGAAACTGCCTGGTAGGGG","10G122",1,10,"cGg/cTg","snp"
872,"G","T",5837,332,332,"R/L","missense_variant","133M","AAGAGATCAAACACCCTAACCTGGTGCAGCTCCTTGGGGTCTGCACCCGGGAGCCCCCGTTCTATATCATCACTGAGTTCATGACCTACGGGAACCTCCTGGACTACCTGAGGGAGTGCAACCTGCAGGAGGT","123G9",1,10,"cGg/cTg","snp"
909,"G","T",7450,332,332,"R/L","missense_variant","133M","GGTCTGCACCCGGGAGCCCCCGTTCTATATCATCACTGAGTTCATGACCTACGGGAACCTCCTGGACTACCTGAGGGAGTGCAACCTGCAGGAGGTGAACGCCGTGGTGCTGCTGTACATGGCCACTCAGATC","86G46",1,10,"cGg/cTg","snp"
961,"G","T",8764,332,332,"R/L","missense_variant","133M","GGGAACCTCCTGGACTACCTGAGGGAGTGCAACCTGCAGGAGGTGAACGCCGTGGTGCTGCTGTACATGGCCACTCAGATCTCGTCAGCCATGGAGTACCTGGAGAAGAAAAACTTCATCCACAGAGATCTTG","34G98",1,10,"cGg/cTg","snp"
986,"G","T",9096,332,332,"R/L","missense_variant","133M","AGTGCAACCTGCAGGAGGTGAACGCCGTGGTGCTGCTGTACATGGCCACTCAGATCTCGTCAGCCATGGAGTACCTGGAGAAGAAAAACTTCATCCACAGAGATCTTGCTGCCCGAAACTGCCTGGTAGGGGA","9G123",1,10,"cGg/cTg","snp"
907,"G","T",7318,332,332,"R/L","missense_variant","133M","GGGGTCTGCACCCGGGAGCCCCCGTTCTATATCATCACTGAGTTCATGACCTACGGGAACCTCCTGGACTACCTGAGGGAGTGCAACCTGCAGGAGGTGAACGCCGTGGTGCTGCTGTACATGGCCACTCAGA","88G44",1,10,"cGg/cTg","snp"
954,"G","T",8802,332,332,"R/L","missense_variant","133M","GACCTACGGGAACCTCCTGGACTACCTGAGGGAGTGCAACCTGCAGGAGGTGAACGCCGTGGTGCTGCTGTACATGGCCACTCAGATCTCGTCAGCCATGGAGTACCTGGAGAAGAAAAACTTCATCCACAGA","41G91",1,10,"cGg/cTg","snp"
890,"G","T",6685,332,332,"R/L","missense_variant","133M","ACCTGGTGCAGCTCCTTGGGGTCTGCACCCGGGAGCCCCCGTTCTATATCATCACTGAGTTCATGACCTACGGGAACCTCCTGGACTACCTGAGGGAGTGCAACCTGCAGGAGGTGAACGCCGTGGTGCTGCT","105G27",1,10,"cGg/cTg","snp"
903,"G","T",7146,332,332,"R/L","missense_variant","133M","CCTTGGGGTCTGCACCCGGGAGCCCCCGTTCTATATCATCACTGAGTTCATGACCTACGGGAACCTCCTGGACTACCTGAGGGAGTGCAACCTGCAGGAGGTGAACGCCGTGGTGCTGCTGTACATGGCCACT","92G40",1,10,"cGg/cTg","snp"
981,"G","A",9097,332,332,"R","synonymous_variant","133M","GAGGGAGTGCAACCGACAGGAGGTGAACGCCGTGGTGCTGCTGTACATGGCCACTCAGATCTCGTCAGCCATGGAGTACCTGGAGAAGAAAAACTTCATCCACAGAGATCTTGCTGCCCGAAACTGCCTGGTA","15G117",1,2,"cgG/cgA","snp"
901,"G","A",7030,332,332,"R","synonymous_variant","133M","CTCCTTGGGGTCTGCACCCGGGAGCCCCCGTTCTATATCATCACTGAGTTCATGACCTACGGGAACCTCCTGGACTACCTGAGGGAGTGCAACCGACAGGAGGTGAACGCCGTGGTGCTGCTGTACATGGCCA","95G37",1,2,"cgG/cgA","snp"
939,"G","T",8717,333,333,"Q/H","missense_variant","133M","CATCACTGAGTTCATGACCTACGGGAACCTCCTGGACTACCTGAGGGAGTGCAACCGGCATGAGGTGAACGCCGTGGTGCTGCTGTACATGGCCACTCAGATCTCGTCAGCCATGGAGTACCTGGAGAAGAAA","60G72",1,1,"caG/caT","snp"
920,"GA","CT",7931,334,334,"E/L","missense_variant","133M","GGGAGCCCCCGTTCTATATCATCACTGAGTTCATGACCTACGGGAACCTCCTGGACTACCTGAGGGAGTGCAACCGGCAGCTGGTGAACGCCGTGGTGCTGCTGTACATGGCCACTCAGATCTCGTCAGCCAT","80G0A51",2,1,"GAg/CTg","mnv"
938,"GA","TG",8715,334,334,"E/W","missense_variant","133M","TCATCACTGAGTTCATGACCTACGGGAACCTCCTGGACTACCTGAGGGAGTGCAACCGGCAGTGGGTGAACGCCGTGGTGCTGCTGTACATGGCCACTCAGATCTCGTCAGCCATGGAGTACCTGGAGAAGAA","62G0A69",2,2,"GAg/TGg","mnv"
973,"GA","TG",8988,334,334,"E/W","missense_variant","133M","GACTACCTGAGGGAGTGCAACCGGCAGTGGGTGAACGCCGTGGTGCTGCTGTACATGGCCACTCAGATCTCGTCAGCCATGGAGTACCTGGAGAAGAAAAACTTCATCCACAGAGATCTTGCTGCCCGAAACT","27G0A104",2,2,"GAg/TGg","mnv"
908,"GAG","CAC",7408,334,334,"E/H","missense_variant","133M","GGGTCTGCACCCGGGAGCCCCCGTTCTATATCATCACTGAGTTCATGACCTACGGGAACCTCCTGGACTACCTGAGGGAGTGCAACCGGCAGCACGTGAACGCCGTGGTGCTGCTGTACATGGCCACTCAGAT","92G1G38",2,4,"GAG/CAC","mnv"
958,"GAG","CAC",8843,334,334,"E/H","missense_variant","132M","TACGGGAACCTCCTGGACTACCTGAGGGAGTGCAACCGGCAGCACGTGAACGCCGTGGTGCTGCTGTACATGGCCACTCAGATCTCGTCAGCCATGGAGTACCTGGAGAAGAAAAACTTCATCCACAGAGAT","42G1G87",2,4,"GAG/CAC","mnv"
952,"GAG","CAC",8767,334,334,"E/H","missense_variant","133M","ATGACCTACGGGAACCTCCTGGACTACCTGAGGGAGTGCAACCGGCAGCACGTGAACGCCGTGGTGCTGCTGTACATGGCCACTCAGATCTCGTCAGCCATGGAGTACCTGGAGAAGAAAAACTTCATCCACA","48G1G82",2,4,"GAG/CAC","mnv"
926,"GAG","CAC",8189,334,334,"E/H","missense_variant","133M","CCCCGTTCTATATCATCACTGAGTTCATGACCTACGGGAACCTCCTGGACTACCTGAGGGAGTGCAACCGGCAGCACGTGAACGCCGTGGTGCTGCTGTACATGGCCACTCAGATCTCGTCAGCCATGGAGTA","74G1G56",2,4,"GAG/CAC","mnv"
886,"GAG","TAC",6378,334,334,"E/Y","missense_variant","133M","CCTAACCTGGTGCAGCTCCTTGGGGTCTGCACCCGGGAGCCCCCGTTCTATATCATCACTGAGTTCATGACCTACGGGAACCTCCTGGACTACCTGAGGGAGTGCAACCGGCAGTACGTGAACGCCGTGGTGC","114G1G16",2,5,"GAG/TAC","mnv"
934,"GAG","TAC",8498,334,334,"E/Y","missense_variant","133M","TATATCATCACTGAGTTCATGACCTACGGGAACCTCCTGGACTACCTGAGGGAGTGCAACCGGCAGTACGTGAACGCCGTGGTGCTGCTGTACATGGCCACTCAGATCTCGTCAGCCATGGAGTACCTGGAGA","66G1G64",2,5,"GAG/TAC","mnv"
909,"GAG","TAC",7450,334,334,"E/Y","missense_variant","133M","GGTCTGCACCCGGGAGCCCCCGTTCTATATCATCACTGAGTTCATGACCTACGGGAACCTCCTGGACTACCTGAGGGAGTGCAACCGGCAGTACGTGAACGCCGTGGTGCTGCTGTACATGGCCACTCAGATC","91G1G39",2,5,"GAG/TAC","mnv"
875,"GAG","TAC",5896,334,334,"E/Y","missense_variant","133M","AGATCAAACACCCTAACCTGGTGCAGCTCCTTGGGGTCTGCACCCGGGAGCCCCCGTTCTATATCATCACTGAGTTCATGACCTACGGGAACCTCCTGGACTACCTGAGGGAGTGCAACCGGCAGTACGTGAA","125G1G5",2,5,"GAG/TAC","mnv"
975,"GAG","TAC",8990,334,334,"E/Y","missense_variant","133M","CTACCTGAGGGAGTGCAACCGGCAGTACGTGAACGCCGTGGTGCTGCTGTACATGGCCACTCAGATCTCGTCAGCCATGGAGTACCTGGAGAAGAAAAACTTCATCCACAGAGATCTTGCTGCCCGAAACTGC","25G1G105",2,5,"GAG/TAC","mnv"
914,"GT","AA",7748,335,335,"V/K","missense_variant","133M","GCACCCGGGAGCCCCCGTTCTATATCATCACTGAGTTCATGACCTACGGGAACCTCCTGGACTACCTGAGGGAGTGCAACCGGCAGGAGAAGAACGCCGTGGTGCTGCTGTACATGGCCACTCAGATCTCGTC","89G0T42",2,40,"GTg/AAg","mnv"
908,"GT","AA",7408,335,335,"V/K","missense_variant","133M","GGGTCTGCACCCGGGAGCCCCCGTTCTATATCATCACTGAGTTCATGACCTACGGGAACCTCCTGGACTACCTGAGGGAGTGCAACCGGCAGGAGAAGAACGCCGTGGTGCTGCTGTACATGGCCACTCAGAT","95G0T36",2,40,"GTg/AAg","mnv"
905,"GT","AA",7213,335,335,"V/K","missense_variant","133M","TTGGGGTCTGCACCCGGGAGCCCCCGTTCTATATCATCACTGAGTTCATGACCTACGGGAACCTCCTGGACTACCTGAGGGAGTGCAACCGGCAGGAGAAGAACGCCGTGGTGCTGCTGTACATGGCCACTCA","98G0T33",2,40,"GTg/AAg","mnv"
925,"GT","AA",8184,335,335,"V/K","missense_variant","133M","CCCCCGTTCTATATCATCACTGAGTTCATGACCTACGGGAACCTCCTGGACTACCTGAGGGAGTGCAACCGGCAGGAGAAGAACGCCGTGGTGCTGCTGTACATGGCCACTCAGATCTCGTCAGCCATGGAGT","78G0T53",2,40,"GTg/AAg","mnv"
974,"GT","AA",9014,335,335,"V/K","missense_variant","133M","ACTACCTGAGGGAGTGCAACCGGCAGGAGAAGAACGCCGTGGTGCTGCTGTACATGGCCACTCAGATCTCGTCAGCCATGGAGTACCTGGAGAAGAAAAACTTCATCCACAGAGATCTTGCTGCCCGAAACTG","29G0T102",2,40,"GTg/AAg","mnv"
956,"GT","AA",8838,335,335,"V/K","missense_variant","133M","CCTACGGGAACCTCCTGGACTACCTGAGGGAGTGCAACCGGCAGGAGAAGAACGCCGTGGTGCTGCTGTACATGGCCACTCAGATCTCGTCAGCCATGGAGTACCTGGAGAAGAAAAACTTCATCCACAGAGA","47G0T84",2,40,"GTg/AAg","mnv"
986,"GT","AA",9096,335,335,"V/K","missense_variant","133M","AGTGCAACCGGCAGGAGAAGAACGCCGTGGTGCTGCTGTACATGGCCACTCAGATCTCGTCAGCCATGGAGTACCTGGAGAAGAAAAACTTCATCCACAGAGATCTTGCTGCCCGAAACTGCCTGGTAGGGGA","17G0T114",2,40,"GTg/AAg","mnv"
929,"GT","AA",8245,335,335,"V/K","missense_variant","133M","CGTTCTATATCATCACTGAGTTCATGACCTACGGGAACCTCCTGGACTACCTGAGGGAGTGCAACCGGCAGGAGAAGAACGCCGTGGTGCTGCTGTACATGGCCACTCAGATCTCGTCAGCCATGGAGTACCT","74G0T57",2,40,"GTg/AAg","mnv"
897,"GT","AA",6961,335,335,"V/K","missense_variant","133M","GCAGCTCCTTGGGGTCTGCACCCGGGAGCCCCCGTTCTATATCATCACTGAGTTCATGACCTACGGGAACCTCCTGGACTACCTGAGGGAGTGCAACCGGCAGGAGAAGAACGCCGTGGTGCTGCTGTACATG","106G0T25",2,40,"GTg/AAg","mnv"
894,"GT","AA",6776,335,335,"V/K","missense_variant","133M","GGTGCAGCTCCTTGGGGTCTGCACCCGGGAGCCCCCGTTCTATATCATCACTGAGTTCATGACCTACGGGAACCTCCTGGACTACCTGAGGGAGTGCAACCGGCAGGAGAAGAACGCCGTGGTGCTGCTGTAC","109G0T22",2,40,"GTg/AAg","mnv"
938,"GT","AA",8715,335,335,"V/K","missense_variant","133M","TCATCACTGAGTTCATGACCTACGGGAACCTCCTGGACTACCTGAGGGAGTGCAACCGGCAGGAGAAGAACGCCGTGGTGCTGCTGTACATGGCCACTCAGATCTCGTCAGCCATGGAGTACCTGGAGAAGAA","65G0T66",2,40,"GTg/AAg","mnv"
900,"GT","AA",7001,335,335,"V/K","missense_variant","133M","GCTCCTTGGGGTCTGCACCCGGGAGCCCCCGTTCTATATCATCACTGAGTTCATGACCTACGGGAACCTCCTGGACTACCTGAGGGAGTGCAACCGGCAGGAGAAGAACGCCGTGGTGCTGCTGTACATGGCC","103G0T28",2,40,"GTg/AAg","mnv"
988,"GT","AA",9201,335,335,"V/K","missense_variant","133M","TGCAACCGGCAGGAGAAGAACGCCGTGGTGCTGCTGTACATGGCCACTCAGATCTCGTCAGCCATGGAGTACCTGGAGAAGAAAAACTTCATCCACAGAGATCTTGCTGCCCGAAACTGCCTGGTAGGGGAGA","15G0T116",2,40,"GTg/AAg","mnv"
914,"GT","AA",7748,335,335,"V/K","missense_variant","133M","GCACCCGGGAGCCCCCGTTCTATATCATCACTGAGTTCATGACCTACGGGAACCTCCTGGACTACCTGAGGGAGTGCAACCGGCAGGAGAAGAACGCCGTGGTGCTGCTGTACATGGCCACTCAGATCTCGTC","89G0T42",2,40,"GTg/AAg","mnv"
915,"GT","AA",7745,335,335,"V/K","missense_variant","133M","CACCCGGGAGCCCCCGTTCTATATCATCACTGAGTTCATGACCTACGGGAACCTCCTGGACTACCTGAGGGAGTGCAACCGGCAGGAGAAGAACGCCGTGGTGCTGCTGTACATGGCCACTCAGATCTCGTCA","88G0T43",2,40,"GTg/AAg","mnv"
980,"GT","AA",9103,335,335,"V/K","missense_variant","132M","TGAGGGAGTGCAACCGGCAGGAGAAGAACGCCGTGGTGCTGCTGTACATGGCCACTCAGATCTCGTCAGCCATGGAGTACCTGGAGAAGAAAAACTTCATCCACAGAGATCTTGCTGCCCGAAACTGCCTGG","23G0T107",2,40,"GTg/AAg","mnv"
928,"GT","AA",8218,335,335,"V/K","missense_variant","133M","CCGTTCTATATCATCACTGAGTTCATGACCTACGGGAACCTCCTGGACTACCTGAGGGAGTGCAACCGGCAGGAGAAGAACGCCGTGGTGCTGCTGTACATGGCCACTCAGATCTCGTCAGCCATGGAGTACC","75G0T56",2,40,"GTg/AAg","mnv"
986,"GT","AA",9096,335,335,"V/K","missense_variant","133M","AGTGCAACCGGCAGGAGAAGAACGCCGTGGTGCTGCTGTACATGGCCACTCAGATCTCGTCAGCCATGGAGTACCTGGAGAAGAAAAACTTCATCCACAGAGATCTTGCTGCCCGAAACTGCCTGGTAGGGGA","17G0T114",2,40,"GTg/AAg","mnv"
997,"GT","AA",9493,335,335,"V/K","missense_variant","133M","CAGGAGAAGAACGCCGTGGTGCTGCTGTACATGGCCACTCAGATCTCGTCAGCCATGGAGTACCTGGAGAAGAAAAACTTCATCCACAGAGATCTTGCTGCCCGAAACTGCCTGGTAGGGGAGAACCACTTGG","6G0T125",2,40,"GTg/AAg","mnv"
955,"GT","AA",8818,335,335,"V/K","missense_variant","133M","ACCTACGGGAACCTCCTGGACTACCTGAGGGAGTGCAACCGGCAGGAGAAGAACGCCGTGGTGCTGCTGTACATGGCCACTCAGATCTCGTCAGCCATGGAGTACCTGGAGAAGAAAAACTTCATCCACAGAG","48G0T83",2,40,"GTg/AAg","mnv"
949,"GT","AA",8719,335,335,"V/K","missense_variant","133M","TTCATGACCTACGGGAACCTCCTGGACTACCTGAGGGAGTGCAACCGGCAGGAGAAGAACGCCGTGGTGCTGCTGTACATGGCCACTCAGATCTCGTCAGCCATGGAGTACCTGGAGAAGAAAAACTTCATCC","54G0T77",2,40,"GTg/AAg","mnv"
962,"GT","AA",8810,335,335,"V/K","missense_variant","133M","GGAACCTCCTGGACTACCTGAGGGAGTGCAACCGGCAGGAGAAGAACGCCGTGGTGCTGCTGTACATGGCCACTCAGATCTCGTCAGCCATGGAGTACCTGGAGAAGAAAAACTTCATCCACAGAGATCTTGC","41G0T90",2,40,"GTg/AAg","mnv"
964,"GT","AA",8777,335,335,"V/K","missense_variant","133M","AACCTCCTGGACTACCTGAGGGAGTGCAACCGGCAGGAGAAGAACGCCGTGGTGCTGCTGTACATGGCCACTCAGATCTCGTCAGCCATGGAGTACCTGGAGAAGAAAAACTTCATCCACAGAGATCTTGCTG","39G0T92",2,40,"GTg/AAg","mnv"
988,"GT","AA",9201,335,335,"V/K","missense_variant","133M","TGCAACCGGCAGGAGAAGAACGCCGTGGTGCTGCTGTACATGGCCACTCAGATCTCGTCAGCCATGGAGTACCTGGAGAAGAAAAACTTCATCCACAGAGATCTTGCTGCCCGAAACTGCCTGGTAGGGGAGA","15G0T116",2,40,"GTg/AAg","mnv"
994,"GT","AA",9363,335,335,"V/K","missense_variant","133M","CGGCAGGAGAAGAACGCCGTGGTGCTGCTGTACATGGCCACTCAGATCTCGTCAGCCATGGAGTACCTGGAGAAGAAAAACTTCATCCACAGAGATCTTGCTGCCCGAAACTGCCTGGTAGGGGAGAACCACT","9G0T122",2,40,"GTg/AAg","mnv"
918,"GT","AA",7792,335,335,"V/K","missense_variant","133M","CCGGGAGCCCCCGTTCTATATCATCACTGAGTTCATGACCTACGGGAACCTCCTGGACTACCTGAGGGAGTGCAACCGGCAGGAGAAGAACGCCGTGGTGCTGCTGTACATGGCCACTCAGATCTCGTCAGCC","85G0T46",2,40,"GTg/AAg","mnv"
882,"GT","AA",6228,335,335,"V/K","missense_variant","133M","ACACCCTAACCTGGTGCAGCTCCTTGGGGTCTGCACCCGGGAGCCCCCGTTCTATATCATCACTGAGTTCATGACCTACGGGAACCTCCTGGACTACCTGAGGGAGTGCAACCGGCAGGAGAAGAACGCCGTG","121G0T10",2,40,"GTg/AAg","mnv"
919,"GT","AA",7827,335,335,"V/K","missense_variant","133M","CGGGAGCCCCCGTTCTATATCATCACTGAGTTCATGACCTACGGGAACCTCCTGGACTACCTGAGGGAGTGCAACCGGCAGGAGAAGAACGCCGTGGTGCTGCTGTACATGGCCACTCAGATCTCGTCAGCCA","84G0T47",2,40,"GTg/AAg","mnv"
926,"GT","AA",8189,335,335,"V/K","missense_variant","133M","CCCCGTTCTATATCATCACTGAGTTCATGACCTACGGGAACCTCCTGGACTACCTGAGGGAGTGCAACCGGCAGGAGAAGAACGCCGTGGTGCTGCTGTACATGGCCACTCAGATCTCGTCAGCCATGGAGTA","77G0T54",2,40,"GTg/AAg","mnv"
919,"GT","AA",7827,335,335,"V/K","missense_variant","133M","CGGGAGCCCCCGTTCTATATCATCACTGAGTTCATGACCTACGGGAACCTCCTGGACTACCTGAGGGAGTGCAACCGGCAGGAGAAGAACGCCGTGGTGCTGCTGTACATGGCCACTCAGATCTCGTCAGCCA","84G0T47",2,40,"GTg/AAg","mnv"
962,"GT","AA",8810,335,335,"V/K","missense_variant","133M","GGAACCTCCTGGACTACCTGAGGGAGTGCAACCGGCAGGAGAAGAACGCCGTGGTGCTGCTGTACATGGCCACTCAGATCTCGTCAGCCATGGAGTACCTGGAGAAGAAAAACTTCATCCACAGAGATCTTGC","41G0T90",2,40,"GTg/AAg","mnv"
989,"GT","AA",9246,335,335,"V/K","missense_variant","133M","GCAACCGGCAGGAGAAGAACGCCGTGGTGCTGCTGTACATGGCCACTCAGATCTCGTCAGCCATGGAGTACCTGGAGAAGAAAAACTTCATCCACAGAGATCTTGCTGCCCGAAACTGCCTGGTAGGGGAGAA","14G0T117",2,40,"GTg/AAg","mnv"
993,"GT","AA",9390,335,335,"V/K","missense_variant","133M","CCGGCAGGAGAAGAACGCCGTGGTGCTGCTGTACATGGCCACTCAGATCTCGTCAGCCATGGAGTACCTGGAGAAGAAAAACTTCATCCACAGAGATCTTGCTGCCCGAAACTGCCTGGTAGGGGAGAACCAC","10G0T121",2,40,"GTg/AAg","mnv"
972,"GT","AA",8943,335,335,"V/K","missense_variant","133M","GGACTACCTGAGGGAGTGCAACCGGCAGGAGAAGAACGCCGTGGTGCTGCTGTACATGGCCACTCAGATCTCGTCAGCCATGGAGTACCTGGAGAAGAAAAACTTCATCCACAGAGATCTTGCTGCCCGAAAC","31G0T100",2,40,"GTg/AAg","mnv"
991,"GT","AA",9313,335,335,"V/K","missense_variant","133M","AACCGGCAGGAGAAGAACGCCGTGGTGCTGCTGTACATGGCCACTCAGATCTCGTCAGCCATGGAGTACCTGGAGAAGAAAAACTTCATCCACAGAGATCTTGCTGCCCGAAACTGCCTGGTAGGGGAGAACC","12G0T119",2,40,"GTg/AAg","mnv"
972,"GT","AA",8943,335,335,"V/K","missense_variant","133M","GGACTACCTGAGGGAGTGCAACCGGCAGGAGAAGAACGCCGTGGTGCTGCTGTACATGGCCACTCAGATCTCGTCAGCCATGGAGTACCTGGAGAAGAAAAACTTCATCCACAGAGATCTTGCTGCCCGAAAC","31G0T100",2,40,"GTg/AAg","mnv"
956,"GT","AA",8838,335,335,"V/K","missense_variant","133M","CCTACGGGAACCTCCTGGACTACCTGAGGGAGTGCAACCGGCAGGAGAAGAACGCCGTGGTGCTGCTGTACATGGCCACTCAGATCTCGTCAGCCATGGAGTACCTGGAGAAGAAAAACTTCATCCACAGAGA","47G0T84",2,40,"GTg/AAg","mnv"
990,"GT","AA",9280,335,335,"V/K","missense_variant","133M","CAACCGGCAGGAGAAGAACGCCGTGGTGCTGCTGTACATGGCCACTCAGATCTCGTCAGCCATGGAGTACCTGGAGAAGAAAAACTTCATCCACAGAGATCTTGCTGCCCGAAACTGCCTGGTAGGGGAGAAC","13G0T118",2,40,"GTg/AAg","mnv"
954,"GT","AA",8802,335,335,"V/K","missense_variant","133M","GACCTACGGGAACCTCCTGGACTACCTGAGGGAGTGCAACCGGCAGGAGAAGAACGCCGTGGTGCTGCTGTACATGGCCACTCAGATCTCGTCAGCCATGGAGTACCTGGAGAAGAAAAACTTCATCCACAGA","49G0T82",2,40,"GTg/AAg","mnv"
984,"GT","AA",9102,335,335,"V/K","missense_variant","133M","GGAGTGCAACCGGCAGGAGAAGAACGCCGTGGTGCTGCTGTACATGGCCACTCAGATCTCGTCAGCCATGGAGTACCTGGAGAAGAAAAACTTCATCCACAGAGATCTTGCTGCCCGAAACTGCCTGGTAGGG","19G0T112",2,40,"GTg/AAg","mnv"
966,"GT","CA",8850,335,335,"V/Q","missense_variant","133M","CCTCCTGGACTACCTGAGGGAGTGCAACCGGCAGGAGCAGAACGCCGTGGTGCTGCTGTACATGGCCACTCAGATCTCGTCAGCCATGGAGTACCTGGAGAAGAAAAACTTCATCCACAGAGATCTTGCTGCC","37G0T94",2,3,"GTg/CAg","mnv"
916,"GT","CA",7725,335,335,"V/Q","missense_variant","133M","ACCCGGGAGCCCCCGTTCTATATCATCACTGAGTTCATGACCTACGGGAACCTCCTGGACTACCTGAGGGAGTGCAACCGGCAGGAGCAGAACGCCGTGGTGCTGCTGTACATGGCCACTCAGATCTCGTCAG","87G0T44",2,3,"GTg/CAg","mnv"
960,"GT","CA",8737,335,335,"V/Q","missense_variant","133M","CGGGAACCTCCTGGACTACCTGAGGGAGTGCAACCGGCAGGAGCAGAACGCCGTGGTGCTGCTGTACATGGCCACTCAGATCTCGTCAGCCATGGAGTACCTGGAGAAGAAAAACTTCATCCACAGAGATCTT","43G0T88",2,3,"GTg/CAg","mnv"
952,"GT","TG",8767,335,335,"V/W","missense_variant","133M","ATGACCTACGGGAACCTCCTGGACTACCTGAGGGAGTGCAACCGGCAGGAGTGGAACGCCGTGGTGCTGCTGTACATGGCCACTCAGATCTCGTCAGCCATGGAGTACCTGGAGAAGAAAAACTTCATCCACA","51G0T80",2,18,"GTg/TGg","mnv"
895,"GT","TG",6840,335,335,"V/W","missense_variant","133M","GTGCAGCTCCTTGGGGTCTGCACCCGGGAGCCCCCGTTCTATATCATCACTGAGTTCATGACCTACGGGAACCTCCTGGACTACCTGAGGGAGTGCAACCGGCAGGAGTGGAACGCCGTGGTGCTGCTGTACA","108G0T23",2,18,"GTg/TGg","mnv"
884,"GT","TG",6290,335,335,"V/W","missense_variant","133M","ACCCTAACCTGGTGCAGCTCCTTGGGGTCTGCACCCGGGAGCCCCCGTTCTATATCATCACTGAGTTCATGACCTACGGGAACCTCCTGGACTACCTGAGGGAGTGCAACCGGCAGGAGTGGAACGCCGTGGT","119G0T12",2,18,"GTg/TGg","mnv"
954,"GT","TG",8802,335,335,"V/W","missense_variant","133M","GACCTACGGGAACCTCCTGGACTACCTGAGGGAGTGCAACCGGCAGGAGTGGAACGCCGTGGTGCTGCTGTACATGGCCACTCAGATCTCGTCAGCCATGGAGTACCTGGAGAAGAAAAACTTCATCCACAGA","49G0T82",2,18,"GTg/TGg","mnv"
989,"GT","TG",9246,335,335,"V/W","missense_variant","133M","GCAACCGGCAGGAGTGGAACGCCGTGGTGCTGCTGTACATGGCCACTCAGATCTCGTCAGCCATGGAGTACCTGGAGAAGAAAAACTTCATCCACAGAGATCTTGCTGCCCGAAACTGCCTGGTAGGGGAGAA","14G0T117",2,18,"GTg/TGg","mnv"
876,"GT","TG",5939,335,335,"V/W","missense_variant","133M","GATCAAACACCCTAACCTGGTGCAGCTCCTTGGGGTCTGCACCCGGGAGCCCCCGTTCTATATCATCACTGAGTTCATGACCTACGGGAACCTCCTGGACTACCTGAGGGAGTGCAACCGGCAGGAGTGGAAC","127G0T4",2,18,"GTg/TGg","mnv"
897,"GT","TG",6961,335,335,"V/W","missense_variant","133M","GCAGCTCCTTGGGGTCTGCACCCGGGAGCCCCCGTTCTATATCATCACTGAGTTCATGACCTACGGGAACCTCCTGGACTACCTGAGGGAGTGCAACCGGCAGGAGTGGAACGCCGTGGTGCTGCTGTACATG","106G0T25",2,18,"GTg/TGg","mnv"
968,"GT","TG",8943,335,335,"V/W","missense_variant","133M","TCCTGGACTACCTGAGGGAGTGCAACCGGCAGGAGTGGAACGCCGTGGTGCTGCTGTACATGGCCACTCAGATCTCGTCAGCCATGGAGTACCTGGAGAAGAAAAACTTCATCCACAGAGATCTTGCTGCCCG","35G0T96",2,18,"GTg/TGg","mnv"
986,"GT","TG",9096,335,335,"V/W","missense_variant","133M","AGTGCAACCGGCAGGAGTGGAACGCCGTGGTGCTGCTGTACATGGCCACTCAGATCTCGTCAGCCATGGAGTACCTGGAGAAGAAAAACTTCATCCACAGAGATCTTGCTGCCCGAAACTGCCTGGTAGGGGA","17G0T114",2,18,"GTg/TGg","mnv"
953,"GT","TG",8771,335,335,"V/W","missense_variant","133M","TGACCTACGGGAACCTCCTGGACTACCTGAGGGAGTGCAACCGGCAGGAGTGGAACGCCGTGGTGCTGCTGTACATGGCCACTCAGATCTCGTCAGCCATGGAGTACCTGGAGAAGAAAAACTTCATCCACAG","50G0T81",2,18,"GTg/TGg","mnv"
936,"GT","TG",8646,335,335,"V/W","missense_variant","133M","TATCATCACTGAGTTCATGACCTACGGGAACCTCCTGGACTACCTGAGGGAGTGCAACCGGCAGGAGTGGAACGCCGTGGTGCTGCTGTACATGGCCACTCAGATCTCGTCAGCCATGGAGTACCTGGAGAAG","67G0T64",2,18,"GTg/TGg","mnv"
932,"GT","TG",8453,335,335,"V/W","missense_variant","133M","TCTATATCATCACTGAGTTCATGACCTACGGGAACCTCCTGGACTACCTGAGGGAGTGCAACCGGCAGGAGTGGAACGCCGTGGTGCTGCTGTACATGGCCACTCAGATCTCGTCAGCCATGGAGTACCTGGA","71G0T60",2,18,"GTg/TGg","mnv"
930,"GT","TG",8280,335,335,"V/W","missense_variant","133M","GTTCTATATCATCACTGAGTTCATGACCTACGGGAACCTCCTGGACTACCTGAGGGAGTGCAACCGGCAGGAGTGGAACGCCGTGGTGCTGCTGTACATGGCCACTCAGATCTCGTCAGCCATGGAGTACCTG","73G0T58",2,18,"GTg/TGg","mnv"
953,"GT","TG",8771,335,335,"V/W","missense_variant","133M","TGACCTACGGGAACCTCCTGGACTACCTGAGGGAGTGCAACCGGCAGGAGTGGAACGCCGTGGTGCTGCTGTACATGGCCACTCAGATCTCGTCAGCCATGGAGTACCTGGAGAAGAAAAACTTCATCCACAG","50G0T81",2,18,"GTg/TGg","mnv"
954,"GT","TG",8802,335,335,"V/W","missense_variant","133M","GACCTACGGGAACCTCCTGGACTACCTGAGGGAGTGCAACCGGCAGGAGTGGAACGCCGTGGTGCTGCTGTACATGGCCACTCAGATCTCGTCAGCCATGGAGTACCTGGAGAAGAAAAACTTCATCCACAGA","49G0T82",2,18,"GTg/TGg","mnv"
980,"GT","TG",9103,335,335,"V/W","missense_variant","133M","TGAGGGAGTGCAACCGGCAGGAGTGGAACGCCGTGGTGCTGCTGTACATGGCCACTCAGATCTCGTCAGCCATGGAGTACCTGGAGAAGAAAAACTTCATCCACAGAGATCTTGCTGCCCGAAACTGCCTGGT","23G0T108",2,18,"GTg/TGg","mnv"
881,"GT","TG",6180,335,335,"V/W","missense_variant","133M","AACACCCTAACCTGGTGCAGCTCCTTGGGGTCTGCACCCGGGAGCCCCCGTTCTATATCATCACTGAGTTCATGACCTACGGGAACCTCCTGGACTACCTGAGGGAGTGCAACCGGCAGGAGTGGAACGCCGT","122G0T9",2,18,"GTg/TGg","mnv"
911,"GT","TG",7618,335,335,"V/W","missense_variant","133M","TCTGCACCCGGGAGCCCCCGTTCTATATCATCACTGAGTTCATGACCTACGGGAACCTCCTGGACTACCTGAGGGAGTGCAACCGGCAGGAGTGGAACGCCGTGGTGCTGCTGTACATGGCCACTCAGATCTC","92G0T39",2,18,"GTg/TGg","mnv"
974,"AAC","GAG",9014,336,336,"N/E","missense_variant","133M","ACTACCTGAGGGAGTGCAACCGGCAGGAGGTGGAGGCCGTGGTGCTGCTGTACATGGCCACTCAGATCTCGTCAGCCATGGAGTACCTGGAGAAGAAAAACTTCATCCACAGAGATCTTGCTGCCCGAAACTG","32A1C98",2,3,"AAC/GAG","mnv"
911,"AAC","GAG",7618,336,336,"N/E","missense_variant","133M","TCTGCACCCGGGAGCCCCCGTTCTATATCATCACTGAGTTCATGACCTACGGGAACCTCCTGGACTACCTGAGGGAGTGCAACCGGCAGGAGGTGGAGGCCGTGGTGCTGCTGTACATGGCCACTCAGATCTC","95A1C35",2,3,"AAC/GAG","mnv"
1003,"AAC","GAG",9772,336,336,"N/E","missense_variant","133M","GTGGAGGCCGTGGTGCTGCTGTACATGGCCACTCAGATCTCGTCAGCCATGGAGTACCTGGAGAAGAAAAACTTCATCCACAGAGATCTTGCTGCCCGAAACTGCCTGGTAGGGGAGAACCACTTGGTGAAGG","3A1C127",2,3,"AAC/GAG","mnv"
910,"AAC","GAT",7499,336,336,"N/D","missense_variant","133M","GTCTGCACCCGGGAGCCCCCGTTCTATATCATCACTGAGTTCATGACCTACGGGAACCTCCTGGACTACCTGAGGGAGTGCAACCGGCAGGAGGTGGATGCCGTGGTGCTGCTGTACATGGCCACTCAGATCT","96A1C34",2,1,"AAC/GAT","mnv"
998,"AAC","GCT",9553,336,336,"N/A","missense_variant","133M","AGGAGGTGGCTGCCGTGGTGCTGCTGTACATGGCCACTCAGATCTCGTCAGCCATGGAGTACCTGGAGAAGAAAAACTTCATCCACAGAGATCTTGCTGCCCGAAACTGCCTGGTAGGGGAGAACCACTTGGT","8A0A0C122",3,1,"AAC/GCT","mnv"
929,"AAC","GTG",8245,336,336,"N/V","missense_variant","133M","CGTTCTATATCATCACTGAGTTCATGACCTACGGGAACCTCCTGGACTACCTGAGGGAGTGCAACCGGCAGGAGGTGGTGGCCGTGGTGCTGCTGTACATGGCCACTCAGATCTCGTCAGCCATGGAGTACCT","77A0A0C53",3,1,"AAC/GTG","mnv"
986,"GC","AT",9096,337,337,"A/I","missense_variant","133M","AGTGCAACCGGCAGGAGGTGAACATCGTGGTGCTGCTGTACATGGCCACTCAGATCTCGTCAGCCATGGAGTACCTGGAGAAGAAAAACTTCATCCACAGAGATCTTGCTGCCCGAAACTGCCTGGTAGGGGA","23G0C108",2,17,"GCc/ATc","mnv"
993,"GC","AT",9390,337,337,"A/I","missense_variant","133M","CCGGCAGGAGGTGAACATCGTGGTGCTGCTGTACATGGCCACTCAGATCTCGTCAGCCATGGAGTACCTGGAGAAGAAAAACTTCATCCACAGAGATCTTGCTGCCCGAAACTGCCTGGTAGGGGAGAACCAC","16G0C115",2,17,"GCc/ATc","mnv"
997,"GC","AT",9493,337,337,"A/I","missense_variant","133M","CAGGAGGTGAACATCGTGGTGCTGCTGTACATGGCCACTCAGATCTCGTCAGCCATGGAGTACCTGGAGAAGAAAAACTTCATCCACAGAGATCTTGCTGCCCGAAACTGCCTGGTAGGGGAGAACCACTTGG","12G0C119",2,17,"GCc/ATc","mnv"
990,"GC","AT",9280,337,337,"A/I","missense_variant","133M","CAACCGGCAGGAGGTGAACATCGTGGTGCTGCTGTACATGGCCACTCAGATCTCGTCAGCCATGGAGTACCTGGAGAAGAAAAACTTCATCCACAGAGATCTTGCTGCCCGAAACTGCCTGGTAGGGGAGAAC","19G0C112",2,17,"GCc/ATc","mnv"
899,"GC","AT",7006,337,337,"A/I","missense_variant","133M","AGCTCCTTGGGGTCTGCACCCGGGAGCCCCCGTTCTATATCATCACTGAGTTCATGACCTACGGGAACCTCCTGGACTACCTGAGGGAGTGCAACCGGCAGGAGGTGAACATCGTGGTGCTGCTGTACATGGC","110G0C21",2,17,"GCc/ATc","mnv"
925,"GC","AT",8184,337,337,"A/I","missense_variant","133M","CCCCCGTTCTATATCATCACTGAGTTCATGACCTACGGGAACCTCCTGGACTACCTGAGGGAGTGCAACCGGCAGGAGGTGAACATCGTGGTGCTGCTGTACATGGCCACTCAGATCTCGTCAGCCATGGAGT","84G0C47",2,17,"GCc/ATc","mnv"
952,"GC","AT",8767,337,337,"A/I","missense_variant","133M","ATGACCTACGGGAACCTCCTGGACTACCTGAGGGAGTGCAACCGGCAGGAGGTGAACATCGTGGTGCTGCTGTACATGGCCACTCAGATCTCGTCAGCCATGGAGTACCTGGAGAAGAAAAACTTCATCCACA","57G0C74",2,17,"GCc/ATc","mnv"
974,"GC","AT",9014,337,337,"A/I","missense_variant","133M","ACTACCTGAGGGAGTGCAACCGGCAGGAGGTGAACATCGTGGTGCTGCTGTACATGGCCACTCAGATCTCGTCAGCCATGGAGTACCTGGAGAAGAAAAACTTCATCCACAGAGATCTTGCTGCCCGAAACTG","35G0C96",2,17,"GCc/ATc","mnv"
920,"GC","AT",7931,337,337,"A/I","missense_variant","133M","GGGAGCCCCCGTTCTATATCATCACTGAGTTCATGACCTACGGGAACCTCCTGGACTACCTGAGGGAGTGCAACCGGCAGGAGGTGAACATCGTGGTGCTGCTGTACATGGCCACTCAGATCTCGTCAGCCAT","89G0C42",2,17,"GCc/ATc","mnv"
958,"GC","AT",8843,337,337,"A/I","missense_variant","133M","TACGGGAACCTCCTGGACTACCTGAGGGAGTGCAACCGGCAGGAGGTGAACATCGTGGTGCTGCTGTACATGGCCACTCAGATCTCGTCAGCCATGGAGTACCTGGAGAAGAAAAACTTCATCCACAGAGATC","51G0C80",2,17,"GCc/ATc","mnv"
965,"GC","AT",8823,337,337,"A/I","missense_variant","133M","ACCTCCTGGACTACCTGAGGGAGTGCAACCGGCAGGAGGTGAACATCGTGGTGCTGCTGTACATGGCCACTCAGATCTCGTCAGCCATGGAGTACCTGGAGAAGAAAAACTTCATCCACAGAGATCTTGCTGC","44G0C87",2,17,"GCc/ATc","mnv"
928,"GC","AT",8218,337,337,"A/I","missense_variant","133M","CCGTTCTATATCATCACTGAGTTCATGACCTACGGGAACCTCCTGGACTACCTGAGGGAGTGCAACCGGCAGGAGGTGAACATCGTGGTGCTGCTGTACATGGCCACTCAGATCTCGTCAGCCATGGAGTACC","81G0C50",2,17,"GCc/ATc","mnv"
918,"GC","AT",7792,337,337,"A/I","missense_variant","133M","CCGGGAGCCCCCGTTCTATATCATCACTGAGTTCATGACCTACGGGAACCTCCTGGACTACCTGAGGGAGTGCAACCGGCAGGAGGTGAACATCGTGGTGCTGCTGTACATGGCCACTCAGATCTCGTCAGCC","91G0C40",2,17,"GCc/ATc","mnv"
901,"GC","AT",7030,337,337,"A/I","missense_variant","133M","CTCCTTGGGGTCTGCACCCGGGAGCCCCCGTTCTATATCATCACTGAGTTCATGACCTACGGGAACCTCCTGGACTACCTGAGGGAGTGCAACCGGCAGGAGGTGAACATCGTGGTGCTGCTGTACATGGCCA","108G0C23",2,17,"GCc/ATc","mnv"
928,"GC","AT",8218,337,337,"A/I","missense_variant","133M","CCGTTCTATATCATCACTGAGTTCATGACCTACGGGAACCTCCTGGACTACCTGAGGGAGTGCAACCGGCAGGAGGTGAACATCGTGGTGCTGCTGTACATGGCCACTCAGATCTCGTCAGCCATGGAGTACC","81G0C50",2,17,"GCc/ATc","mnv"
935,"GC","AT",8565,337,337,"A/I","missense_variant","133M","ATATCATCACTGAGTTCATGACCTACGGGAACCTCCTGGACTACCTGAGGGAGTGCAACCGGCAGGAGGTGAACATCGTGGTGCTGCTGTACATGGCCACTCAGATCTCGTCAGCCATGGAGTACCTGGAGAA","74G0C57",2,17,"GCc/ATc","mnv"
955,"GC","AT",8818,337,337,"A/I","missense_variant","133M","ACCTACGGGAACCTCCTGGACTACCTGAGGGAGTGCAACCGGCAGGAGGTGAACATCGTGGTGCTGCTGTACATGGCCACTCAGATCTCGTCAGCCATGGAGTACCTGGAGAAGAAAAACTTCATCCACAGAG","54G0C77",2,17,"GCc/ATc","mnv"
957,"GC","TG",8843,337,337,"A/C","missense_variant","133M","CTACGGGAACCTCCTGGACTACCTGAGGGAGTGCAACCGGCAGGAGGTGAACTGCGTGGTGCTGCTGTACATGGCCACTCAGATCTCGTCAGCCATGGAGTACCTGGAGAAGAAAAACTTCATCCACAGAGAT","52G0C79",2,1,"GCc/TGc","mnv"
920,"GTG","AGA",7931,338,338,"V/R","missense_variant","133M","GGGAGCCCCCGTTCTATATCATCACTGAGTTCATGACCTACGGGAACCTCCTGGACTACCTGAGGGAGTGCAACCGGCAGGAGGTGAACGCCAGAGTGCTGCTGTACATGGCCACTCAGATCTCGTCAGCCAT","92G0T0G38",3,1,"GTG/AGA","mnv"
992,"GTG","ATC",9391,338,338,"V/I","missense_variant","133M","ACCGGCAGGAGGTGAACGCCATCGTGCTGCTGTACATGGCCACTCAGATCTCGTCAGCCATGGAGTACCTGGAGAAGAAAAACTTCATCCACAGAGATCTTGCTGCCCGAAACTGCCTGGTAGGGGAGAACCA","20G1G110",2,1,"GTG/ATC","mnv"
917,"GTG","TTC",7763,338,338,"V/F","missense_variant","133M","CCCGGGAGCCCCCGTTCTATATCATCACTGAGTTCATGACCTACGGGAACCTCCTGGACTACCTGAGGGAGTGCAACCGGCAGGAGGTGAACGCCTTCGTGCTGCTGTACATGGCCACTCAGATCTCGTCAGC","95G1G35",2,1,"GTG/TTC","mnv"
952,"GTG","AGA",8767,339,339,"V/R","missense_variant","133M","ATGACCTACGGGAACCTCCTGGACTACCTGAGGGAGTGCAACCGGCAGGAGGTGAACGCCGTGAGACTGCTGTACATGGCCACTCAGATCTCGTCAGCCATGGAGTACCTGGAGAAGAAAAACTTCATCCACA","63G0T0G67",3,2,"GTG/AGA","mnv"
942,"GTG","AGA",8764,339,339,"V/R","missense_variant","133M","CACTGAGTTCATGACCTACGGGAACCTCCTGGACTACCTGAGGGAGTGCAACCGGCAGGAGGTGAACGCCGTGAGACTGCTGTACATGGCCACTCAGATCTCGTCAGCCATGGAGTACCTGGAGAAGAAAAAC","73G0T0G57",3,2,"GTG/AGA","mnv"
928,"GTG","AGC",8218,339,339,"V/S","missense_variant","133M","CCGTTCTATATCATCACTGAGTTCATGACCTACGGGAACCTCCTGGACTACCTGAGGGAGTGCAACCGGCAGGAGGTGAACGCCGTGAGCCTGCTGTACATGGCCACTCAGATCTCGTCAGCCATGGAGTACC","87G0T0G43",3,1,"GTG/AGC","mnv"
1009,"CTG","AGA",10050,340,340,"L/R","missense_variant","133M","GCCGTGGTGAGACTGTACATGGCCACTCAGATCTCGTCAGCCATGGAGTACCTGGAGAAGAAAAACTTCATCCACAGAGATCTTGCTGCCCGAAACTGCCTGGTAGGGGAGAACCACTTGGTGAAGGTAGCTG","9C0T0G121",3,3,"CTG/AGA","mnv"
936,"CTG","AGA",8646,340,340,"L/R","missense_variant","133M","TATCATCACTGAGTTCATGACCTACGGGAACCTCCTGGACTACCTGAGGGAGTGCAACCGGCAGGAGGTGAACGCCGTGGTGAGACTGTACATGGCCACTCAGATCTCGTCAGCCATGGAGTACCTGGAGAAG","82C0T0G48",3,3,"CTG/AGA","mnv"
979,"CTG","AGA",9036,340,340,"L/R","missense_variant","133M","CTGAGGGAGTGCAACCGGCAGGAGGTGAACGCCGTGGTGAGACTGTACATGGCCACTCAGATCTCGTCAGCCATGGAGTACCTGGAGAAGAAAAACTTCATCCACAGAGATCTTGCTGCCCGAAACTGCCTGG","39C0T0G91",3,3,"CTG/AGA","mnv"
939,"CTG","AGC",8717,340,340,"L/S","missense_variant","133M","CATCACTGAGTTCATGACCTACGGGAACCTCCTGGACTACCTGAGGGAGTGCAACCGGCAGGAGGTGAACGCCGTGGTGAGCCTGTACATGGCCACTCAGATCTCGTCAGCCATGGAGTACCTGGAGAAGAAA","79C0T0G51",3,1,"CTG/AGC","mnv"
987,"CTG","TAC",9139,340,340,"L/Y","missense_variant","133M","GTGCAACCGGCAGGAGGTGAACGCCGTGGTGTACCTGTACATGGCCACTCAGATCTCGTCAGCCATGGAGTACCTGGAGAAGAAAAACTTCATCCACAGAGATCTTGCTGCCCGAAACTGCCTGGTAGGGGAG","31C0T0G99",3,2,"CTG/TAC","mnv"
930,"CTG","TAC",8280,340,340,"L/Y","missense_variant","133M","GTTCTATATCATCACTGAGTTCATGACCTACGGGAACCTCCTGGACTACCTGAGGGAGTGCAACCGGCAGGAGGTGAACGCCGTGGTGTACCTGTACATGGCCACTCAGATCTCGTCAGCCATGGAGTACCTG","88C0T0G42",3,2,"CTG/TAC","mnv"
962,"CT","AA",8810,341,341,"L/K","missense_variant","133M","GGAACCTCCTGGACTACCTGAGGGAGTGCAACCGGCAGGAGGTGAACGCCGTGGTGCTGAAGTACATGGCCACTCAGATCTCGTCAGCCATGGAGTACCTGGAGAAGAAAAACTTCATCCACAGAGATCTTGC","59C0T72",2,7,"CTg/AAg","mnv"
911,"CT","AA",7618,341,341,"L/K","missense_variant","133M","TCTGCACCCGGGAGCCCCCGTTCTATATCATCACTGAGTTCATGACCTACGGGAACCTCCTGGACTACCTGAGGGAGTGCAACCGGCAGGAGGTGAACGCCGTGGTGCTGAAGTACATGGCCACTCAGATCTC","110C0T21",2,7,"CTg/AAg","mnv"
932,"CT","AA",8453,341,341,"L/K","missense_variant","133M","TCTATATCATCACTGAGTTCATGACCTACGGGAACCTCCTGGACTACCTGAGGGAGTGCAACCGGCAGGAGGTGAACGCCGTGGTGCTGAAGTACATGGCCACTCAGATCTCGTCAGCCATGGAGTACCTGGA","89C0T42",2,7,"CTg/AAg","mnv"
937,"CT","AA",8714,341,341,"L/K","missense_variant","133M","ATCATCACTGAGTTCATGACCTACGGGAACCTCCTGGACTACCTGAGGGAGTGCAACCGGCAGGAGGTGAACGCCGTGGTGCTGAAGTACATGGCCACTCAGATCTCGTCAGCCATGGAGTACCTGGAGAAGA","84C0T47",2,7,"CTg/AAg","mnv"
930,"CT","AA",8280,341,341,"L/K","missense_variant","133M","GTTCTATATCATCACTGAGTTCATGACCTACGGGAACCTCCTGGACTACCTGAGGGAGTGCAACCGGCAGGAGGTGAACGCCGTGGTGCTGAAGTACATGGCCACTCAGATCTCGTCAGCCATGGAGTACCTG","91C0T40",2,7,"CTg/AAg","mnv"
912,"CT","AA",7648,341,341,"L/K","missense_variant","133M","CTGCACCCGGGAGCCCCCGTTCTATATCATCACTGAGTTCATGACCTACGGGAACCTCCTGGACTACCTGAGGGAGTGCAACCGGCAGGAGGTGAACGCCGTGGTGCTGAAGTACATGGCCACTCAGATCTCG","109C0T22",2,7,"CTg/AAg","mnv"
1003,"CT","AA",9772,341,341,"L/K","missense_variant","133M","GTGAACGCCGTGGTGCTGAAGTACATGGCCACTCAGATCTCGTCAGCCATGGAGTACCTGGAGAAGAAAAACTTCATCCACAGAGATCTTGCTGCCCGAAACTGCCTGGTAGGGGAGAACCACTTGGTGAAGG","18C0T113",2,7,"CTg/AAg","mnv"
990,"CTG","AAC",9280,341,341,"L/N","missense_variant","133M","CAACCGGCAGGAGGTGAACGCCGTGGTGCTGAACTACATGGCCACTCAGATCTCGTCAGCCATGGAGTACCTGGAGAAGAAAAACTTCATCCACAGAGATCTTGCTGCCCGAAACTGCCTGGTAGGGGAGAAC","31C0T0G99",3,2,"CTG/AAC","mnv"
900,"CTG","AAC",7001,341,341,"L/N","missense_variant","133M","GCTCCTTGGGGTCTGCACCCGGGAGCCCCCGTTCTATATCATCACTGAGTTCATGACCTACGGGAACCTCCTGGACTACCTGAGGGAGTGCAACCGGCAGGAGGTGAACGCCGTGGTGCTGAACTACATGGCC","121C0T0G9",3,2,"CTG/AAC","mnv"
966,"CTG","AGC",8850,341,341,"L/S","missense_variant","133M","CCTCCTGGACTACCTGAGGGAGTGCAACCGGCAGGAGGTGAACGCCGTGGTGCTGAGCTACATGGCCACTCAGATCTCGTCAGCCATGGAGTACCTGGAGAAGAAAAACTTCATCCACAGAGATCTTGCTGCC","55C0T0G75",3,1,"CTG/AGC","mnv"
915,"CTG","ATC",7745,341,341,"L/I","missense_variant","133M","CACCCGGGAGCCCCCGTTCTATATCATCACTGAGTTCATGACCTACGGGAACCTCCTGGACTACCTGAGGGAGTGCAACCGGCAGGAGGTGAACGCCGTGGTGCTGATCTACATGGCCACTCAGATCTCGTCA","106C1G24",2,5,"CTG/ATC","mnv"
935,"CTG","ATC",8565,341,341,"L/I","missense_variant","133M","ATATCATCACTGAGTTCATGACCTACGGGAACCTCCTGGACTACCTGAGGGAGTGCAACCGGCAGGAGGTGAACGCCGTGGTGCTGATCTACATGGCCACTCAGATCTCGTCAGCCATGGAGTACCTGGAGAA","86C1G44",2,5,"CTG/ATC","mnv"
984,"CTG","ATC",9102,341,341,"L/I","missense_variant","133M","GGAGTGCAACCGGCAGGAGGTGAACGCCGTGGTGCTGATCTACATGGCCACTCAGATCTCGTCAGCCATGGAGTACCTGGAGAAGAAAAACTTCATCCACAGAGATCTTGCTGCCCGAAACTGCCTGGTAGGG","37C1G93",2,5,"CTG/ATC","mnv"
973,"CTG","ATC",8988,341,341,"L/I","missense_variant","133M","GACTACCTGAGGGAGTGCAACCGGCAGGAGGTGAACGCCGTGGTGCTGATCTACATGGCCACTCAGATCTCGTCAGCCATGGAGTACCTGGAGAAGAAAAACTTCATCCACAGAGATCTTGCTGCCCGAAACT","48C1G82",2,5,"CTG/ATC","mnv"
910,"CTG","ATC",7499,341,341,"L/I","missense_variant","133M","GTCTGCACCCGGGAGCCCCCGTTCTATATCATCACTGAGTTCATGACCTACGGGAACCTCCTGGACTACCTGAGGGAGTGCAACCGGCAGGAGGTGAACGCCGTGGTGCTGATCTACATGGCCACTCAGATCT","111C1G19",2,5,"CTG/ATC","mnv"
983,"CTG","GGT",9107,341,341,"L/G","missense_variant","133M","GGGAGTGCAACCGGCAGGAGGTGAACGCCGTGGTGCTGGGTTACATGGCCACTCAGATCTCGTCAGCCATGGAGTACCTGGAGAAGAAAAACTTCATCCACAGAGATCTTGCTGCCCGAAACTGCCTGGTAGG","38C0T0G92",3,2,"CTG/GGT","mnv"
980,"CTG","GGT",9103,341,341,"L/G","missense_variant","133M","TGAGGGAGTGCAACCGGCAGGAGGTGAACGCCGTGGTGCTGGGTTACATGGCCACTCAGATCTCGTCAGCCATGGAGTACCTGGAGAAGAAAAACTTCATCCACAGAGATCTTGCTGCCCGAAACTGCCTGGT","41C0T0G89",3,2,"CTG/GGT","mnv"
991,"TA","AC",9313,342,342,"Y/T","missense_variant","133M","AACCGGCAGGAGGTGAACGCCGTGGTGCTGCTGACCATGGCCACTCAGATCTCGTCAGCCATGGAGTACCTGGAGAAGAAAAACTTCATCCACAGAGATCTTGCTGCCCGAAACTGCCTGGTAGGGGAGAACC","33T0A98",2,1,"TAc/ACc","mnv"
1013,"TAC","CAG",10128,342,342,"Y/Q","missense_variant","133M","TGGTGCTGCTGCAGATGGCCACTCAGATCTCGTCAGCCATGGAGTACCTGGAGAAGAAAAACTTCATCCACAGAGATCTTGCTGCCCGAAACTGCCTGGTAGGGGAGAACCACTTGGTGAAGGTAGCTGATTT","11T1C119",2,1,"TAC/CAG","mnv"
936,"TAC","CTG",8646,342,342,"Y/L","missense_variant","133M","TATCATCACTGAGTTCATGACCTACGGGAACCTCCTGGACTACCTGAGGGAGTGCAACCGGCAGGAGGTGAACGCCGTGGTGCTGCTGCTGATGGCCACTCAGATCTCGTCAGCCATGGAGTACCTGGAGAAG","88T0A0C42",3,9,"TAC/CTG","mnv"
962,"TAC","CTG",8810,342,342,"Y/L","missense_variant","133M","GGAACCTCCTGGACTACCTGAGGGAGTGCAACCGGCAGGAGGTGAACGCCGTGGTGCTGCTGCTGATGGCCACTCAGATCTCGTCAGCCATGGAGTACCTGGAGAAGAAAAACTTCATCCACAGAGATCTTGC","62T0A0C68",3,9,"TAC/CTG","mnv"
931,"TAC","CTG",8367,342,342,"Y/L","missense_variant","133M","TTCTATATCATCACTGAGTTCATGACCTACGGGAACCTCCTGGACTACCTGAGGGAGTGCAACCGGCAGGAGGTGAACGCCGTGGTGCTGCTGCTGATGGCCACTCAGATCTCGTCAGCCATGGAGTACCTGG","93T0A0C37",3,9,"TAC/CTG","mnv"
965,"TAC","CTG",8823,342,342,"Y/L","missense_variant","133M","ACCTCCTGGACTACCTGAGGGAGTGCAACCGGCAGGAGGTGAACGCCGTGGTGCTGCTGCTGATGGCCACTCAGATCTCGTCAGCCATGGAGTACCTGGAGAAGAAAAACTTCATCCACAGAGATCTTGCTGC","59T0A0C71",3,9,"TAC/CTG","mnv"
964,"TAC","CTG",8777,342,342,"Y/L","missense_variant","133M","AACCTCCTGGACTACCTGAGGGAGTGCAACCGGCAGGAGGTGAACGCCGTGGTGCTGCTGCTGATGGCCACTCAGATCTCGTCAGCCATGGAGTACCTGGAGAAGAAAAACTTCATCCACAGAGATCTTGCTG","60T0A0C70",3,9,"TAC/CTG","mnv"
954,"TAC","CTG",8802,342,342,"Y/L","missense_variant","132M","GACCTACGGGAACCTCCTGGACTACCTGAGGGAGTGCAACCGGCAGGAGGTGAACGCCGTGGTGCTGCTGCTGATGGCCACTCAGATCTCGTCAGCCATGGAGTACCTGGAGAAGAAAAACTTCATCCACAG","70T0A0C59",3,9,"TAC/CTG","mnv"
940,"TAC","CTG",8694,342,342,"Y/L","missense_variant","133M","ATCACTGAGTTCATGACCTACGGGAACCTCCTGGACTACCTGAGGGAGTGCAACCGGCAGGAGGTGAACGCCGTGGTGCTGCTGCTGATGGCCACTCAGATCTCGTCAGCCATGGAGTACCTGGAGAAGAAAA","84T0A0C46",3,9,"TAC/CTG","mnv"
988,"TAC","CTG",9201,342,342,"Y/L","missense_variant","133M","TGCAACCGGCAGGAGGTGAACGCCGTGGTGCTGCTGCTGATGGCCACTCAGATCTCGTCAGCCATGGAGTACCTGGAGAAGAAAAACTTCATCCACAGAGATCTTGCTGCCCGAAACTGCCTGGTAGGGGAGA","36T0A0C94",3,9,"TAC/CTG","mnv"
993,"TAC","CTG",9390,342,342,"Y/L","missense_variant","133M","CCGGCAGGAGGTGAACGCCGTGGTGCTGCTGCTGATGGCCACTCAGATCTCGTCAGCCATGGAGTACCTGGAGAAGAAAAACTTCATCCACAGAGATCTTGCTGCCCGAAACTGCCTGGTAGGGGAGAACCAC","31T0A0C99",3,9,"TAC/CTG","mnv"
983,"TAC","GAT",9107,342,342,"Y/D","missense_variant","133M","GGGAGTGCAACCGGCAGGAGGTGAACGCCGTGGTGCTGCTGGATATGGCCACTCAGATCTCGTCAGCCATGGAGTACCTGGAGAAGAAAAACTTCATCCACAGAGATCTTGCTGCCCGAAACTGCCTGGTAGG","41T1C89",2,56,"TAC/GAT","mnv"
897,"TAC","GAT",6961,342,342,"Y/D","missense_variant","133M","GCAGCTCCTTGGGGTCTGCACCCGGGAGCCCCCGTTCTATATCATCACTGAGTTCATGACCTACGGGAACCTCCTGGACTACCTGAGGGAGTGCAACCGGCAGGAGGTGAACGCCGTGGTGCTGCTGGATATG","127T1C3",2,56,"TAC/GAT","mnv"
913,"TAC","GAT",7670,342,342,"Y/D","missense_variant","133M","TGCACCCGGGAGCCCCCGTTCTATATCATCACTGAGTTCATGACCTACGGGAACCTCCTGGACTACCTGAGGGAGTGCAACCGGCAGGAGGTGAACGCCGTGGTGCTGCTGGATATGGCCACTCAGATCTCGT","111T1C19",2,56,"TAC/GAT","mnv"
906,"TAC","GAT",7249,342,342,"Y/D","missense_variant","133M","TGGGGTCTGCACCCGGGAGCCCCCGTTCTATATCATCACTGAGTTCATGACCTACGGGAACCTCCTGGACTACCTGAGGGAGTGCAACCGGCAGGAGGTGAACGCCGTGGTGCTGCTGGATATGGCCACTCAG","118T1C12",2,56,"TAC/GAT","mnv"
979,"TAC","GAT",9036,342,342,"Y/D","missense_variant","133M","CTGAGGGAGTGCAACCGGCAGGAGGTGAACGCCGTGGTGCTGCTGGATATGGCCACTCAGATCTCGTCAGCCATGGAGTACCTGGAGAAGAAAAACTTCATCCACAGAGATCTTGCTGCCCGAAACTGCCTGG","45T1C85",2,56,"TAC/GAT","mnv"
959,"TAC","GAT",8796,342,342,"Y/D","missense_variant","133M","ACGGGAACCTCCTGGACTACCTGAGGGAGTGCAACCGGCAGGAGGTGAACGCCGTGGTGCTGCTGGATATGGCCACTCAGATCTCGTCAGCCATGGAGTACCTGGAGAAGAAAAACTTCATCCACAGAGATCT","65T1C65",2,56,"TAC/GAT","mnv"
942,"TAC","GAT",8764,342,342,"Y/D","missense_variant","133M","CACTGAGTTCATGACCTACGGGAACCTCCTGGACTACCTGAGGGAGTGCAACCGGCAGGAGGTGAACGCCGTGGTGCTGCTGGATATGGCCACTCAGATCTCGTCAGCCATGGAGTACCTGGAGAAGAAAAAC","82T1C48",2,56,"TAC/GAT","mnv"
996,"TAC","GAT",9431,342,342,"Y/D","missense_variant","133M","GCAGGAGGTGAACGCCGTGGTGCTGCTGGATATGGCCACTCAGATCTCGTCAGCCATGGAGTACCTGGAGAAGAAAAACTTCATCCACAGAGATCTTGCTGCCCGAAACTGCCTGGTAGGGGAGAACCACTTG","28T1C102",2,56,"TAC/GAT","mnv"
899,"TAC","GAT",7006,342,342,"Y/D","missense_variant","133M","AGCTCCTTGGGGTCTGCACCCGGGAGCCCCCGTTCTATATCATCACTGAGTTCATGACCTACGGGAACCTCCTGGACTACCTGAGGGAGTGCAACCGGCAGGAGGTGAACGCCGTGGTGCTGCTGGATATGGC","125T1C5",2,56,"TAC/GAT","mnv"
925,"TAC","GAT",8184,342,342,"Y/D","missense_variant","133M","CCCCCGTTCTATATCATCACTGAGTTCATGACCTACGGGAACCTCCTGGACTACCTGAGGGAGTGCAACCGGCAGGAGGTGAACGCCGTGGTGCTGCTGGATATGGCCACTCAGATCTCGTCAGCCATGGAGT","99T1C31",2,56,"TAC/GAT","mnv"
910,"TAC","GAT",7499,342,342,"Y/D","missense_variant","133M","GTCTGCACCCGGGAGCCCCCGTTCTATATCATCACTGAGTTCATGACCTACGGGAACCTCCTGGACTACCTGAGGGAGTGCAACCGGCAGGAGGTGAACGCCGTGGTGCTGCTGGATATGGCCACTCAGATCT","114T1C16",2,56,"TAC/GAT","mnv"
920,"TAC","GAT",7931,342,342,"Y/D","missense_variant","133M","GGGAGCCCCCGTTCTATATCATCACTGAGTTCATGACCTACGGGAACCTCCTGGACTACCTGAGGGAGTGCAACCGGCAGGAGGTGAACGCCGTGGTGCTGCTGGATATGGCCACTCAGATCTCGTCAGCCAT","104T1C26",2,56,"TAC/GAT","mnv"
1004,"TAC","GAT",9775,342,342,"Y/D","missense_variant","133M","TGAACGCCGTGGTGCTGCTGGATATGGCCACTCAGATCTCGTCAGCCATGGAGTACCTGGAGAAGAAAAACTTCATCCACAGAGATCTTGCTGCCCGAAACTGCCTGGTAGGGGAGAACCACTTGGTGAAGGT","20T1C110",2,56,"TAC/GAT","mnv"
997,"TAC","GAT",9493,342,342,"Y/D","missense_variant","133M","CAGGAGGTGAACGCCGTGGTGCTGCTGGATATGGCCACTCAGATCTCGTCAGCCATGGAGTACCTGGAGAAGAAAAACTTCATCCACAGAGATCTTGCTGCCCGAAACTGCCTGGTAGGGGAGAACCACTTGG","27T1C103",2,56,"TAC/GAT","mnv"
986,"TAC","GAT",9096,342,342,"Y/D","missense_variant","133M","AGTGCAACCGGCAGGAGGTGAACGCCGTGGTGCTGCTGGATATGGCCACTCAGATCTCGTCAGCCATGGAGTACCTGGAGAAGAAAAACTTCATCCACAGAGATCTTGCTGCCCGAAACTGCCTGGTAGGGGA","38T1C92",2,56,"TAC/GAT","mnv"
933,"TAC","GAT",8465,342,342,"Y/D","missense_variant","133M","CTATATCATCACTGAGTTCATGACCTACGGGAACCTCCTGGACTACCTGAGGGAGTGCAACCGGCAGGAGGTGAACGCCGTGGTGCTGCTGGATATGGCCACTCAGATCTCGTCAGCCATGGAGTACCTGGAG","91T1C39",2,56,"TAC/GAT","mnv"
915,"TAC","GAT",7745,342,342,"Y/D","missense_variant","133M","CACCCGGGAGCCCCCGTTCTATATCATCACTGAGTTCATGACCTACGGGAACCTCCTGGACTACCTGAGGGAGTGCAACCGGCAGGAGGTGAACGCCGTGGTGCTGCTGGATATGGCCACTCAGATCTCGTCA","109T1C21",2,56,"TAC/GAT","mnv"
984,"TAC","GAT",9102,342,342,"Y/D","missense_variant","133M","GGAGTGCAACCGGCAGGAGGTGAACGCCGTGGTGCTGCTGGATATGGCCACTCAGATCTCGTCAGCCATGGAGTACCTGGAGAAGAAAAACTTCATCCACAGAGATCTTGCTGCCCGAAACTGCCTGGTAGGG","40T1C90",2,56,"TAC/GAT","mnv"
912,"TAC","GAT",7648,342,342,"Y/D","missense_variant","133M","CTGCACCCGGGAGCCCCCGTTCTATATCATCACTGAGTTCATGACCTACGGGAACCTCCTGGACTACCTGAGGGAGTGCAACCGGCAGGAGGTGAACGCCGTGGTGCTGCTGGATATGGCCACTCAGATCTCG","112T1C18",2,56,"TAC/GAT","mnv"
964,"TAC","GAT",8777,342,342,"Y/D","missense_variant","133M","AACCTCCTGGACTACCTGAGGGAGTGCAACCGGCAGGAGGTGAACGCCGTGGTGCTGCTGGATATGGCCACTCAGATCTCGTCAGCCATGGAGTACCTGGAGAAGAAAAACTTCATCCACAGAGATCTTGCTG","60T1C70",2,56,"TAC/GAT","mnv"
914,"TAC","GAT",7748,342,342,"Y/D","missense_variant","133M","GCACCCGGGAGCCCCCGTTCTATATCATCACTGAGTTCATGACCTACGGGAACCTCCTGGACTACCTGAGGGAGTGCAACCGGCAGGAGGTGAACGCCGTGGTGCTGCTGGATATGGCCACTCAGATCTCGTC","110T1C20",2,56,"TAC/GAT","mnv"
931,"TAC","GAT",8367,342,342,"Y/D","missense_variant","133M","TTCTATATCATCACTGAGTTCATGACCTACGGGAACCTCCTGGACTACCTGAGGGAGTGCAACCGGCAGGAGGTGAACGCCGTGGTGCTGCTGGATATGGCCACTCAGATCTCGTCAGCCATGGAGTACCTGG","93T1C37",2,56,"TAC/GAT","mnv"
982,"TAC","GAT",9096,342,342,"Y/D","missense_variant","133M","AGGGAGTGCAACCGGCAGGAGGTGAACGCCGTGGTGCTGCTGGATATGGCCACTCAGATCTCGTCAGCCATGGAGTACCTGGAGAAGAAAAACTTCATCCACAGAGATCTTGCTGCCCGAAACTGCCTGGTAG","42T1C88",2,56,"TAC/GAT","mnv"
998,"TAC","GAT",9553,342,342,"Y/D","missense_variant","133M","AGGAGGTGAACGCCGTGGTGCTGCTGGATATGGCCACTCAGATCTCGTCAGCCATGGAGTACCTGGAGAAGAAAAACTTCATCCACAGAGATCTTGCTGCCCGAAACTGCCTGGTAGGGGAGAACCACTTGGT","26T1C104",2,56,"TAC/GAT","mnv"
952,"TAC","GAT",8767,342,342,"Y/D","missense_variant","133M","ATGACCTACGGGAACCTCCTGGACTACCTGAGGGAGTGCAACCGGCAGGAGGTGAACGCCGTGGTGCTGCTGGATATGGCCACTCAGATCTCGTCAGCCATGGAGTACCTGGAGAAGAAAAACTTCATCCACA","72T1C58",2,56,"TAC/GAT","mnv"
932,"TAC","GAT",8453,342,342,"Y/D","missense_variant","133M","TCTATATCATCACTGAGTTCATGACCTACGGGAACCTCCTGGACTACCTGAGGGAGTGCAACCGGCAGGAGGTGAACGCCGTGGTGCTGCTGGATATGGCCACTCAGATCTCGTCAGCCATGGAGTACCTGGA","92T1C38",2,56,"TAC/GAT","mnv"
936,"TAC","GAT",8646,342,342,"Y/D","missense_variant","133M","TATCATCACTGAGTTCATGACCTACGGGAACCTCCTGGACTACCTGAGGGAGTGCAACCGGCAGGAGGTGAACGCCGTGGTGCTGCTGGATATGGCCACTCAGATCTCGTCAGCCATGGAGTACCTGGAGAAG","88T1C42",2,56,"TAC/GAT","mnv"
1020,"TAC","GAT",10258,342,342,"Y/D","missense_variant","133M","GCTGGATATGGCCACTCAGATCTCGTCAGCCATGGAGTACCTGGAGAAGAAAAACTTCATCCACAGAGATCTTGCTGCCCGAAACTGCCTGGTAGGGGAGAACCACTTGGTGAAGGTAGCTGATTTTGGCCTG","4T1C126",2,56,"TAC/GAT","mnv"
1006,"TAC","GAT",9908,342,342,"Y/D","missense_variant","133M","AACGCCGTGGTGCTGCTGGATATGGCCACTCAGATCTCGTCAGCCATGGAGTACCTGGAGAAGAAAAACTTCATCCACAGAGATCTTGCTGCCCGAAACTGCCTGGTAGGGGAGAACCACTTGGTGAAGGTAG","18T1C112",2,56,"TAC/GAT","mnv"
902,"TAC","GAT",7102,342,342,"Y/D","missense_variant","133M","TCCTTGGGGTCTGCACCCGGGAGCCCCCGTTCTATATCATCACTGAGTTCATGACCTACGGGAACCTCCTGGACTACCTGAGGGAGTGCAACCGGCAGGAGGTGAACGCCGTGGTGCTGCTGGATATGGCCAC","122T1C8",2,56,"TAC/GAT","mnv"
982,"TAC","GAT",9096,342,342,"Y/D","missense_variant","133M","AGGGAGTGCAACCGGCAGGAGGTGAACGCCGTGGTGCTGCTGGATATGGCCACTCAGATCTCGTCAGCCATGGAGTACCTGGAGAAGAAAAACTTCATCCACAGAGATCTTGCTGCCCGAAACTGCCTGGTAG","42T1C88",2,56,"TAC/GAT","mnv"
995,"TAC","GAT",9376,342,342,"Y/D","missense_variant","133M","GGCAGGAGGTGAACGCCGTGGTGCTGCTGGATATGGCCACTCAGATCTCGTCAGCCATGGAGTACCTGGAGAAGAAAAACTTCATCCACAGAGATCTTGCTGCCCGAAACTGCCTGGTAGGGGAGAACCACTT","29T1C101",2,56,"TAC/GAT","mnv"
926,"TAC","GAT",8189,342,342,"Y/D","missense_variant","133M","CCCCGTTCTATATCATCACTGAGTTCATGACCTACGGGAACCTCCTGGACTACCTGAGGGAGTGCAACCGGCAGGAGGTGAACGCCGTGGTGCTGCTGGATATGGCCACTCAGATCTCGTCAGCCATGGAGTA","98T1C32",2,56,"TAC/GAT","mnv"
899,"TAC","GAT",7006,342,342,"Y/D","missense_variant","133M","AGCTCCTTGGGGTCTGCACCCGGGAGCCCCCGTTCTATATCATCACTGAGTTCATGACCTACGGGAACCTCCTGGACTACCTGAGGGAGTGCAACCGGCAGGAGGTGAACGCCGTGGTGCTGCTGGATATGGC","125T1C5",2,56,"TAC/GAT","mnv"
912,"TAC","GAT",7648,342,342,"Y/D","missense_variant","133M","CTGCACCCGGGAGCCCCCGTTCTATATCATCACTGAGTTCATGACCTACGGGAACCTCCTGGACTACCTGAGGGAGTGCAACCGGCAGGAGGTGAACGCCGTGGTGCTGCTGGATATGGCCACTCAGATCTCG","112T1C18",2,56,"TAC/GAT","mnv"
965,"TAC","GAT",8823,342,342,"Y/D","missense_variant","133M","ACCTCCTGGACTACCTGAGGGAGTGCAACCGGCAGGAGGTGAACGCCGTGGTGCTGCTGGATATGGCCACTCAGATCTCGTCAGCCATGGAGTACCTGGAGAAGAAAAACTTCATCCACAGAGATCTTGCTGC","59T1C71",2,56,"TAC/GAT","mnv"
914,"TAC","GAT",7748,342,342,"Y/D","missense_variant","133M","GCACCCGGGAGCCCCCGTTCTATATCATCACTGAGTTCATGACCTACGGGAACCTCCTGGACTACCTGAGGGAGTGCAACCGGCAGGAGGTGAACGCCGTGGTGCTGCTGGATATGGCCACTCAGATCTCGTC","110T1C20",2,56,"TAC/GAT","mnv"
938,"TAC","GAT",8715,342,342,"Y/D","missense_variant","133M","TCATCACTGAGTTCATGACCTACGGGAACCTCCTGGACTACCTGAGGGAGTGCAACCGGCAGGAGGTGAACGCCGTGGTGCTGCTGGATATGGCCACTCAGATCTCGTCAGCCATGGAGTACCTGGAGAAGAA","86T1C44",2,56,"TAC/GAT","mnv"
981,"TAC","GAT",9097,342,342,"Y/D","missense_variant","133M","GAGGGAGTGCAACCGGCAGGAGGTGAACGCCGTGGTGCTGCTGGATATGGCCACTCAGATCTCGTCAGCCATGGAGTACCTGGAGAAGAAAAACTTCATCCACAGAGATCTTGCTGCCCGAAACTGCCTGGTA","43T1C87",2,56,"TAC/GAT","mnv"
996,"TAC","GAT",9431,342,342,"Y/D","missense_variant","133M","GCAGGAGGTGAACGCCGTGGTGCTGCTGGATATGGCCACTCAGATCTCGTCAGCCATGGAGTACCTGGAGAAGAAAAACTTCATCCACAGAGATCTTGCTGCCCGAAACTGCCTGGTAGGGGAGAACCACTTG","28T1C102",2,56,"TAC/GAT","mnv"
915,"TAC","GAT",7745,342,342,"Y/D","missense_variant","133M","CACCCGGGAGCCCCCGTTCTATATCATCACTGAGTTCATGACCTACGGGAACCTCCTGGACTACCTGAGGGAGTGCAACCGGCAGGAGGTGAACGCCGTGGTGCTGCTGGATATGGCCACTCAGATCTCGTCA","109T1C21",2,56,"TAC/GAT","mnv"
956,"TAC","GAT",8838,342,342,"Y/D","missense_variant","133M","CCTACGGGAACCTCCTGGACTACCTGAGGGAGTGCAACCGGCAGGAGGTGAACGCCGTGGTGCTGCTGGATATGGCCACTCAGATCTCGTCAGCCATGGAGTACCTGGAGAAGAAAAACTTCATCCACAGAGA","68T1C62",2,56,"TAC/GAT","mnv"
904,"TAC","GAT",7187,342,342,"Y/D","missense_variant","133M","CTTGGGGTCTGCACCCGGGAGCCCCCGTTCTATATCATCACTGAGTTCATGACCTACGGGAACCTCCTGGACTACCTGAGGGAGTGCAACCGGCAGGAGGTGAACGCCGTGGTGCTGCTGGATATGGCCACTC","120T1C10",2,56,"TAC/GAT","mnv"
904,"TAC","GAT",7187,342,342,"Y/D","missense_variant","133M","CTTGGGGTCTGCACCCGGGAGCCCCCGTTCTATATCATCACTGAGTTCATGACCTACGGGAACCTCCTGGACTACCTGAGGGAGTGCAACCGGCAGGAGGTGAACGCCGTGGTGCTGCTGGATATGGCCACTC","120T1C10",2,56,"TAC/GAT","mnv"
908,"TAC","GAT",7408,342,342,"Y/D","missense_variant","133M","GGGTCTGCACCCGGGAGCCCCCGTTCTATATCATCACTGAGTTCATGACCTACGGGAACCTCCTGGACTACCTGAGGGAGTGCAACCGGCAGGAGGTGAACGCCGTGGTGCTGCTGGATATGGCCACTCAGAT","116T1C14",2,56,"TAC/GAT","mnv"
962,"TAC","GAT",8810,342,342,"Y/D","missense_variant","133M","GGAACCTCCTGGACTACCTGAGGGAGTGCAACCGGCAGGAGGTGAACGCCGTGGTGCTGCTGGATATGGCCACTCAGATCTCGTCAGCCATGGAGTACCTGGAGAAGAAAAACTTCATCCACAGAGATCTTGC","62T1C68",2,56,"TAC/GAT","mnv"
920,"TAC","GAT",7931,342,342,"Y/D","missense_variant","133M","GGGAGCCCCCGTTCTATATCATCACTGAGTTCATGACCTACGGGAACCTCCTGGACTACCTGAGGGAGTGCAACCGGCAGGAGGTGAACGCCGTGGTGCTGCTGGATATGGCCACTCAGATCTCGTCAGCCAT","104T1C26",2,56,"TAC/GAT","mnv"
944,"TAC","GAT",8803,342,342,"Y/D","missense_variant","133M","CTGAGTTCATGACCTACGGGAACCTCCTGGACTACCTGAGGGAGTGCAACCGGCAGGAGGTGAACGCCGTGGTGCTGCTGGATATGGCCACTCAGATCTCGTCAGCCATGGAGTACCTGGAGAAGAAAAACTT","80T1C50",2,56,"TAC/GAT","mnv"
919,"TAC","GAT",7827,342,342,"Y/D","missense_variant","133M","CGGGAGCCCCCGTTCTATATCATCACTGAGTTCATGACCTACGGGAACCTCCTGGACTACCTGAGGGAGTGCAACCGGCAGGAGGTGAACGCCGTGGTGCTGCTGGATATGGCCACTCAGATCTCGTCAGCCA","105T1C25",2,56,"TAC/GAT","mnv"
1008,"TAC","GAT",10040,342,342,"Y/D","missense_variant","133M","CGCCGTGGTGCTGCTGGATATGGCCACTCAGATCTCGTCAGCCATGGAGTACCTGGAGAAGAAAAACTTCATCCACAGAGATCTTGCTGCCCGAAACTGCCTGGTAGGGGAGAACCACTTGGTGAAGGTAGCT","16T1C114",2,56,"TAC/GAT","mnv"
982,"TAC","GAT",9096,342,342,"Y/D","missense_variant","133M","AGGGAGTGCAACCGGCAGGAGGTGAACGCCGTGGTGCTGCTGGATATGGCCACTCAGATCTCGTCAGCCATGGAGTACCTGGAGAAGAAAAACTTCATCCACAGAGATCTTGCTGCCCGAAACTGCCTGGTAG","42T1C88",2,56,"TAC/GAT","mnv"
959,"TAC","GAT",8796,342,342,"Y/D","missense_variant","133M","ACGGGAACCTCCTGGACTACCTGAGGGAGTGCAACCGGCAGGAGGTGAACGCCGTGGTGCTGCTGGATATGGCCACTCAGATCTCGTCAGCCATGGAGTACCTGGAGAAGAAAAACTTCATCCACAGAGATCT","65T1C65",2,56,"TAC/GAT","mnv"
939,"TAC","GAT",8717,342,342,"Y/D","missense_variant","133M","CATCACTGAGTTCATGACCTACGGGAACCTCCTGGACTACCTGAGGGAGTGCAACCGGCAGGAGGTGAACGCCGTGGTGCTGCTGGATATGGCCACTCAGATCTCGTCAGCCATGGAGTACCTGGAGAAGAAA","85T1C45",2,56,"TAC/GAT","mnv"
968,"TAC","GAT",8943,342,342,"Y/D","missense_variant","133M","TCCTGGACTACCTGAGGGAGTGCAACCGGCAGGAGGTGAACGCCGTGGTGCTGCTGGATATGGCCACTCAGATCTCGTCAGCCATGGAGTACCTGGAGAAGAAAAACTTCATCCACAGAGATCTTGCTGCCCG","56T1C74",2,56,"TAC/GAT","mnv"
981,"TAC","GAT",9097,342,342,"Y/D","missense_variant","133M","GAGGGAGTGCAACCGGCAGGAGGTGAACGCCGTGGTGCTGCTGGATATGGCCACTCAGATCTCGTCAGCCATGGAGTACCTGGAGAAGAAAAACTTCATCCACAGAGATCTTGCTGCCCGAAACTGCCTGGTA","43T1C87",2,56,"TAC/GAT","mnv"
996,"TAC","GAT",9431,342,342,"Y/D","missense_variant","133M","GCAGGAGGTGAACGCCGTGGTGCTGCTGGATATGGCCACTCAGATCTCGTCAGCCATGGAGTACCTGGAGAAGAAAAACTTCATCCACAGAGATCTTGCTGCCCGAAACTGCCTGGTAGGGGAGAACCACTTG","28T1C102",2,56,"TAC/GAT","mnv"
951,"TAC","GCT",8758,342,342,"Y/A","missense_variant","133M","CATGACCTACGGGAACCTCCTGGACTACCTGAGGGAGTGCAACCGGCAGGAGGTGAACGCCGTGGTGCTGCTGGCTATGGCCACTCAGATCTCGTCAGCCATGGAGTACCTGGAGAAGAAAAACTTCATCCAC","73T0A0C57",3,1,"TAC/GCT","mnv"
902,"TAC","GTG",7102,342,342,"Y/V","missense_variant","133M","TCCTTGGGGTCTGCACCCGGGAGCCCCCGTTCTATATCATCACTGAGTTCATGACCTACGGGAACCTCCTGGACTACCTGAGGGAGTGCAACCGGCAGGAGGTGAACGCCGTGGTGCTGCTGGTGATGGCCAC","122T0A0C8",3,5,"TAC/GTG","mnv"
929,"TAC","GTG",8245,342,342,"Y/V","missense_variant","133M","CGTTCTATATCATCACTGAGTTCATGACCTACGGGAACCTCCTGGACTACCTGAGGGAGTGCAACCGGCAGGAGGTGAACGCCGTGGTGCTGCTGGTGATGGCCACTCAGATCTCGTCAGCCATGGAGTACCT","95T0A0C35",3,5,"TAC/GTG","mnv"
961,"TAC","GTG",8764,342,342,"Y/V","missense_variant","133M","GGGAACCTCCTGGACTACCTGAGGGAGTGCAACCGGCAGGAGGTGAACGCCGTGGTGCTGCTGGTGATGGCCACTCAGATCTCGTCAGCCATGGAGTACCTGGAGAAGAAAAACTTCATCCACAGAGATCTTG","63T0A0C67",3,5,"TAC/GTG","mnv"
951,"TAC","GTG",8758,342,342,"Y/V","missense_variant","133M","CATGACCTACGGGAACCTCCTGGACTACCTGAGGGAGTGCAACCGGCAGGAGGTGAACGCCGTGGTGCTGCTGGTGATGGCCACTCAGATCTCGTCAGCCATGGAGTACCTGGAGAAGAAAAACTTCATCCAC","73T0A0C57",3,5,"TAC/GTG","mnv"
928,"TAC","GTG",8218,342,342,"Y/V","missense_variant","133M","CCGTTCTATATCATCACTGAGTTCATGACCTACGGGAACCTCCTGGACTACCTGAGGGAGTGCAACCGGCAGGAGGTGAACGCCGTGGTGCTGCTGGTGATGGCCACTCAGATCTCGTCAGCCATGGAGTACC","96T0A0C34",3,5,"TAC/GTG","mnv"
984,"GC","TG",9102,344,344,"A/C","missense_variant","133M","GGAGTGCAACCGGCAGGAGGTGAACGCCGTGGTGCTGCTGTACATGTGCACTCAGATCTCGTCAGCCATGGAGTACCTGGAGAAGAAAAACTTCATCCACAGAGATCTTGCTGCCCGAAACTGCCTGGTAGGG","46G0C85",2,6,"GCc/TGc","mnv"
911,"GC","TG",7618,344,344,"A/C","missense_variant","133M","TCTGCACCCGGGAGCCCCCGTTCTATATCATCACTGAGTTCATGACCTACGGGAACCTCCTGGACTACCTGAGGGAGTGCAACCGGCAGGAGGTGAACGCCGTGGTGCTGCTGTACATGTGCACTCAGATCTC","119G0C12",2,6,"GCc/TGc","mnv"
942,"GC","TG",8764,344,344,"A/C","missense_variant","133M","CACTGAGTTCATGACCTACGGGAACCTCCTGGACTACCTGAGGGAGTGCAACCGGCAGGAGGTGAACGCCGTGGTGCTGCTGTACATGTGCACTCAGATCTCGTCAGCCATGGAGTACCTGGAGAAGAAAAAC","88G0C43",2,6,"GCc/TGc","mnv"
1014,"GC","TG",10094,344,344,"A/C","missense_variant","133M","GGTGCTGCTGTACATGTGCACTCAGATCTCGTCAGCCATGGAGTACCTGGAGAAGAAAAACTTCATCCACAGAGATCTTGCTGCCCGAAACTGCCTGGTAGGGGAGAACCACTTGGTGAAGGTAGCTGATTTT","16G0C115",2,6,"GCc/TGc","mnv"
905,"GC","TG",7213,344,344,"A/C","missense_variant","133M","TTGGGGTCTGCACCCGGGAGCCCCCGTTCTATATCATCACTGAGTTCATGACCTACGGGAACCTCCTGGACTACCTGAGGGAGTGCAACCGGCAGGAGGTGAACGCCGTGGTGCTGCTGTACATGTGCACTCA","125G0C6",2,6,"GCc/TGc","mnv"
988,"GC","TG",9201,344,344,"A/C","missense_variant","133M","TGCAACCGGCAGGAGGTGAACGCCGTGGTGCTGCTGTACATGTGCACTCAGATCTCGTCAGCCATGGAGTACCTGGAGAAGAAAAACTTCATCCACAGAGATCTTGCTGCCCGAAACTGCCTGGTAGGGGAGA","42G0C89",2,6,"GCc/TGc","mnv"
1010,"GC","TT",10055,344,344,"A/F","missense_variant","133M","CCGTGGTGCTGCTGTACATGTTCACTCAGATCTCGTCAGCCATGGAGTACCTGGAGAAGAAAAACTTCATCCACAGAGATCTTGCTGCCCGAAACTGCCTGGTAGGGGAGAACCACTTGGTGAAGGTAGCTGA","20G0C111",2,2,"GCc/TTc","mnv"
943,"GC","TT",8789,344,344,"A/F","missense_variant","133M","ACTGAGTTCATGACCTACGGGAACCTCCTGGACTACCTGAGGGAGTGCAACCGGCAGGAGGTGAACGCCGTGGTGCTGCTGTACATGTTCACTCAGATCTCGTCAGCCATGGAGTACCTGGAGAAGAAAAACT","87G0C44",2,2,"GCc/TTc","mnv"
1021,"GCC","TGG",10254,344,344,"A/W","missense_variant","133M","CTGTACATGTGGACTCAGATCTCGTCAGCCATGGAGTACCTGGAGAAGAAAAACTTCATCCACAGAGATCTTGCTGCCCGAAACTGCCTGGTAGGGGAGAACCACTTGGTGAAGGTAGCTGATTTTGGCCTGA","9G0C0C121",3,2,"GCC/TGG","mnv"
980,"GCC","TGG",9103,344,344,"A/W","missense_variant","133M","TGAGGGAGTGCAACCGGCAGGAGGTGAACGCCGTGGTGCTGCTGTACATGTGGACTCAGATCTCGTCAGCCATGGAGTACCTGGAGAAGAAAAACTTCATCCACAGAGATCTTGCTGCCCGAAACTGCCTGGT","50G0C0C80",3,2,"GCC/TGG","mnv"
989,"AC","GG",9246,345,345,"T/G","missense_variant","133M","GCAACCGGCAGGAGGTGAACGCCGTGGTGCTGCTGTACATGGCCGGTCAGATCTCGTCAGCCATGGAGTACCTGGAGAAGAAAAACTTCATCCACAGAGATCTTGCTGCCCGAAACTGCCTGGTAGGGGAGAA","44A0C87",2,4,"ACt/GGt","mnv"
918,"AC","GG",7792,345,345,"T/G","missense_variant","133M","CCGGGAGCCCCCGTTCTATATCATCACTGAGTTCATGACCTACGGGAACCTCCTGGACTACCTGAGGGAGTGCAACCGGCAGGAGGTGAACGCCGTGGTGCTGCTGTACATGGCCGGTCAGATCTCGTCAGCC","115A0C16",2,4,"ACt/GGt","mnv"
952,"AC","GG",8767,345,345,"T/G","missense_variant","133M","ATGACCTACGGGAACCTCCTGGACTACCTGAGGGAGTGCAACCGGCAGGAGGTGAACGCCGTGGTGCTGCTGTACATGGCCGGTCAGATCTCGTCAGCCATGGAGTACCTGGAGAAGAAAAACTTCATCCACA","81A0C50",2,4,"ACt/GGt","mnv"
942,"AC","GG",8764,345,345,"T/G","missense_variant","133M","CACTGAGTTCATGACCTACGGGAACCTCCTGGACTACCTGAGGGAGTGCAACCGGCAGGAGGTGAACGCCGTGGTGCTGCTGTACATGGCCGGTCAGATCTCGTCAGCCATGGAGTACCTGGAGAAGAAAAAC","91A0C40",2,4,"ACt/GGt","mnv"
962,"TCA","GCT",8810,349,349,"S/A","missense_variant","133M","GGAACCTCCTGGACTACCTGAGGGAGTGCAACCGGCAGGAGGTGAACGCCGTGGTGCTGCTGTACATGGCCACTCAGATCTCGGCTGCCATGGAGTACCTGGAGAAGAAAAACTTCATCCACAGAGATCTTGC","83T1A47",2,8,"TCA/GCT","mnv"
936,"TCA","GCT",8646,349,349,"S/A","missense_variant","133M","TATCATCACTGAGTTCATGACCTACGGGAACCTCCTGGACTACCTGAGGGAGTGCAACCGGCAGGAGGTGAACGCCGTGGTGCTGCTGTACATGGCCACTCAGATCTCGGCTGCCATGGAGTACCTGGAGAAG","109T1A21",2,8,"TCA/GCT","mnv"
1026,"TCA","GCT",10110,349,349,"S/A","missense_variant","133M","CATGGCCACTCAGATCTCGGCTGCCATGGAGTACCTGGAGAAGAAAAACTTCATCCACAGAGATCTTGCTGCCCGAAACTGCCTGGTAGGGGAGAACCACTTGGTGAAGGTAGCTGATTTTGGCCTGAGCAGG","19T1A111",2,8,"TCA/GCT","mnv"
1033,"TCA","GCT",10113,349,349,"S/A","missense_variant","133M","ACTCAGATCTCGGCTGCCATGGAGTACCTGGAGAAGAAAAACTTCATCCACAGAGATCTTGCTGCCCGAAACTGCCTGGTAGGGGAGAACCACTTGGTGAAGGTAGCTGATTTTGGCCTGAGCAGGTTGATGA","12T1A118",2,8,"TCA/GCT","mnv"
922,"TCA","GCT",8062,349,349,"S/A","missense_variant","133M","GAGCCCCCGTTCTATATCATCACTGAGTTCATGACCTACGGGAACCTCCTGGACTACCTGAGGGAGTGCAACCGGCAGGAGGTGAACGCCGTGGTGCTGCTGTACATGGCCACTCAGATCTCGGCTGCCATGG","123T1A7",2,8,"TCA/GCT","mnv"
939,"TCA","GCT",8717,349,349,"S/A","missense_variant","133M","CATCACTGAGTTCATGACCTACGGGAACCTCCTGGACTACCTGAGGGAGTGCAACCGGCAGGAGGTGAACGCCGTGGTGCTGCTGTACATGGCCACTCAGATCTCGGCTGCCATGGAGTACCTGGAGAAGAAA","106T1A24",2,8,"TCA/GCT","mnv"
935,"TCA","GCT",8565,349,349,"S/A","missense_variant","133M","ATATCATCACTGAGTTCATGACCTACGGGAACCTCCTGGACTACCTGAGGGAGTGCAACCGGCAGGAGGTGAACGCCGTGGTGCTGCTGTACATGGCCACTCAGATCTCGGCTGCCATGGAGTACCTGGAGAA","110T1A20",2,8,"TCA/GCT","mnv"
1002,"TCA","GCT",9733,349,349,"S/A","missense_variant","133M","GGTGAACGCCGTGGTGCTGCTGTACATGGCCACTCAGATCTCGGCTGCCATGGAGTACCTGGAGAAGAAAAACTTCATCCACAGAGATCTTGCTGCCCGAAACTGCCTGGTAGGGGAGAACCACTTGGTGAAG","43T1A87",2,8,"TCA/GCT","mnv"
974,"GAG","TTC",9014,352,352,"E/F","missense_variant","133M","ACTACCTGAGGGAGTGCAACCGGCAGGAGGTGAACGCCGTGGTGCTGCTGTACATGGCCACTCAGATCTCGTCAGCCATGTTCTACCTGGAGAAGAAAAACTTCATCCACAGAGATCTTGCTGCCCGAAACTG","80G0A0G50",3,7,"GAG/TTC","mnv"
997,"GAG","TTC",9493,352,352,"E/F","missense_variant","133M","CAGGAGGTGAACGCCGTGGTGCTGCTGTACATGGCCACTCAGATCTCGTCAGCCATGTTCTACCTGGAGAAGAAAAACTTCATCCACAGAGATCTTGCTGCCCGAAACTGCCTGGTAGGGGAGAACCACTTGG","57G0A0G73",3,7,"GAG/TTC","mnv"
998,"GAG","TTC",9553,352,352,"E/F","missense_variant","133M","AGGAGGTGAACGCCGTGGTGCTGCTGTACATGGCCACTCAGATCTCGTCAGCCATGTTCTACCTGGAGAAGAAAAACTTCATCCACAGAGATCTTGCTGCCCGAAACTGCCTGGTAGGGGAGAACCACTTGGT","56G0A0G74",3,7,"GAG/TTC","mnv"
967,"GAG","TTC",8899,352,352,"E/F","missense_variant","133M","CTCCTGGACTACCTGAGGGAGTGCAACCGGCAGGAGGTGAACGCCGTGGTGCTGCTGTACATGGCCACTCAGATCTCGTCAGCCATGTTCTACCTGGAGAAGAAAAACTTCATCCACAGAGATCTTGCTGCCC","87G0A0G43",3,7,"GAG/TTC","mnv"
980,"GAG","TTC",9103,352,352,"E/F","missense_variant","133M","TGAGGGAGTGCAACCGGCAGGAGGTGAACGCCGTGGTGCTGCTGTACATGGCCACTCAGATCTCGTCAGCCATGTTCTACCTGGAGAAGAAAAACTTCATCCACAGAGATCTTGCTGCCCGAAACTGCCTGGT","74G0A0G56",3,7,"GAG/TTC","mnv"
1005,"GAG","TTC",9812,352,352,"E/F","missense_variant","132M","GAACGCCGTGGTGCTGCTGTACATGGCCACTCAGATCTCGTCAGCCATGTTCTACCTGGAGAAGAAAAACTTCATCCACAGAGATCTTGCTGCCCGAAACTGCCTGGTAGGGGAGAACCACTTGGTGAAGGT","49G0A0G80",3,7,"GAG/TTC","mnv"
1017,"GAG","TTC",10190,352,352,"E/F","missense_variant","133M","GCTGCTGTACATGGCCACTCAGATCTCGTCAGCCATGTTCTACCTGGAGAAGAAAAACTTCATCCACAGAGATCTTGCTGCCCGAAACTGCCTGGTAGGGGAGAACCACTTGGTGAAGGTAGCTGATTTTGGC","37G0A0G93",3,7,"GAG/TTC","mnv"
999,"CTG","GCT",9602,354,354,"L/A","missense_variant","133M","GGAGGTGAACGCCGTGGTGCTGCTGTACATGGCCACTCAGATCTCGTCAGCCATGGAGTACGCTGAGAAGAAAAACTTCATCCACAGAGATCTTGCTGCCCGAAACTGCCTGGTAGGGGAGAACCACTTGGTG","61C0T0G69",3,1,"CTG/GCT","mnv"
1007,"CTG","TGC",9987,354,354,"L/C","missense_variant","133M","ACGCCGTGGTGCTGCTGTACATGGCCACTCAGATCTCGTCAGCCATGGAGTACTGCGAGAAGAAAAACTTCATCCACAGAGATCTTGCTGCCCGAAACTGCCTGGTAGGGGAGAACCACTTGGTGAAGGTAGC","53C0T0G77",3,1,"CTG/TGC","mnv"
1042,"CTG","TTC",9811,354,354,"L/F","missense_variant","133M","TCGTCAGCCATGGAGTACTTCGAGAAGAAAAACTTCATCCACAGAGATCTTGCTGCCCGAAACTGCCTGGTAGGGGAGAACCACTTGGTGAAGGTAGCTGATTTTGGCCTGAGCAGGTTGATGACAGGGGACA","18C1G112",2,4,"CTG/TTC","mnv"
1007,"CTG","TTC",9987,354,354,"L/F","missense_variant","133M","ACGCCGTGGTGCTGCTGTACATGGCCACTCAGATCTCGTCAGCCATGGAGTACTTCGAGAAGAAAAACTTCATCCACAGAGATCTTGCTGCCCGAAACTGCCTGGTAGGGGAGAACCACTTGGTGAAGGTAGC","53C1G77",2,4,"CTG/TTC","mnv"
1029,"CTG","TTC",10162,354,354,"L/F","missense_variant","133M","GGCCACTCAGATCTCGTCAGCCATGGAGTACTTCGAGAAGAAAAACTTCATCCACAGAGATCTTGCTGCCCGAAACTGCCTGGTAGGGGAGAACCACTTGGTGAAGGTAGCTGATTTTGGCCTGAGCAGGTTG","31C1G99",2,4,"CTG/TTC","mnv"
996,"CTG","TTC",9431,354,354,"L/F","missense_variant","133M","GCAGGAGGTGAACGCCGTGGTGCTGCTGTACATGGCCACTCAGATCTCGTCAGCCATGGAGTACTTCGAGAAGAAAAACTTCATCCACAGAGATCTTGCTGCCCGAAACTGCCTGGTAGGGGAGAACCACTTG","64C1G66",2,4,"CTG/TTC","mnv"
1008,"GA","AT",10040,355,355,"E/M","missense_variant","133M","CGCCGTGGTGCTGCTGTACATGGCCACTCAGATCTCGTCAGCCATGGAGTACCTGATGAAGAAAAACTTCATCCACAGAGATCTTGCTGCCCGAAACTGCCTGGTAGGGGAGAACCACTTGGTGAAGGTAGCT","55G0A76",2,1,"GAg/ATg","mnv"
967,"GAG","ATC",8899,355,355,"E/I","missense_variant","133M","CTCCTGGACTACCTGAGGGAGTGCAACCGGCAGGAGGTGAACGCCGTGGTGCTGCTGTACATGGCCACTCAGATCTCGTCAGCCATGGAGTACCTGATCAAGAAAAACTTCATCCACAGAGATCTTGCTGCCC","96G0A0G34",3,1,"GAG/ATC","mnv"
980,"GAG","TAC",9103,355,355,"E/Y","missense_variant","133M","TGAGGGAGTGCAACCGGCAGGAGGTGAACGCCGTGGTGCTGCTGTACATGGCCACTCAGATCTCGTCAGCCATGGAGTACCTGTACAAGAAAAACTTCATCCACAGAGATCTTGCTGCCCGAAACTGCCTGGT","83G1G47",2,3,"GAG/TAC","mnv"
953,"GAG","TAC",8771,355,355,"E/Y","missense_variant","133M","TGACCTACGGGAACCTCCTGGACTACCTGAGGGAGTGCAACCGGCAGGAGGTGAACGCCGTGGTGCTGCTGTACATGGCCACTCAGATCTCGTCAGCCATGGAGTACCTGTACAAGAAAAACTTCATCCACAG","110G1G20",2,3,"GAG/TAC","mnv"
1013,"GAG","TAC",10128,355,355,"E/Y","missense_variant","133M","TGGTGCTGCTGTACATGGCCACTCAGATCTCGTCAGCCATGGAGTACCTGTACAAGAAAAACTTCATCCACAGAGATCTTGCTGCCCGAAACTGCCTGGTAGGGGAGAACCACTTGGTGAAGGTAGCTGATTT","50G1G80",2,3,"GAG/TAC","mnv"
974,"GAG","TTC",9014,355,355,"E/F","missense_variant","133M","ACTACCTGAGGGAGTGCAACCGGCAGGAGGTGAACGCCGTGGTGCTGCTGTACATGGCCACTCAGATCTCGTCAGCCATGGAGTACCTGTTCAAGAAAAACTTCATCCACAGAGATCTTGCTGCCCGAAACTG","89G0A0G41",3,1,"GAG/TTC","mnv"
1000,"AA","CT",9660,356,356,"K/L","missense_variant","133M","GAGGTGAACGCCGTGGTGCTGCTGTACATGGCCACTCAGATCTCGTCAGCCATGGAGTACCTGGAGCTGAAAAACTTCATCCACAGAGATCTTGCTGCCCGAAACTGCCTGGTAGGGGAGAACCACTTGGTGA","66A0A65",2,2,"AAg/CTg","mnv"
966,"AA","CT",8850,356,356,"K/L","missense_variant","133M","CCTCCTGGACTACCTGAGGGAGTGCAACCGGCAGGAGGTGAACGCCGTGGTGCTGCTGTACATGGCCACTCAGATCTCGTCAGCCATGGAGTACCTGGAGCTGAAAAACTTCATCCACAGAGATCTTGCTGCC","100A0A31",2,2,"AAg/CTg","mnv"
1045,"AA","GT",9683,356,356,"K/V","missense_variant","133M","TCAGCCATGGAGTACCTGGAGGTGAAAAACTTCATCCACAGAGATCTTGCTGCCCGAAACTGCCTGGTAGGGGAGAACCACTTGGTGAAGGTAGCTGATTTTGGCCTGAGCAGGTTGATGACAGGGGACACCT","21A0A110",2,4,"AAg/GTg","mnv"
1040,"AA","GT",9904,356,356,"K/V","missense_variant","133M","TCTCGTCAGCCATGGAGTACCTGGAGGTGAAAAACTTCATCCACAGAGATCTTGCTGCCCGAAACTGCCTGGTAGGGGAGAACCACTTGGTGAAGGTAGCTGATTTTGGCCTGAGCAGGTTGATGACAGGGGA","26A0A105",2,4,"AAg/GTg","mnv"
996,"AA","GT",9431,356,356,"K/V","missense_variant","133M","GCAGGAGGTGAACGCCGTGGTGCTGCTGTACATGGCCACTCAGATCTCGTCAGCCATGGAGTACCTGGAGGTGAAAAACTTCATCCACAGAGATCTTGCTGCCCGAAACTGCCTGGTAGGGGAGAACCACTTG","70A0A61",2,4,"AAg/GTg","mnv"
954,"AA","GT",8802,356,356,"K/V","missense_variant","133M","GACCTACGGGAACCTCCTGGACTACCTGAGGGAGTGCAACCGGCAGGAGGTGAACGCCGTGGTGCTGCTGTACATGGCCACTCAGATCTCGTCAGCCATGGAGTACCTGGAGGTGAAAAACTTCATCCACAGA","112A0A19",2,4,"AAg/GTg","mnv"
945,"AA","TG",8791,356,356,"K/W","missense_variant","133M","TGAGTTCATGACCTACGGGAACCTCCTGGACTACCTGAGGGAGTGCAACCGGCAGGAGGTGAACGCCGTGGTGCTGCTGTACATGGCCACTCAGATCTCGTCAGCCATGGAGTACCTGGAGTGGAAAAACTTC","121A0A10",2,3,"AAg/TGg","mnv"
1008,"AA","TG",10040,356,356,"K/W","missense_variant","133M","CGCCGTGGTGCTGCTGTACATGGCCACTCAGATCTCGTCAGCCATGGAGTACCTGGAGTGGAAAAACTTCATCCACAGAGATCTTGCTGCCCGAAACTGCCTGGTAGGGGAGAACCACTTGGTGAAGGTAGCT","58A0A73",2,3,"AAg/TGg","mnv"
1008,"AA","TG",10040,356,356,"K/W","missense_variant","133M","CGCCGTGGTGCTGCTGTACATGGCCACTCAGATCTCGTCAGCCATGGAGTACCTGGAGTGGAAAAACTTCATCCACAGAGATCTTGCTGCCCGAAACTGCCTGGTAGGGGAGAACCACTTGGTGAAGGTAGCT","58A0A73",2,3,"AAg/TGg","mnv"
994,"AAG","GCT",9363,356,356,"K/A","missense_variant","133M","CGGCAGGAGGTGAACGCCGTGGTGCTGCTGTACATGGCCACTCAGATCTCGTCAGCCATGGAGTACCTGGAGGCTAAAAACTTCATCCACAGAGATCTTGCTGCCCGAAACTGCCTGGTAGGGGAGAACCACT","72A0A0G58",3,1,"AAG/GCT","mnv"
974,"AAG","TAC",9014,356,356,"K/Y","missense_variant","133M","ACTACCTGAGGGAGTGCAACCGGCAGGAGGTGAACGCCGTGGTGCTGCTGTACATGGCCACTCAGATCTCGTCAGCCATGGAGTACCTGGAGTACAAAAACTTCATCCACAGAGATCTTGCTGCCCGAAACTG","92A1G38",2,3,"AAG/TAC","mnv"
968,"AAG","TAC",8943,356,356,"K/Y","missense_variant","133M","TCCTGGACTACCTGAGGGAGTGCAACCGGCAGGAGGTGAACGCCGTGGTGCTGCTGTACATGGCCACTCAGATCTCGTCAGCCATGGAGTACCTGGAGTACAAAAACTTCATCCACAGAGATCTTGCTGCCCG","98A1G32",2,3,"AAG/TAC","mnv"
1008,"AAG","TAC",10040,356,356,"K/Y","missense_variant","133M","CGCCGTGGTGCTGCTGTACATGGCCACTCAGATCTCGTCAGCCATGGAGTACCTGGAGTACAAAAACTTCATCCACAGAGATCTTGCTGCCCGAAACTGCCTGGTAGGGGAGAACCACTTGGTGAAGGTAGCT","58A1G72",2,3,"AAG/TAC","mnv"
1015,"AAG","TTC",10121,356,356,"K/F","missense_variant","133M","GTGCTGCTGTACATGGCCACTCAGATCTCGTCAGCCATGGAGTACCTGGAGTTCAAAAACTTCATCCACAGAGATCTTGCTGCCCGAAACTGCCTGGTAGGGGAGAACCACTTGGTGAAGGTAGCTGATTTTG","51A0A0G79",3,2,"AAG/TTC","mnv"
967,"AAG","TTC",8899,356,356,"K/F","missense_variant","133M","CTCCTGGACTACCTGAGGGAGTGCAACCGGCAGGAGGTGAACGCCGTGGTGCTGCTGTACATGGCCACTCAGATCTCGTCAGCCATGGAGTACCTGGAGTTCAAAAACTTCATCCACAGAGATCTTGCTGCCC","99A0A0G31",3,2,"AAG/TTC","mnv"
1060,"AAA","CAC",9190,357,357,"K/H","missense_variant","133M","CTGGAGAAGCACAACTTCATCCACAGAGATCTTGCTGCCCGAAACTGCCTGGTAGGGGAGAACCACTTGGTGAAGGTAGCTGATTTTGGCCTGAGCAGGTTGATGACAGGGGACACCTACACAGCCCATGCTG","9A1A121",2,1,"AAA/CAC","mnv"
1026,"AAA","GAG",10110,357,357,"K/E","missense_variant","133M","CATGGCCACTCAGATCTCGTCAGCCATGGAGTACCTGGAGAAGGAGAACTTCATCCACAGAGATCTTGCTGCCCGAAACTGCCTGGTAGGGGAGAACCACTTGGTGAAGGTAGCTGATTTTGGCCTGAGCAGG","43A1A87",2,2,"AAA/GAG","mnv"
1020,"AAA","GAG",10258,357,357,"K/E","missense_variant","133M","GCTGTACATGGCCACTCAGATCTCGTCAGCCATGGAGTACCTGGAGAAGGAGAACTTCATCCACAGAGATCTTGCTGCCCGAAACTGCCTGGTAGGGGAGAACCACTTGGTGAAGGTAGCTGATTTTGGCCTG","49A1A81",2,2,"AAA/GAG","mnv"
985,"AAA","TAC",9078,357,357,"K/Y","missense_variant","133M","GAGTGCAACCGGCAGGAGGTGAACGCCGTGGTGCTGCTGTACATGGCCACTCAGATCTCGTCAGCCATGGAGTACCTGGAGAAGTACAACTTCATCCACAGAGATCTTGCTGCCCGAAACTGCCTGGTAGGGG","84A1A46",2,2,"AAA/TAC","mnv"
1018,"AAA","TAC",10238,357,357,"K/Y","missense_variant","133M","CTGCTGTACATGGCCACTCAGATCTCGTCAGCCATGGAGTACCTGGAGAAGTACAACTTCATCCACAGAGATCTTGCTGCCCGAAACTGCCTGGTAGGGGAGAACCACTTGGTGAAGGTAGCTGATTTTGGCC","51A1A79",2,2,"AAA/TAC","mnv"
983,"AAC","CCT",9107,358,358,"N/P","missense_variant","133M","GGGAGTGCAACCGGCAGGAGGTGAACGCCGTGGTGCTGCTGTACATGGCCACTCAGATCTCGTCAGCCATGGAGTACCTGGAGAAGAAACCTTTCATCCACAGAGATCTTGCTGCCCGAAACTGCCTGGTAGG","89A0A0C41",3,1,"AAC/CCT","mnv"
997,"TTC","ATG",9493,359,359,"F/M","missense_variant","133M","CAGGAGGTGAACGCCGTGGTGCTGCTGTACATGGCCACTCAGATCTCGTCAGCCATGGAGTACCTGGAGAAGAAAAACATGATCCACAGAGATCTTGCTGCCCGAAACTGCCTGGTAGGGGAGAACCACTTGG","78T1C52",2,6,"TTC/ATG","mnv"
1012,"TTC","ATG",10115,359,359,"F/M","missense_variant","133M","GTGGTGCTGCTGTACATGGCCACTCAGATCTCGTCAGCCATGGAGTACCTGGAGAAGAAAAACATGATCCACAGAGATCTTGCTGCCCGAAACTGCCTGGTAGGGGAGAACCACTTGGTGAAGGTAGCTGATT","63T1C67",2,6,"TTC/ATG","mnv"
1043,"TTC","ATG",9799,359,359,"F/M","missense_variant","133M","CGTCAGCCATGGAGTACCTGGAGAAGAAAAACATGATCCACAGAGATCTTGCTGCCCGAAACTGCCTGGTAGGGGAGAACCACTTGGTGAAGGTAGCTGATTTTGGCCTGAGCAGGTTGATGACAGGGGACAC","32T1C98",2,6,"TTC/ATG","mnv"
1059,"TTC","ATG",9214,359,359,"F/M","missense_variant","133M","CCTGGAGAAGAAAAACATGATCCACAGAGATCTTGCTGCCCGAAACTGCCTGGTAGGGGAGAACCACTTGGTGAAGGTAGCTGATTTTGGCCTGAGCAGGTTGATGACAGGGGACACCTACACAGCCCATGCT","16T1C114",2,6,"TTC/ATG","mnv"
990,"TTC","ATG",9280,359,359,"F/M","missense_variant","133M","CAACCGGCAGGAGGTGAACGCCGTGGTGCTGCTGTACATGGCCACTCAGATCTCGTCAGCCATGGAGTACCTGGAGAAGAAAAACATGATCCACAGAGATCTTGCTGCCCGAAACTGCCTGGTAGGGGAGAAC","85T1C45",2,6,"TTC/ATG","mnv"
1014,"TTC","ATG",10094,359,359,"F/M","missense_variant","133M","GGTGCTGCTGTACATGGCCACTCAGATCTCGTCAGCCATGGAGTACCTGGAGAAGAAAAACATGATCCACAGAGATCTTGCTGCCCGAAACTGCCTGGTAGGGGAGAACCACTTGGTGAAGGTAGCTGATTTT","61T1C69",2,6,"TTC/ATG","mnv"
1050,"TTC","CTG",9508,359,359,"F/L","missense_variant","133M","CATGGAGTACCTGGAGAAGAAAAACCTGATCCACAGAGATCTTGCTGCCCGAAACTGCCTGGTAGGGGAGAACCACTTGGTGAAGGTAGCTGATTTTGGCCTGAGCAGGTTGATGACAGGGGACACCTACACA","25T1C105",2,14,"TTC/CTG","mnv"
1053,"TTC","CTG",9495,359,359,"F/L","missense_variant","133M","GGAGTACCTGGAGAAGAAAAACCTGATCCACAGAGATCTTGCTGCCCGAAACTGCCTGGTAGGGGAGAACCACTTGGTGAAGGTAGCTGATTTTGGCCTGAGCAGGTTGATGACAGGGGACACCTACACAGCC","22T1C108",2,14,"TTC/CTG","mnv"
979,"TTC","CTG",9036,359,359,"F/L","missense_variant","133M","CTGAGGGAGTGCAACCGGCAGGAGGTGAACGCCGTGGTGCTGCTGTACATGGCCACTCAGATCTCGTCAGCCATGGAGTACCTGGAGAAGAAAAACCTGATCCACAGAGATCTTGCTGCCCGAAACTGCCTGG","96T1C34",2,14,"TTC/CTG","mnv"
1038,"TTC","CTG",9969,359,359,"F/L","missense_variant","133M","GATCTCGTCAGCCATGGAGTACCTGGAGAAGAAAAACCTGATCCACAGAGATCTTGCTGCCCGAAACTGCCTGGTAGGGGAGAACCACTTGGTGAAGGTAGCTGATTTTGGCCTGAGCAGGTTGATGACAGGG","37T1C93",2,14,"TTC/CTG","mnv"
1016,"TTC","CTG",10167,359,359,"F/L","missense_variant","133M","TGCTGCTGTACATGGCCACTCAGATCTCGTCAGCCATGGAGTACCTGGAGAAGAAAAACCTGATCCACAGAGATCTTGCTGCCCGAAACTGCCTGGTAGGGGAGAACCACTTGGTGAAGGTAGCTGATTTTGG","59T1C71",2,14,"TTC/CTG","mnv"
1049,"TTC","CTG",9490,359,359,"F/L","missense_variant","133M","CCATGGAGTACCTGGAGAAGAAAAACCTGATCCACAGAGATCTTGCTGCCCGAAACTGCCTGGTAGGGGAGAACCACTTGGTGAAGGTAGCTGATTTTGGCCTGAGCAGGTTGATGACAGGGGACACCTACAC","26T1C104",2,14,"TTC/CTG","mnv"
989,"TTC","CTG",9246,359,359,"F/L","missense_variant","133M","GCAACCGGCAGGAGGTGAACGCCGTGGTGCTGCTGTACATGGCCACTCAGATCTCGTCAGCCATGGAGTACCTGGAGAAGAAAAACCTGATCCACAGAGATCTTGCTGCCCGAAACTGCCTGGTAGGGGAGAA","86T1C44",2,14,"TTC/CTG","mnv"
980,"TTC","CTG",9103,359,359,"F/L","missense_variant","133M","TGAGGGAGTGCAACCGGCAGGAGGTGAACGCCGTGGTGCTGCTGTACATGGCCACTCAGATCTCGTCAGCCATGGAGTACCTGGAGAAGAAAAACCTGATCCACAGAGATCTTGCTGCCCGAAACTGCCTGGT","95T1C35",2,14,"TTC/CTG","mnv"
972,"TTC","CTG",8943,359,359,"F/L","missense_variant","133M","GGACTACCTGAGGGAGTGCAACCGGCAGGAGGTGAACGCCGTGGTGCTGCTGTACATGGCCACTCAGATCTCGTCAGCCATGGAGTACCTGGAGAAGAAAAACCTGATCCACAGAGATCTTGCTGCCCGAAAC","103T1C27",2,14,"TTC/CTG","mnv"
1008,"TTC","CTG",10040,359,359,"F/L","missense_variant","133M","CGCCGTGGTGCTGCTGTACATGGCCACTCAGATCTCGTCAGCCATGGAGTACCTGGAGAAGAAAAACCTGATCCACAGAGATCTTGCTGCCCGAAACTGCCTGGTAGGGGAGAACCACTTGGTGAAGGTAGCT","67T1C63",2,14,"TTC/CTG","mnv"
985,"TTC","CTG",9078,359,359,"F/L","missense_variant","133M","GAGTGCAACCGGCAGGAGGTGAACGCCGTGGTGCTGCTGTACATGGCCACTCAGATCTCGTCAGCCATGGAGTACCTGGAGAAGAAAAACCTGATCCACAGAGATCTTGCTGCCCGAAACTGCCTGGTAGGGG","90T1C40",2,14,"TTC/CTG","mnv"
1021,"TTC","CTG",10254,359,359,"F/L","missense_variant","133M","CTGTACATGGCCACTCAGATCTCGTCAGCCATGGAGTACCTGGAGAAGAAAAACCTGATCCACAGAGATCTTGCTGCCCGAAACTGCCTGGTAGGGGAGAACCACTTGGTGAAGGTAGCTGATTTTGGCCTGA","54T1C76",2,14,"TTC/CTG","mnv"
974,"TTC","CTG",9014,359,359,"F/L","missense_variant","133M","ACTACCTGAGGGAGTGCAACCGGCAGGAGGTGAACGCCGTGGTGCTGCTGTACATGGCCACTCAGATCTCGTCAGCCATGGAGTACCTGGAGAAGAAAAACCTGATCCACAGAGATCTTGCTGCCCGAAACTG","101T1C29",2,14,"TTC/CTG","mnv"
980,"TTC","CTG",9103,359,359,"F/L","missense_variant","133M","TGAGGGAGTGCAACCGGCAGGAGGTGAACGCCGTGGTGCTGCTGTACATGGCCACTCAGATCTCGTCAGCCATGGAGTACCTGGAGAAGAAAAACCTGATCCACAGAGATCTTGCTGCCCGAAACTGCCTGGT","95T1C35",2,14,"TTC/CTG","mnv"
981,"TTC","GCT",9097,359,359,"F/A","missense_variant","133M","GAGGGAGTGCAACCGGCAGGAGGTGAACGCCGTGGTGCTGCTGTACATGGCCACTCAGATCTCGTCAGCCATGGAGTACCTGGAGAAGAAAAACGCTATCCACAGAGATCTTGCTGCCCGAAACTGCCTGGTA","94T0T0C36",3,2,"TTC/GCT","mnv"
1004,"TTC","GCT",9775,359,359,"F/A","missense_variant","133M","TGAACGCCGTGGTGCTGCTGTACATGGCCACTCAGATCTCGTCAGCCATGGAGTACCTGGAGAAGAAAAACGCTATCCACAGAGATCTTGCTGCCCGAAACTGCCTGGTAGGGGAGAACCACTTGGTGAAGGT","71T0T0C59",3,2,"TTC/GCT","mnv"
962,"ATC","CTG",8810,360,360,"I/L","missense_variant","133M","GGAACCTCCTGGACTACCTGAGGGAGTGCAACCGGCAGGAGGTGAACGCCGTGGTGCTGCTGTACATGGCCACTCAGATCTCGTCAGCCATGGAGTACCTGGAGAAGAAAAACTTCCTGCACAGAGATCTTGC","116A1C14",2,4,"ATC/CTG","mnv"
951,"ATC","CTG",8758,360,360,"I/L","missense_variant","133M","CATGACCTACGGGAACCTCCTGGACTACCTGAGGGAGTGCAACCGGCAGGAGGTGAACGCCGTGGTGCTGCTGTACATGGCCACTCAGATCTCGTCAGCCATGGAGTACCTGGAGAAGAAAAACTTCCTGCAC","127A1C3",2,4,"ATC/CTG","mnv"
971,"ATC","CTG",8902,360,360,"I/L","missense_variant","133M","TGGACTACCTGAGGGAGTGCAACCGGCAGGAGGTGAACGCCGTGGTGCTGCTGTACATGGCCACTCAGATCTCGTCAGCCATGGAGTACCTGGAGAAGAAAAACTTCCTGCACAGAGATCTTGCTGCCCGAAA","107A1C23",2,4,"ATC/CTG","mnv"
992,"ATC","CTG",9391,360,360,"I/L","missense_variant","133M","ACCGGCAGGAGGTGAACGCCGTGGTGCTGCTGTACATGGCCACTCAGATCTCGTCAGCCATGGAGTACCTGGAGAAGAAAAACTTCCTGCACAGAGATCTTGCTGCCCGAAACTGCCTGGTAGGGGAGAACCA","86A1C44",2,4,"ATC/CTG","mnv"
1008,"CTT","ATG",10040,364,364,"L/M","missense_variant","133M","CGCCGTGGTGCTGCTGTACATGGCCACTCAGATCTCGTCAGCCATGGAGTACCTGGAGAAGAAAAACTTCATCCACAGAGATATGGCTGCCCGAAACTGCCTGGTAGGGGAGAACCACTTGGTGAAGGTAGCT","82C1T48",2,7,"CTT/ATG","mnv"
976,"CTT","ATG",8964,364,364,"L/M","missense_variant","133M","TACCTGAGGGAGTGCAACCGGCAGGAGGTGAACGCCGTGGTGCTGCTGTACATGGCCACTCAGATCTCGTCAGCCATGGAGTACCTGGAGAAGAAAAACTTCATCCACAGAGATATGGCTGCCCGAAACTGCC","114C1T16",2,7,"CTT/ATG","mnv"
1027,"CTT","ATG",10126,364,364,"L/M","missense_variant","133M","ATGGCCACTCAGATCTCGTCAGCCATGGAGTACCTGGAGAAGAAAAACTTCATCCACAGAGATATGGCTGCCCGAAACTGCCTGGTAGGGGAGAACCACTTGGTGAAGGTAGCTGATTTTGGCCTGAGCAGGT","63C1T67",2,7,"CTT/ATG","mnv"
978,"CTT","ATG",8992,364,364,"L/M","missense_variant","132M","CCTGAGGGAGTGCAACCGGCAGGAGGTGAACGCCGTGGTGCTGCTGTACATGGCCACTCAGATCTCGTCAGCCATGGAGTACCTGGAGAAGAAAAACTTCATCCACAGAGATATGGCTGCCCGAAACTGCCT","112C1T17",2,7,"CTT/ATG","mnv"
971,"CTT","ATG",8902,364,364,"L/M","missense_variant","133M","TGGACTACCTGAGGGAGTGCAACCGGCAGGAGGTGAACGCCGTGGTGCTGCTGTACATGGCCACTCAGATCTCGTCAGCCATGGAGTACCTGGAGAAGAAAAACTTCATCCACAGAGATATGGCTGCCCGAAA","119C1T11",2,7,"CTT/ATG","mnv"
1073,"CTT","ATG",8800,364,364,"L/M","missense_variant","133M","ACTTCATCCACAGAGATATGGCTGCCCGAAACTGCCTGGTAGGGGAGAACCACTTGGTGAAGGTAGCTGATTTTGGCCTGAGCAGGTTGATGACAGGGGACACCTACACAGCCCATGCTGGAGCCAAGTTCCC","17C1T113",2,7,"CTT/ATG","mnv"
1021,"CTT","ATG",10254,364,364,"L/M","missense_variant","133M","CTGTACATGGCCACTCAGATCTCGTCAGCCATGGAGTACCTGGAGAAGAAAAACTTCATCCACAGAGATATGGCTGCCCGAAACTGCCTGGTAGGGGAGAACCACTTGGTGAAGGTAGCTGATTTTGGCCTGA","69C1T61",2,7,"CTT/ATG","mnv"
1076,"CTT","GTG",8790,364,364,"L/V","missense_variant","133M","TCATCCACAGAGATGTGGCTGCCCGAAACTGCCTGGTAGGGGAGAACCACTTGGTGAAGGTAGCTGATTTTGGCCTGAGCAGGTTGATGACAGGGGACACCTACACAGCCCATGCTGGAGCCAAGTTCCCCAT","14C1T116",2,52,"CTT/GTG","mnv"
1030,"CTT","GTG",10126,364,364,"L/V","missense_variant","133M","GCCACTCAGATCTCGTCAGCCATGGAGTACCTGGAGAAGAAAAACTTCATCCACAGAGATGTGGCTGCCCGAAACTGCCTGGTAGGGGAGAACCACTTGGTGAAGGTAGCTGATTTTGGCCTGAGCAGGTTGA","60C1T70",2,52,"CTT/GTG","mnv"
1019,"CTT","GTG",10265,364,364,"L/V","missense_variant","133M","TGCTGTACATGGCCACTCAGATCTCGTCAGCCATGGAGTACCTGGAGAAGAAAAACTTCATCCACAGAGATGTGGCTGCCCGAAACTGCCTGGTAGGGGAGAACCACTTGGTGAAGGTAGCTGATTTTGGCCT","71C1T59",2,52,"CTT/GTG","mnv"
999,"CTT","GTG",9602,364,364,"L/V","missense_variant","133M","GGAGGTGAACGCCGTGGTGCTGCTGTACATGGCCACTCAGATCTCGTCAGCCATGGAGTACCTGGAGAAGAAAAACTTCATCCACAGAGATGTGGCTGCCCGAAACTGCCTGGTAGGGGAGAACCACTTGGTG","91C1T39",2,52,"CTT/GTG","mnv"
975,"CTT","GTG",8990,364,364,"L/V","missense_variant","132M","CTACCTGAGGGAGTGCAACCGGCAGGAGGTGAACGCCGTGGTGCTGCTGTACATGGCCACTCAGATCTCGTCAGCCATGGAGTACCTGGAGAAGAAAAACTTCATCCACAGAGATGTGGCTGCCCGAAACTG","115C1T14",2,52,"CTT/GTG","mnv"
989,"CTT","GTG",9246,364,364,"L/V","missense_variant","133M","GCAACCGGCAGGAGGTGAACGCCGTGGTGCTGCTGTACATGGCCACTCAGATCTCGTCAGCCATGGAGTACCTGGAGAAGAAAAACTTCATCCACAGAGATGTGGCTGCCCGAAACTGCCTGGTAGGGGAGAA","101C1T29",2,52,"CTT/GTG","mnv"
1076,"CTT","GTG",8790,364,364,"L/V","missense_variant","133M","TCATCCACAGAGATGTGGCTGCCCGAAACTGCCTGGTAGGGGAGAACCACTTGGTGAAGGTAGCTGATTTTGGCCTGAGCAGGTTGATGACAGGGGACACCTACACAGCCCATGCTGGAGCCAAGTTCCCCAT","14C1T116",2,52,"CTT/GTG","mnv"
1066,"CTT","GTG",8945,364,364,"L/V","missense_variant","133M","AAGAAAAACTTCATCCACAGAGATGTGGCTGCCCGAAACTGCCTGGTAGGGGAGAACCACTTGGTGAAGGTAGCTGATTTTGGCCTGAGCAGGTTGATGACAGGGGACACCTACACAGCCCATGCTGGAGCCA","24C1T106",2,52,"CTT/GTG","mnv"
1075,"CTT","GTG",8815,364,364,"L/V","missense_variant","133M","TTCATCCACAGAGATGTGGCTGCCCGAAACTGCCTGGTAGGGGAGAACCACTTGGTGAAGGTAGCTGATTTTGGCCTGAGCAGGTTGATGACAGGGGACACCTACACAGCCCATGCTGGAGCCAAGTTCCCCA","15C1T115",2,52,"CTT/GTG","mnv"
1016,"CTT","GTG",10167,364,364,"L/V","missense_variant","133M","TGCTGCTGTACATGGCCACTCAGATCTCGTCAGCCATGGAGTACCTGGAGAAGAAAAACTTCATCCACAGAGATGTGGCTGCCCGAAACTGCCTGGTAGGGGAGAACCACTTGGTGAAGGTAGCTGATTTTGG","74C1T56",2,52,"CTT/GTG","mnv"
1007,"CTT","GTG",9987,364,364,"L/V","missense_variant","133M","ACGCCGTGGTGCTGCTGTACATGGCCACTCAGATCTCGTCAGCCATGGAGTACCTGGAGAAGAAAAACTTCATCCACAGAGATGTGGCTGCCCGAAACTGCCTGGTAGGGGAGAACCACTTGGTGAAGGTAGC","83C1T47",2,52,"CTT/GTG","mnv"
965,"CTT","GTG",8823,364,364,"L/V","missense_variant","133M","ACCTCCTGGACTACCTGAGGGAGTGCAACCGGCAGGAGGTGAACGCCGTGGTGCTGCTGTACATGGCCACTCAGATCTCGTCAGCCATGGAGTACCTGGAGAAGAAAAACTTCATCCACAGAGATGTGGCTGC","125C1T5",2,52,"CTT/GTG","mnv"
988,"CTT","GTG",9201,364,364,"L/V","missense_variant","133M","TGCAACCGGCAGGAGGTGAACGCCGTGGTGCTGCTGTACATGGCCACTCAGATCTCGTCAGCCATGGAGTACCTGGAGAAGAAAAACTTCATCCACAGAGATGTGGCTGCCCGAAACTGCCTGGTAGGGGAGA","102C1T28",2,52,"CTT/GTG","mnv"
986,"CTT","GTG",9096,364,364,"L/V","missense_variant","133M","AGTGCAACCGGCAGGAGGTGAACGCCGTGGTGCTGCTGTACATGGCCACTCAGATCTCGTCAGCCATGGAGTACCTGGAGAAGAAAAACTTCATCCACAGAGATGTGGCTGCCCGAAACTGCCTGGTAGGGGA","104C1T26",2,52,"CTT/GTG","mnv"
968,"CTT","GTG",8943,364,364,"L/V","missense_variant","133M","TCCTGGACTACCTGAGGGAGTGCAACCGGCAGGAGGTGAACGCCGTGGTGCTGCTGTACATGGCCACTCAGATCTCGTCAGCCATGGAGTACCTGGAGAAGAAAAACTTCATCCACAGAGATGTGGCTGCCCG","122C1T8",2,52,"CTT/GTG","mnv"
996,"CTT","GTG",9431,364,364,"L/V","missense_variant","133M","GCAGGAGGTGAACGCCGTGGTGCTGCTGTACATGGCCACTCAGATCTCGTCAGCCATGGAGTACCTGGAGAAGAAAAACTTCATCCACAGAGATGTGGCTGCCCGAAACTGCCTGGTAGGGGAGAACCACTTG","94C1T36",2,52,"CTT/GTG","mnv"
1035,"CTT","GTG",10051,364,364,"L/V","missense_variant","133M","TCAGATCTCGTCAGCCATGGAGTACCTGGAGAAGAAAAACTTCATCCACAGAGATGTGGCTGCCCGAAACTGCCTGGTAGGGGAGAACCACTTGGTGAAGGTAGCTGATTTTGGCCTGAGCAGGTTGATGACA","55C1T75",2,52,"CTT/GTG","mnv"
1017,"CTT","GTG",10190,364,364,"L/V","missense_variant","133M","GCTGCTGTACATGGCCACTCAGATCTCGTCAGCCATGGAGTACCTGGAGAAGAAAAACTTCATCCACAGAGATGTGGCTGCCCGAAACTGCCTGGTAGGGGAGAACCACTTGGTGAAGGTAGCTGATTTTGGC","73C1T57",2,52,"CTT/GTG","mnv"
1037,"CTT","GTG",9973,364,364,"L/V","missense_variant","133M","AGATCTCGTCAGCCATGGAGTACCTGGAGAAGAAAAACTTCATCCACAGAGATGTGGCTGCCCGAAACTGCCTGGTAGGGGAGAACCACTTGGTGAAGGTAGCTGATTTTGGCCTGAGCAGGTTGATGACAGG","53C1T77",2,52,"CTT/GTG","mnv"
990,"CTT","GTG",9280,364,364,"L/V","missense_variant","133M","CAACCGGCAGGAGGTGAACGCCGTGGTGCTGCTGTACATGGCCACTCAGATCTCGTCAGCCATGGAGTACCTGGAGAAGAAAAACTTCATCCACAGAGATGTGGCTGCCCGAAACTGCCTGGTAGGGGAGAAC","100C1T30",2,52,"CTT/GTG","mnv"
972,"CTT","GTG",8943,364,364,"L/V","missense_variant","133M","GGACTACCTGAGGGAGTGCAACCGGCAGGAGGTGAACGCCGTGGTGCTGCTGTACATGGCCACTCAGATCTCGTCAGCCATGGAGTACCTGGAGAAGAAAAACTTCATCCACAGAGATGTGGCTGCCCGAAAC","118C1T12",2,52,"CTT/GTG","mnv"
1079,"CTT","GTG",8848,364,364,"L/V","missense_variant","133M","TCCACAGAGATGTGGCTGCCCGAAACTGCCTGGTAGGGGAGAACCACTTGGTGAAGGTAGCTGATTTTGGCCTGAGCAGGTTGATGACAGGGGACACCTACACAGCCCATGCTGGAGCCAAGTTCCCCATCAA","11C1T119",2,52,"CTT/GTG","mnv"
981,"CTT","GTG",9097,364,364,"L/V","missense_variant","133M","GAGGGAGTGCAACCGGCAGGAGGTGAACGCCGTGGTGCTGCTGTACATGGCCACTCAGATCTCGTCAGCCATGGAGTACCTGGAGAAGAAAAACTTCATCCACAGAGATGTGGCTGCCCGAAACTGCCTGGTA","109C1T21",2,52,"CTT/GTG","mnv"
974,"CTT","GTG",9014,364,364,"L/V","missense_variant","133M","ACTACCTGAGGGAGTGCAACCGGCAGGAGGTGAACGCCGTGGTGCTGCTGTACATGGCCACTCAGATCTCGTCAGCCATGGAGTACCTGGAGAAGAAAAACTTCATCCACAGAGATGTGGCTGCCCGAAACTG","116C1T14",2,52,"CTT/GTG","mnv"
1078,"CTT","GTG",8810,364,364,"L/V","missense_variant","133M","ATCCACAGAGATGTGGCTGCCCGAAACTGCCTGGTAGGGGAGAACCACTTGGTGAAGGTAGCTGATTTTGGCCTGAGCAGGTTGATGACAGGGGACACCTACACAGCCCATGCTGGAGCCAAGTTCCCCATCA","12C1T118",2,52,"CTT/GTG","mnv"
1028,"CTT","GTG",10180,364,364,"L/V","missense_variant","133M","TGGCCACTCAGATCTCGTCAGCCATGGAGTACCTGGAGAAGAAAAACTTCATCCACAGAGATGTGGCTGCCCGAAACTGCCTGGTAGGGGAGAACCACTTGGTGAAGGTAGCTGATTTTGGCCTGAGCAGGTT","62C1T68",2,52,"CTT/GTG","mnv"
992,"CTT","GTG",9391,364,364,"L/V","missense_variant","133M","ACCGGCAGGAGGTGAACGCCGTGGTGCTGCTGTACATGGCCACTCAGATCTCGTCAGCCATGGAGTACCTGGAGAAGAAAAACTTCATCCACAGAGATGTGGCTGCCCGAAACTGCCTGGTAGGGGAGAACCA","98C1T32",2,52,"CTT/GTG","mnv"
1066,"CTT","GTG",8945,364,364,"L/V","missense_variant","133M","AAGAAAAACTTCATCCACAGAGATGTGGCTGCCCGAAACTGCCTGGTAGGGGAGAACCACTTGGTGAAGGTAGCTGATTTTGGCCTGAGCAGGTTGATGACAGGGGACACCTACACAGCCCATGCTGGAGCCA","24C1T106",2,52,"CTT/GTG","mnv"
1025,"CTT","GTG",10070,364,364,"L/V","missense_variant","133M","ACATGGCCACTCAGATCTCGTCAGCCATGGAGTACCTGGAGAAGAAAAACTTCATCCACAGAGATGTGGCTGCCCGAAACTGCCTGGTAGGGGAGAACCACTTGGTGAAGGTAGCTGATTTTGGCCTGAGCAG","65C1T65",2,52,"CTT/GTG","mnv"
1029,"CTT","GTG",10162,364,364,"L/V","missense_variant","133M","GGCCACTCAGATCTCGTCAGCCATGGAGTACCTGGAGAAGAAAAACTTCATCCACAGAGATGTGGCTGCCCGAAACTGCCTGGTAGGGGAGAACCACTTGGTGAAGGTAGCTGATTTTGGCCTGAGCAGGTTG","61C1T69",2,52,"CTT/GTG","mnv"
1002,"CTT","GTG",9733,364,364,"L/V","missense_variant","133M","GGTGAACGCCGTGGTGCTGCTGTACATGGCCACTCAGATCTCGTCAGCCATGGAGTACCTGGAGAAGAAAAACTTCATCCACAGAGATGTGGCTGCCCGAAACTGCCTGGTAGGGGAGAACCACTTGGTGAAG","88C1T42",2,52,"CTT/GTG","mnv"
1029,"CTT","GTG",10162,364,364,"L/V","missense_variant","133M","GGCCACTCAGATCTCGTCAGCCATGGAGTACCTGGAGAAGAAAAACTTCATCCACAGAGATGTGGCTGCCCGAAACTGCCTGGTAGGGGAGAACCACTTGGTGAAGGTAGCTGATTTTGGCCTGAGCAGGTTG","61C1T69",2,52,"CTT/GTG","mnv"
1007,"CTT","GTG",9987,364,364,"L/V","missense_variant","133M","ACGCCGTGGTGCTGCTGTACATGGCCACTCAGATCTCGTCAGCCATGGAGTACCTGGAGAAGAAAAACTTCATCCACAGAGATGTGGCTGCCCGAAACTGCCTGGTAGGGGAGAACCACTTGGTGAAGGTAGC","83C1T47",2,52,"CTT/GTG","mnv"
1060,"CTT","GTG",9190,364,364,"L/V","missense_variant","133M","CTGGAGAAGAAAAACTTCATCCACAGAGATGTGGCTGCCCGAAACTGCCTGGTAGGGGAGAACCACTTGGTGAAGGTAGCTGATTTTGGCCTGAGCAGGTTGATGACAGGGGACACCTACACAGCCCATGCTG","30C1T100",2,52,"CTT/GTG","mnv"
1027,"CTT","GTG",10126,364,364,"L/V","missense_variant","133M","ATGGCCACTCAGATCTCGTCAGCCATGGAGTACCTGGAGAAGAAAAACTTCATCCACAGAGATGTGGCTGCCCGAAACTGCCTGGTAGGGGAGAACCACTTGGTGAAGGTAGCTGATTTTGGCCTGAGCAGGT","63C1T67",2,52,"CTT/GTG","mnv"
1061,"CTT","GTG",9182,364,364,"L/V","missense_variant","133M","TGGAGAAGAAAAACTTCATCCACAGAGATGTGGCTGCCCGAAACTGCCTGGTAGGGGAGAACCACTTGGTGAAGGTAGCTGATTTTGGCCTGAGCAGGTTGATGACAGGGGACACCTACACAGCCCATGCTGG","29C1T101",2,52,"CTT/GTG","mnv"
991,"CTT","GTG",9313,364,364,"L/V","missense_variant","133M","AACCGGCAGGAGGTGAACGCCGTGGTGCTGCTGTACATGGCCACTCAGATCTCGTCAGCCATGGAGTACCTGGAGAAGAAAAACTTCATCCACAGAGATGTGGCTGCCCGAAACTGCCTGGTAGGGGAGAACC","99C1T31",2,52,"CTT/GTG","mnv"
992,"CTT","GTG",9391,364,364,"L/V","missense_variant","133M","ACCGGCAGGAGGTGAACGCCGTGGTGCTGCTGTACATGGCCACTCAGATCTCGTCAGCCATGGAGTACCTGGAGAAGAAAAACTTCATCCACAGAGATGTGGCTGCCCGAAACTGCCTGGTAGGGGAGAACCA","98C1T32",2,52,"CTT/GTG","mnv"
1041,"CTT","GTG",9861,364,364,"L/V","missense_variant","133M","CTCGTCAGCCATGGAGTACCTGGAGAAGAAAAACTTCATCCACAGAGATGTGGCTGCCCGAAACTGCCTGGTAGGGGAGAACCACTTGGTGAAGGTAGCTGATTTTGGCCTGAGCAGGTTGATGACAGGGGAC","49C1T81",2,52,"CTT/GTG","mnv"
1028,"CTT","GTG",10180,364,364,"L/V","missense_variant","133M","TGGCCACTCAGATCTCGTCAGCCATGGAGTACCTGGAGAAGAAAAACTTCATCCACAGAGATGTGGCTGCCCGAAACTGCCTGGTAGGGGAGAACCACTTGGTGAAGGTAGCTGATTTTGGCCTGAGCAGGTT","62C1T68",2,52,"CTT/GTG","mnv"
1024,"CTT","GTG",10073,364,364,"L/V","missense_variant","133M","TACATGGCCACTCAGATCTCGTCAGCCATGGAGTACCTGGAGAAGAAAAACTTCATCCACAGAGATGTGGCTGCCCGAAACTGCCTGGTAGGGGAGAACCACTTGGTGAAGGTAGCTGATTTTGGCCTGAGCA","66C1T64",2,52,"CTT/GTG","mnv"
988,"CTT","GTG",9201,364,364,"L/V","missense_variant","133M","TGCAACCGGCAGGAGGTGAACGCCGTGGTGCTGCTGTACATGGCCACTCAGATCTCGTCAGCCATGGAGTACCTGGAGAAGAAAAACTTCATCCACAGAGATGTGGCTGCCCGAAACTGCCTGGTAGGGGAGA","102C1T28",2,52,"CTT/GTG","mnv"
1083,"CTT","GTG",8845,364,364,"L/V","missense_variant","133M","CAGAGATGTGGCTGCCCGAAACTGCCTGGTAGGGGAGAACCACTTGGTGAAGGTAGCTGATTTTGGCCTGAGCAGGTTGATGACAGGGGACACCTACACAGCCCATGCTGGAGCCAAGTTCCCCATCAAATGG","7C1T123",2,52,"CTT/GTG","mnv"
1038,"CTT","GTG",9969,364,364,"L/V","missense_variant","133M","GATCTCGTCAGCCATGGAGTACCTGGAGAAGAAAAACTTCATCCACAGAGATGTGGCTGCCCGAAACTGCCTGGTAGGGGAGAACCACTTGGTGAAGGTAGCTGATTTTGGCCTGAGCAGGTTGATGACAGGG","52C1T78",2,52,"CTT/GTG","mnv"
1020,"CTT","GTG",10258,364,364,"L/V","missense_variant","133M","GCTGTACATGGCCACTCAGATCTCGTCAGCCATGGAGTACCTGGAGAAGAAAAACTTCATCCACAGAGATGTGGCTGCCCGAAACTGCCTGGTAGGGGAGAACCACTTGGTGAAGGTAGCTGATTTTGGCCTG","70C1T60",2,52,"CTT/GTG","mnv"
1087,"CTT","GTG",8657,364,364,"L/V","missense_variant","133M","GATGTGGCTGCCCGAAACTGCCTGGTAGGGGAGAACCACTTGGTGAAGGTAGCTGATTTTGGCCTGAGCAGGTTGATGACAGGGGACACCTACACAGCCCATGCTGGAGCCAAGTTCCCCATCAAATGGACTG","3C1T127",2,52,"CTT/GTG","mnv"
1026,"CTT","GTG",10110,364,364,"L/V","missense_variant","133M","CATGGCCACTCAGATCTCGTCAGCCATGGAGTACCTGGAGAAGAAAAACTTCATCCACAGAGATGTGGCTGCCCGAAACTGCCTGGTAGGGGAGAACCACTTGGTGAAGGTAGCTGATTTTGGCCTGAGCAGG","64C1T66",2,52,"CTT/GTG","mnv"
1022,"CTT","GTG",10223,364,364,"L/V","missense_variant","133M","TGTACATGGCCACTCAGATCTCGTCAGCCATGGAGTACCTGGAGAAGAAAAACTTCATCCACAGAGATGTGGCTGCCCGAAACTGCCTGGTAGGGGAGAACCACTTGGTGAAGGTAGCTGATTTTGGCCTGAG","68C1T62",2,52,"CTT/GTG","mnv"
1062,"CTT","GTG",9128,364,364,"L/V","missense_variant","133M","GGAGAAGAAAAACTTCATCCACAGAGATGTGGCTGCCCGAAACTGCCTGGTAGGGGAGAACCACTTGGTGAAGGTAGCTGATTTTGGCCTGAGCAGGTTGATGACAGGGGACACCTACACAGCCCATGCTGGA","28C1T102",2,52,"CTT/GTG","mnv"
1032,"CTT","GTG",10086,364,364,"L/V","missense_variant","132M","CACTCAGATCTCGTCAGCCATGGAGTACCTGGAGAAGAAAAACTTCATCCACAGAGATGTGGCTGCCCGAAACTGCCTGGTAGGGGAGAACCACTTGGTGAAGGTAGCTGATTTTGGCCTGAGCAGGTTGAT","58C1T71",2,52,"CTT/GTG","mnv"
1009,"CTT","GTG",10050,364,364,"L/V","missense_variant","133M","GCCGTGGTGCTGCTGTACATGGCCACTCAGATCTCGTCAGCCATGGAGTACCTGGAGAAGAAAAACTTCATCCACAGAGATGTGGCTGCCCGAAACTGCCTGGTAGGGGAGAACCACTTGGTGAAGGTAGCTG","81C1T49",2,52,"CTT/GTG","mnv"
1042,"CTT","GTG",9811,364,364,"L/V","missense_variant","133M","TCGTCAGCCATGGAGTACCTGGAGAAGAAAAACTTCATCCACAGAGATGTGGCTGCCCGAAACTGCCTGGTAGGGGAGAACCACTTGGTGAAGGTAGCTGATTTTGGCCTGAGCAGGTTGATGACAGGGGACA","48C1T82",2,52,"CTT/GTG","mnv"
1006,"CTT","TGC",9908,364,364,"L/C","missense_variant","133M","AACGCCGTGGTGCTGCTGTACATGGCCACTCAGATCTCGTCAGCCATGGAGTACCTGGAGAAGAAAAACTTCATCCACAGAGATTGCGCTGCCCGAAACTGCCTGGTAGGGGAGAACCACTTGGTGAAGGTAG","84C0T0T46",3,4,"CTT/TGC","mnv"
1047,"CTT","TGC",9584,364,364,"L/C","missense_variant","133M","AGCCATGGAGTACCTGGAGAAGAAAAACTTCATCCACAGAGATTGCGCTGCCCGAAACTGCCTGGTAGGGGAGAACCACTTGGTGAAGGTAGCTGATTTTGGCCTGAGCAGGTTGATGACAGGGGACACCTAC","43C0T0T87",3,4,"CTT/TGC","mnv"
997,"CTT","TGC",9493,364,364,"L/C","missense_variant","133M","CAGGAGGTGAACGCCGTGGTGCTGCTGTACATGGCCACTCAGATCTCGTCAGCCATGGAGTACCTGGAGAAGAAAAACTTCATCCACAGAGATTGCGCTGCCCGAAACTGCCTGGTAGGGGAGAACCACTTGG","93C0T0T37",3,4,"CTT/TGC","mnv"
1007,"CTT","TGC",9987,364,364,"L/C","missense_variant","133M","ACGCCGTGGTGCTGCTGTACATGGCCACTCAGATCTCGTCAGCCATGGAGTACCTGGAGAAGAAAAACTTCATCCACAGAGATTGCGCTGCCCGAAACTGCCTGGTAGGGGAGAACCACTTGGTGAAGGTAGC","83C0T0T47",3,4,"CTT/TGC","mnv"
1016,"TGC","GCT",10167,369,369,"C/A","missense_variant","133M","TGCTGCTGTACATGGCCACTCAGATCTCGTCAGCCATGGAGTACCTGGAGAAGAAAAACTTCATCCACAGAGATCTTGCTGCCCGAAACGCTCTGGTAGGGGAGAACCACTTGGTGAAGGTAGCTGATTTTGG","89T0G0C41",3,1,"TGC/GCT","mnv"
992,"GTA","ATC",9391,371,371,"V/I","missense_variant","133M","ACCGGCAGGAGGTGAACGCCGTGGTGCTGCTGTACATGGCCACTCAGATCTCGTCAGCCATGGAGTACCTGGAGAAGAAAAACTTCATCCACAGAGATCTTGCTGCCCGAAACTGCCTGATCGGGGAGAACCA","119G1A11",2,16,"GTA/ATC","mnv"
998,"GTA","ATC",9553,371,371,"V/I","missense_variant","133M","AGGAGGTGAACGCCGTGGTGCTGCTGTACATGGCCACTCAGATCTCGTCAGCCATGGAGTACCTGGAGAAGAAAAACTTCATCCACAGAGATCTTGCTGCCCGAAACTGCCTGATCGGGGAGAACCACTTGGT","113G1A17",2,16,"GTA/ATC","mnv"
1003,"GTA","ATC",9772,371,371,"V/I","missense_variant","133M","GTGAACGCCGTGGTGCTGCTGTACATGGCCACTCAGATCTCGTCAGCCATGGAGTACCTGGAGAAGAAAAACTTCATCCACAGAGATCTTGCTGCCCGAAACTGCCTGATCGGGGAGAACCACTTGGTGAAGG","108G1A22",2,16,"GTA/ATC","mnv"
1058,"GTA","ATC",9280,371,371,"V/I","missense_variant","133M","ACCTGGAGAAGAAAAACTTCATCCACAGAGATCTTGCTGCCCGAAACTGCCTGATCGGGGAGAACCACTTGGTGAAGGTAGCTGATTTTGGCCTGAGCAGGTTGATGACAGGGGACACCTACACAGCCCATGC","53G1A77",2,16,"GTA/ATC","mnv"
1057,"GTA","ATC",9264,371,371,"V/I","missense_variant","133M","TACCTGGAGAAGAAAAACTTCATCCACAGAGATCTTGCTGCCCGAAACTGCCTGATCGGGGAGAACCACTTGGTGAAGGTAGCTGATTTTGGCCTGAGCAGGTTGATGACAGGGGACACCTACACAGCCCATG","54G1A76",2,16,"GTA/ATC","mnv"
997,"GTA","ATC",9493,371,371,"V/I","missense_variant","133M","CAGGAGGTGAACGCCGTGGTGCTGCTGTACATGGCCACTCAGATCTCGTCAGCCATGGAGTACCTGGAGAAGAAAAACTTCATCCACAGAGATCTTGCTGCCCGAAACTGCCTGATCGGGGAGAACCACTTGG","114G1A16",2,16,"GTA/ATC","mnv"
990,"GTA","ATC",9280,371,371,"V/I","missense_variant","133M","CAACCGGCAGGAGGTGAACGCCGTGGTGCTGCTGTACATGGCCACTCAGATCTCGTCAGCCATGGAGTACCTGGAGAAGAAAAACTTCATCCACAGAGATCTTGCTGCCCGAAACTGCCTGATCGGGGAGAAC","121G1A9",2,16,"GTA/ATC","mnv"
993,"GTA","ATC",9390,371,371,"V/I","missense_variant","133M","CCGGCAGGAGGTGAACGCCGTGGTGCTGCTGTACATGGCCACTCAGATCTCGTCAGCCATGGAGTACCTGGAGAAGAAAAACTTCATCCACAGAGATCTTGCTGCCCGAAACTGCCTGATCGGGGAGAACCAC","118G1A12",2,16,"GTA/ATC","mnv"
1039,"GTA","ATC",9943,371,371,"V/I","missense_variant","133M","ATCTCGTCAGCCATGGAGTACCTGGAGAAGAAAAACTTCATCCACAGAGATCTTGCTGCCCGAAACTGCCTGATCGGGGAGAACCACTTGGTGAAGGTAGCTGATTTTGGCCTGAGCAGGTTGATGACAGGGG","72G1A58",2,16,"GTA/ATC","mnv"
1021,"GTA","ATC",10254,371,371,"V/I","missense_variant","133M","CTGTACATGGCCACTCAGATCTCGTCAGCCATGGAGTACCTGGAGAAGAAAAACTTCATCCACAGAGATCTTGCTGCCCGAAACTGCCTGATCGGGGAGAACCACTTGGTGAAGGTAGCTGATTTTGGCCTGA","90G1A40",2,16,"GTA/ATC","mnv"
1010,"GTA","ATC",10055,371,371,"V/I","missense_variant","133M","CCGTGGTGCTGCTGTACATGGCCACTCAGATCTCGTCAGCCATGGAGTACCTGGAGAAGAAAAACTTCATCCACAGAGATCTTGCTGCCCGAAACTGCCTGATCGGGGAGAACCACTTGGTGAAGGTAGCTGA","101G1A29",2,16,"GTA/ATC","mnv"
1026,"GTA","ATC",10110,371,371,"V/I","missense_variant","133M","CATGGCCACTCAGATCTCGTCAGCCATGGAGTACCTGGAGAAGAAAAACTTCATCCACAGAGATCTTGCTGCCCGAAACTGCCTGATCGGGGAGAACCACTTGGTGAAGGTAGCTGATTTTGGCCTGAGCAGG","85G1A45",2,16,"GTA/ATC","mnv"
1037,"GTA","ATC",9973,371,371,"V/I","missense_variant","133M","AGATCTCGTCAGCCATGGAGTACCTGGAGAAGAAAAACTTCATCCACAGAGATCTTGCTGCCCGAAACTGCCTGATCGGGGAGAACCACTTGGTGAAGGTAGCTGATTTTGGCCTGAGCAGGTTGATGACAGG","74G1A56",2,16,"GTA/ATC","mnv"
1103,"GTA","ATC",8186,371,371,"V/I","missense_variant","133M","ACTGCCTGATCGGGGAGAACCACTTGGTGAAGGTAGCTGATTTTGGCCTGAGCAGGTTGATGACAGGGGACACCTACACAGCCCATGCTGGAGCCAAGTTCCCCATCAAATGGACTGCACCCGAGAGCCTGGC","8G1A122",2,16,"GTA/ATC","mnv"
1038,"GTA","ATC",9969,371,371,"V/I","missense_variant","133M","GATCTCGTCAGCCATGGAGTACCTGGAGAAGAAAAACTTCATCCACAGAGATCTTGCTGCCCGAAACTGCCTGATCGGGGAGAACCACTTGGTGAAGGTAGCTGATTTTGGCCTGAGCAGGTTGATGACAGGG","73G1A57",2,16,"GTA/ATC","mnv"
1055,"GTA","ATC",9345,371,371,"V/I","missense_variant","133M","AGTACCTGGAGAAGAAAAACTTCATCCACAGAGATCTTGCTGCCCGAAACTGCCTGATCGGGGAGAACCACTTGGTGAAGGTAGCTGATTTTGGCCTGAGCAGGTTGATGACAGGGGACACCTACACAGCCCA","56G1A74",2,16,"GTA/ATC","mnv"
1079,"GG","AA",8848,372,372,"G/K","missense_variant","133M","TCCACAGAGATCTTGCTGCCCGAAACTGCCTGGTAAAGGAGAACCACTTGGTGAAGGTAGCTGATTTTGGCCTGAGCAGGTTGATGACAGGGGACACCTACACAGCCCATGCTGGAGCCAAGTTCCCCATCAA","35G0G96",2,1,"GGg/AAg","mnv"
1064,"GAG","AGA",9088,373,373,"E/R","missense_variant","133M","AGAAGAAAAACTTCATCCACAGAGATCTTGCTGCCCGAAACTGCCTGGTAGGGAGAAACCACTTGGTGAAGGTAGCTGATTTTGGCCTGAGCAGGTTGATGACAGGGGACACCTACACAGCCCATGCTGGAGC","53G0A0G77",3,4,"GAG/AGA","mnv"
1029,"GAG","AGA",10162,373,373,"E/R","missense_variant","133M","GGCCACTCAGATCTCGTCAGCCATGGAGTACCTGGAGAAGAAAAACTTCATCCACAGAGATCTTGCTGCCCGAAACTGCCTGGTAGGGAGAAACCACTTGGTGAAGGTAGCTGATTTTGGCCTGAGCAGGTTG","88G0A0G42",3,4,"GAG/AGA","mnv"
996,"GAG","AGA",9431,373,373,"E/R","missense_variant","133M","GCAGGAGGTGAACGCCGTGGTGCTGCTGTACATGGCCACTCAGATCTCGTCAGCCATGGAGTACCTGGAGAAGAAAAACTTCATCCACAGAGATCTTGCTGCCCGAAACTGCCTGGTAGGGAGAAACCACTTG","121G0A0G9",3,4,"GAG/AGA","mnv"
1077,"GAG","AGA",8781,373,373,"E/R","missense_variant","133M","CATCCACAGAGATCTTGCTGCCCGAAACTGCCTGGTAGGGAGAAACCACTTGGTGAAGGTAGCTGATTTTGGCCTGAGCAGGTTGATGACAGGGGACACCTACACAGCCCATGCTGGAGCCAAGTTCCCCATC","40G0A0G90",3,4,"GAG/AGA","mnv"
1073,"GAG","ATC",8800,373,373,"E/I","missense_variant","133M","ACTTCATCCACAGAGATCTTGCTGCCCGAAACTGCCTGGTAGGGATCAACCACTTGGTGAAGGTAGCTGATTTTGGCCTGAGCAGGTTGATGACAGGGGACACCTACACAGCCCATGCTGGAGCCAAGTTCCC","44G0A0G86",3,3,"GAG/ATC","mnv"
1058,"GAG","ATC",9280,373,373,"E/I","missense_variant","133M","ACCTGGAGAAGAAAAACTTCATCCACAGAGATCTTGCTGCCCGAAACTGCCTGGTAGGGATCAACCACTTGGTGAAGGTAGCTGATTTTGGCCTGAGCAGGTTGATGACAGGGGACACCTACACAGCCCATGC","59G0A0G71",3,3,"GAG/ATC","mnv"
1042,"GAG","ATC",9811,373,373,"E/I","missense_variant","133M","TCGTCAGCCATGGAGTACCTGGAGAAGAAAAACTTCATCCACAGAGATCTTGCTGCCCGAAACTGCCTGGTAGGGATCAACCACTTGGTGAAGGTAGCTGATTTTGGCCTGAGCAGGTTGATGACAGGGGACA","75G0A0G55",3,3,"GAG/ATC","mnv"
996,"GAG","TAC",9431,373,373,"E/Y","missense_variant","133M","GCAGGAGGTGAACGCCGTGGTGCTGCTGTACATGGCCACTCAGATCTCGTCAGCCATGGAGTACCTGGAGAAGAAAAACTTCATCCACAGAGATCTTGCTGCCCGAAACTGCCTGGTAGGGTACAACCACTTG","121G1G9",2,1,"GAG/TAC","mnv"
1019,"GAG","TGC",10265,373,373,"E/C","missense_variant","133M","TGCTGTACATGGCCACTCAGATCTCGTCAGCCATGGAGTACCTGGAGAAGAAAAACTTCATCCACAGAGATCTTGCTGCCCGAAACTGCCTGGTAGGGTGCAACCACTTGGTGAAGGTAGCTGATTTTGGCCT","98G0A0G32",3,1,"GAG/TGC","mnv"
1083,"AA","TG",8845,374,374,"N/C","missense_variant","133M","CAGAGATCTTGCTGCCCGAAACTGCCTGGTAGGGGAGTGCCACTTGGTGAAGGTAGCTGATTTTGGCCTGAGCAGGTTGATGACAGGGGACACCTACACAGCCCATGCTGGAGCCAAGTTCCCCATCAAATGG","37A0A94",2,1,"AAc/TGc","mnv"
1097,"AA","TT",8423,374,374,"N/F","missense_variant","133M","CCCGAAACTGCCTGGTAGGGGAGTTCCACTTGGTGAAGGTAGCTGATTTTGGCCTGAGCAGGTTGATGACAGGGGACACCTACACAGCCCATGCTGGAGCCAAGTTCCCCATCAAATGGACTGCACCCGAGAG","23A0A108",2,1,"AAc/TTc","mnv"
1070,"AAC","GAG",8804,374,374,"N/E","missense_variant","133M","AAAACTTCATCCACAGAGATCTTGCTGCCCGAAACTGCCTGGTAGGGGAGGAGCACTTGGTGAAGGTAGCTGATTTTGGCCTGAGCAGGTTGATGACAGGGGACACCTACACAGCCCATGCTGGAGCCAAGTT","50A1C80",2,5,"AAC/GAG","mnv"
997,"AAC","GAG",9493,374,374,"N/E","missense_variant","133M","CAGGAGGTGAACGCCGTGGTGCTGCTGTACATGGCCACTCAGATCTCGTCAGCCATGGAGTACCTGGAGAAGAAAAACTTCATCCACAGAGATCTTGCTGCCCGAAACTGCCTGGTAGGGGAGGAGCACTTGG","123A1C7",2,5,"AAC/GAG","mnv"
1027,"AAC","GAG",10126,374,374,"N/E","missense_variant","133M","ATGGCCACTCAGATCTCGTCAGCCATGGAGTACCTGGAGAAGAAAAACTTCATCCACAGAGATCTTGCTGCCCGAAACTGCCTGGTAGGGGAGGAGCACTTGGTGAAGGTAGCTGATTTTGGCCTGAGCAGGT","93A1C37",2,5,"AAC/GAG","mnv"
1061,"AAC","GAG",9182,374,374,"N/E","missense_variant","133M","TGGAGAAGAAAAACTTCATCCACAGAGATCTTGCTGCCCGAAACTGCCTGGTAGGGGAGGAGCACTTGGTGAAGGTAGCTGATTTTGGCCTGAGCAGGTTGATGACAGGGGACACCTACACAGCCCATGCTGG","59A1C71",2,5,"AAC/GAG","mnv"
1071,"AAC","GAG",8791,374,374,"N/E","missense_variant","133M","AAACTTCATCCACAGAGATCTTGCTGCCCGAAACTGCCTGGTAGGGGAGGAGCACTTGGTGAAGGTAGCTGATTTTGGCCTGAGCAGGTTGATGACAGGGGACACCTACACAGCCCATGCTGGAGCCAAGTTC","49A1C81",2,5,"AAC/GAG","mnv"
1019,"AAC","GAT",10265,374,374,"N/D","missense_variant","133M","TGCTGTACATGGCCACTCAGATCTCGTCAGCCATGGAGTACCTGGAGAAGAAAAACTTCATCCACAGAGATCTTGCTGCCCGAAACTGCCTGGTAGGGGAGGATCACTTGGTGAAGGTAGCTGATTTTGGCCT","101A1C29",2,7,"AAC/GAT","mnv"
1108,"AAC","GAT",8131,374,374,"N/D","missense_variant","133M","CTGGTAGGGGAGGATCACTTGGTGAAGGTAGCTGATTTTGGCCTGAGCAGGTTGATGACAGGGGACACCTACACAGCCCATGCTGGAGCCAAGTTCCCCATCAAATGGACTGCACCCGAGAGCCTGGCCTACA","12A1C118",2,7,"AAC/GAT","mnv"
1072,"AAC","GAT",8794,374,374,"N/D","missense_variant","133M","AACTTCATCCACAGAGATCTTGCTGCCCGAAACTGCCTGGTAGGGGAGGATCACTTGGTGAAGGTAGCTGATTTTGGCCTGAGCAGGTTGATGACAGGGGACACCTACACAGCCCATGCTGGAGCCAAGTTCC","48A1C82",2,7,"AAC/GAT","mnv"
1018,"AAC","GAT",10238,374,374,"N/D","missense_variant","133M","CTGCTGTACATGGCCACTCAGATCTCGTCAGCCATGGAGTACCTGGAGAAGAAAAACTTCATCCACAGAGATCTTGCTGCCCGAAACTGCCTGGTAGGGGAGGATCACTTGGTGAAGGTAGCTGATTTTGGCC","102A1C28",2,7,"AAC/GAT","mnv"
1011,"AAC","GAT",10071,374,374,"N/D","missense_variant","133M","CGTGGTGCTGCTGTACATGGCCACTCAGATCTCGTCAGCCATGGAGTACCTGGAGAAGAAAAACTTCATCCACAGAGATCTTGCTGCCCGAAACTGCCTGGTAGGGGAGGATCACTTGGTGAAGGTAGCTGAT","109A1C21",2,7,"AAC/GAT","mnv"
1017,"AAC","GAT",10190,374,374,"N/D","missense_variant","133M","GCTGCTGTACATGGCCACTCAGATCTCGTCAGCCATGGAGTACCTGGAGAAGAAAAACTTCATCCACAGAGATCTTGCTGCCCGAAACTGCCTGGTAGGGGAGGATCACTTGGTGAAGGTAGCTGATTTTGGC","103A1C27",2,7,"AAC/GAT","mnv"
1057,"AAC","GAT",9264,374,374,"N/D","missense_variant","133M","TACCTGGAGAAGAAAAACTTCATCCACAGAGATCTTGCTGCCCGAAACTGCCTGGTAGGGGAGGATCACTTGGTGAAGGTAGCTGATTTTGGCCTGAGCAGGTTGATGACAGGGGACACCTACACAGCCCATG","63A1C67",2,7,"AAC/GAT","mnv"
1040,"AAC","TGG",9904,374,374,"N/W","missense_variant","133M","TCTCGTCAGCCATGGAGTACCTGGAGAAGAAAAACTTCATCCACAGAGATCTTGCTGCCCGAAACTGCCTGGTAGGGGAGTGGCACTTGGTGAAGGTAGCTGATTTTGGCCTGAGCAGGTTGATGACAGGGGA","80A0A0C50",3,2,"AAC/TGG","mnv"
1022,"AAC","TGG",10223,374,374,"N/W","missense_variant","133M","TGTACATGGCCACTCAGATCTCGTCAGCCATGGAGTACCTGGAGAAGAAAAACTTCATCCACAGAGATCTTGCTGCCCGAAACTGCCTGGTAGGGGAGTGGCACTTGGTGAAGGTAGCTGATTTTGGCCTGAG","98A0A0C32",3,2,"AAC/TGG","mnv"
1052,"CC","TT",9503,374,375,"NH/NY","missense_variant","133M","TGGAGTACCTGGAGAAGAAAAACTTCATCCACAGAGATCTTGCTGCCCGAAACTGCCTGGTAGGGGAGAATTACTTGGTGAAGGTAGCTGATTTTGGCCTGAGCAGGTTGATGACAGGGGACACCTACACAGC","70C0C61",2,1,"aaCCac/aaTTac","mnv"
1028,"CA","AG",10180,375,375,"H/S","missense_variant","133M","TGGCCACTCAGATCTCGTCAGCCATGGAGTACCTGGAGAAGAAAAACTTCATCCACAGAGATCTTGCTGCCCGAAACTGCCTGGTAGGGGAGAACAGCTTGGTGAAGGTAGCTGATTTTGGCCTGAGCAGGTT","95C0A36",2,1,"CAc/AGc","mnv"
1018,"CA","TG",10238,375,375,"H/C","missense_variant","133M","CTGCTGTACATGGCCACTCAGATCTCGTCAGCCATGGAGTACCTGGAGAAGAAAAACTTCATCCACAGAGATCTTGCTGCCCGAAACTGCCTGGTAGGGGAGAACTGCTTGGTGAAGGTAGCTGATTTTGGCC","105C0A26",2,7,"CAc/TGc","mnv"
1073,"CA","TG",8800,375,375,"H/C","missense_variant","133M","ACTTCATCCACAGAGATCTTGCTGCCCGAAACTGCCTGGTAGGGGAGAACTGCTTGGTGAAGGTAGCTGATTTTGGCCTGAGCAGGTTGATGACAGGGGACACCTACACAGCCCATGCTGGAGCCAAGTTCCC","50C0A81",2,7,"CAc/TGc","mnv"
1058,"CA","TG",9280,375,375,"H/C","missense_variant","133M","ACCTGGAGAAGAAAAACTTCATCCACAGAGATCTTGCTGCCCGAAACTGCCTGGTAGGGGAGAACTGCTTGGTGAAGGTAGCTGATTTTGGCCTGAGCAGGTTGATGACAGGGGACACCTACACAGCCCATGC","65C0A66",2,7,"CAc/TGc","mnv"
1026,"CA","TG",10110,375,375,"H/C","missense_variant","133M","CATGGCCACTCAGATCTCGTCAGCCATGGAGTACCTGGAGAAGAAAAACTTCATCCACAGAGATCTTGCTGCCCGAAACTGCCTGGTAGGGGAGAACTGCTTGGTGAAGGTAGCTGATTTTGGCCTGAGCAGG","97C0A34",2,7,"CAc/TGc","mnv"
1029,"CA","TG",10162,375,375,"H/C","missense_variant","133M","GGCCACTCAGATCTCGTCAGCCATGGAGTACCTGGAGAAGAAAAACTTCATCCACAGAGATCTTGCTGCCCGAAACTGCCTGGTAGGGGAGAACTGCTTGGTGAAGGTAGCTGATTTTGGCCTGAGCAGGTTG","94C0A37",2,7,"CAc/TGc","mnv"
1069,"CA","TG",8844,375,375,"H/C","missense_variant","133M","AAAAACTTCATCCACAGAGATCTTGCTGCCCGAAACTGCCTGGTAGGGGAGAACTGCTTGGTGAAGGTAGCTGATTTTGGCCTGAGCAGGTTGATGACAGGGGACACCTACACAGCCCATGCTGGAGCCAAGT","54C0A77",2,7,"CAc/TGc","mnv"
1055,"CA","TG",9345,375,375,"H/C","missense_variant","133M","AGTACCTGGAGAAGAAAAACTTCATCCACAGAGATCTTGCTGCCCGAAACTGCCTGGTAGGGGAGAACTGCTTGGTGAAGGTAGCTGATTTTGGCCTGAGCAGGTTGATGACAGGGGACACCTACACAGCCCA","68C0A63",2,7,"CAc/TGc","mnv"
1052,"CAC","AAG",9503,375,375,"H/K","missense_variant","133M","TGGAGTACCTGGAGAAGAAAAACTTCATCCACAGAGATCTTGCTGCCCGAAACTGCCTGGTAGGGGAGAACAAGTTGGTGAAGGTAGCTGATTTTGGCCTGAGCAGGTTGATGACAGGGGACACCTACACAGC","71C1C59",2,1,"CAC/AAG","mnv"
1033,"CAC","GAG",10113,375,375,"H/E","missense_variant","133M","ACTCAGATCTCGTCAGCCATGGAGTACCTGGAGAAGAAAAACTTCATCCACAGAGATCTTGCTGCCCGAAACTGCCTGGTAGGGGAGAACGAGTTGGTGAAGGTAGCTGATTTTGGCCTGAGCAGGTTGATGA","90C1C40",2,1,"CAC/GAG","mnv"
1017,"TT","AA",10190,376,376,"L/K","missense_variant","133M","GCTGCTGTACATGGCCACTCAGATCTCGTCAGCCATGGAGTACCTGGAGAAGAAAAACTTCATCCACAGAGATCTTGCTGCCCGAAACTGCCTGGTAGGGGAGAACCACAAGGTGAAGGTAGCTGATTTTGGC","109T0T22",2,5,"TTg/AAg","mnv"
1107,"TT","AA",8152,376,376,"L/K","missense_variant","133M","CCTGGTAGGGGAGAACCACAAGGTGAAGGTAGCTGATTTTGGCCTGAGCAGGTTGATGACAGGGGACACCTACACAGCCCATGCTGGAGCCAAGTTCCCCATCAAATGGACTGCACCCGAGAGCCTGGCCTAC","19T0T112",2,5,"TTg/AAg","mnv"
1031,"TT","AA",10126,376,376,"L/K","missense_variant","133M","CCACTCAGATCTCGTCAGCCATGGAGTACCTGGAGAAGAAAAACTTCATCCACAGAGATCTTGCTGCCCGAAACTGCCTGGTAGGGGAGAACCACAAGGTGAAGGTAGCTGATTTTGGCCTGAGCAGGTTGAT","95T0T36",2,5,"TTg/AAg","mnv"
1097,"TT","AA",8423,376,376,"L/K","missense_variant","133M","CCCGAAACTGCCTGGTAGGGGAGAACCACAAGGTGAAGGTAGCTGATTTTGGCCTGAGCAGGTTGATGACAGGGGACACCTACACAGCCCATGCTGGAGCCAAGTTCCCCATCAAATGGACTGCACCCGAGAG","29T0T102",2,5,"TTg/AAg","mnv"
1120,"TT","AA",7653,376,376,"L/K","missense_variant","133M","AACCACAAGGTGAAGGTAGCTGATTTTGGCCTGAGCAGGTTGATGACAGGGGACACCTACACAGCCCATGCTGGAGCCAAGTTCCCCATCAAATGGACTGCACCCGAGAGCCTGGCCTACAACAAGTTCTCCA","6T0T125",2,5,"TTg/AAg","mnv"
1055,"TT","CA",9345,376,376,"L/Q","missense_variant","133M","AGTACCTGGAGAAGAAAAACTTCATCCACAGAGATCTTGCTGCCCGAAACTGCCTGGTAGGGGAGAACCACCAGGTGAAGGTAGCTGATTTTGGCCTGAGCAGGTTGATGACAGGGGACACCTACACAGCCCA","71T0T60",2,2,"TTg/CAg","mnv"
1008,"TT","CA",10040,376,376,"L/Q","missense_variant","133M","CGCCGTGGTGCTGCTGTACATGGCCACTCAGATCTCGTCAGCCATGGAGTACCTGGAGAAGAAAAACTTCATCCACAGAGATCTTGCTGCCCGAAACTGCCTGGTAGGGGAGAACCACCAGGTGAAGGTAGCT","118T0T13",2,2,"TTg/CAg","mnv"
1015,"TT","GA",10121,376,376,"L/E","missense_variant","133M","GTGCTGCTGTACATGGCCACTCAGATCTCGTCAGCCATGGAGTACCTGGAGAAGAAAAACTTCATCCACAGAGATCTTGCTGCCCGAAACTGCCTGGTAGGGGAGAACCACGAGGTGAAGGTAGCTGATTTTG","111T0T20",2,5,"TTg/GAg","mnv"
1017,"TT","GA",10190,376,376,"L/E","missense_variant","133M","GCTGCTGTACATGGCCACTCAGATCTCGTCAGCCATGGAGTACCTGGAGAAGAAAAACTTCATCCACAGAGATCTTGCTGCCCGAAACTGCCTGGTAGGGGAGAACCACGAGGTGAAGGTAGCTGATTTTGGC","109T0T22",2,5,"TTg/GAg","mnv"
1076,"TT","GA",8790,376,376,"L/E","missense_variant","133M","TCATCCACAGAGATCTTGCTGCCCGAAACTGCCTGGTAGGGGAGAACCACGAGGTGAAGGTAGCTGATTTTGGCCTGAGCAGGTTGATGACAGGGGACACCTACACAGCCCATGCTGGAGCCAAGTTCCCCAT","50T0T81",2,5,"TTg/GAg","mnv"
1002,"TT","GA",9733,376,376,"L/E","missense_variant","133M","GGTGAACGCCGTGGTGCTGCTGTACATGGCCACTCAGATCTCGTCAGCCATGGAGTACCTGGAGAAGAAAAACTTCATCCACAGAGATCTTGCTGCCCGAAACTGCCTGGTAGGGGAGAACCACGAGGTGAAG","124T0T7",2,5,"TTg/GAg","mnv"
1038,"TT","GA",9969,376,376,"L/E","missense_variant","133M","GATCTCGTCAGCCATGGAGTACCTGGAGAAGAAAAACTTCATCCACAGAGATCTTGCTGCCCGAAACTGCCTGGTAGGGGAGAACCACGAGGTGAAGGTAGCTGATTTTGGCCTGAGCAGGTTGATGACAGGG","88T0T43",2,5,"TTg/GAg","mnv"
1054,"GTG","ACC",9410,377,377,"V/T","missense_variant","133M","GAGTACCTGGAGAAGAAAAACTTCATCCACAGAGATCTTGCTGCCCGAAACTGCCTGGTAGGGGAGAACCACTTGACCAAGGTAGCTGATTTTGGCCTGAGCAGGTTGATGACAGGGGACACCTACACAGCCC","75G0T0G55",3,1,"GTG/ACC","mnv"
1025,"GTG","ATC",10070,377,377,"V/I","missense_variant","133M","ACATGGCCACTCAGATCTCGTCAGCCATGGAGTACCTGGAGAAGAAAAACTTCATCCACAGAGATCTTGCTGCCCGAAACTGCCTGGTAGGGGAGAACCACTTGATCAAGGTAGCTGATTTTGGCCTGAGCAG","104G1G26",2,1,"GTG/ATC","mnv"
1053,"GTA","ATC",9495,379,379,"V/I","missense_variant","133M","GGAGTACCTGGAGAAGAAAAACTTCATCCACAGAGATCTTGCTGCCCGAAACTGCCTGGTAGGGGAGAACCACTTGGTGAAGATCGCTGATTTTGGCCTGAGCAGGTTGATGACAGGGGACACCTACACAGCC","82G1A48",2,1,"GTA/ATC","mnv"
1023,"GTA","CTG",10146,379,379,"V/L","missense_variant","133M","GTACATGGCCACTCAGATCTCGTCAGCCATGGAGTACCTGGAGAAGAAAAACTTCATCCACAGAGATCTTGCTGCCCGAAACTGCCTGGTAGGGGAGAACCACTTGGTGAAGCTGGCTGATTTTGGCCTGAGC","112G1A18",2,5,"GTA/CTG","mnv"
1058,"GTA","CTG",9280,379,379,"V/L","missense_variant","133M","ACCTGGAGAAGAAAAACTTCATCCACAGAGATCTTGCTGCCCGAAACTGCCTGGTAGGGGAGAACCACTTGGTGAAGCTGGCTGATTTTGGCCTGAGCAGGTTGATGACAGGGGACACCTACACAGCCCATGC","77G1A53",2,5,"GTA/CTG","mnv"
1029,"GTA","CTG",10162,379,379,"V/L","missense_variant","133M","GGCCACTCAGATCTCGTCAGCCATGGAGTACCTGGAGAAGAAAAACTTCATCCACAGAGATCTTGCTGCCCGAAACTGCCTGGTAGGGGAGAACCACTTGGTGAAGCTGGCTGATTTTGGCCTGAGCAGGTTG","106G1A24",2,5,"GTA/CTG","mnv"
1014,"GTA","CTG",10094,379,379,"V/L","missense_variant","133M","GGTGCTGCTGTACATGGCCACTCAGATCTCGTCAGCCATGGAGTACCTGGAGAAGAAAAACTTCATCCACAGAGATCTTGCTGCCCGAAACTGCCTGGTAGGGGAGAACCACTTGGTGAAGCTGGCTGATTTT","121G1A9",2,5,"GTA/CTG","mnv"
1069,"GTA","CTG",8844,379,379,"V/L","missense_variant","133M","AAAAACTTCATCCACAGAGATCTTGCTGCCCGAAACTGCCTGGTAGGGGAGAACCACTTGGTGAAGCTGGCTGATTTTGGCCTGAGCAGGTTGATGACAGGGGACACCTACACAGCCCATGCTGGAGCCAAGT","66G1A64",2,5,"GTA/CTG","mnv"
1100,"GCT","TGC",8306,380,380,"A/C","missense_variant","133M","GAAACTGCCTGGTAGGGGAGAACCACTTGGTGAAGGTATGCGATTTTGGCCTGAGCAGGTTGATGACAGGGGACACCTACACAGCCCATGCTGGAGCCAAGTTCCCCATCAAATGGACTGCACCCGAGAGCCT","38G0C0T92",3,3,"GCT/TGC","mnv"
1057,"GCT","TGC",9264,380,380,"A/C","missense_variant","133M","TACCTGGAGAAGAAAAACTTCATCCACAGAGATCTTGCTGCCCGAAACTGCCTGGTAGGGGAGAACCACTTGGTGAAGGTATGCGATTTTGGCCTGAGCAGGTTGATGACAGGGGACACCTACACAGCCCATG","81G0C0T49",3,3,"GCT/TGC","mnv"
1042,"GCT","TGC",9811,380,380,"A/C","missense_variant","133M","TCGTCAGCCATGGAGTACCTGGAGAAGAAAAACTTCATCCACAGAGATCTTGCTGCCCGAAACTGCCTGGTAGGGGAGAACCACTTGGTGAAGGTATGCGATTTTGGCCTGAGCAGGTTGATGACAGGGGACA","96G0C0T34",3,3,"GCT/TGC","mnv"
1100,"CTG","TTC",8306,384,384,"L/F","missense_variant","133M","GAAACTGCCTGGTAGGGGAGAACCACTTGGTGAAGGTAGCTGATTTTGGCTTCAGCAGGTTGATGACAGGGGACACCTACACAGCCCATGCTGGAGCCAAGTTCCCCATCAAATGGACTGCACCCGAGAGCCT","50C1G80",2,19,"CTG/TTC","mnv"
1065,"CTG","TTC",9027,384,384,"L/F","missense_variant","133M","GAAGAAAAACTTCATCCACAGAGATCTTGCTGCCCGAAACTGCCTGGTAGGGGAGAACCACTTGGTGAAGGTAGCTGATTTTGGCTTCAGCAGGTTGATGACAGGGGACACCTACACAGCCCATGCTGGAGCC","85C1G45",2,19,"CTG/TTC","mnv"
1028,"CTG","TTC",10180,384,384,"L/F","missense_variant","133M","TGGCCACTCAGATCTCGTCAGCCATGGAGTACCTGGAGAAGAAAAACTTCATCCACAGAGATCTTGCTGCCCGAAACTGCCTGGTAGGGGAGAACCACTTGGTGAAGGTAGCTGATTTTGGCTTCAGCAGGTT","122C1G8",2,19,"CTG/TTC","mnv"
1120,"CTG","TTC",7653,384,384,"L/F","missense_variant","133M","AACCACTTGGTGAAGGTAGCTGATTTTGGCTTCAGCAGGTTGATGACAGGGGACACCTACACAGCCCATGCTGGAGCCAAGTTCCCCATCAAATGGACTGCACCCGAGAGCCTGGCCTACAACAAGTTCTCCA","30C1G100",2,19,"CTG/TTC","mnv"
1109,"CTG","TTC",8119,384,384,"L/F","missense_variant","133M","TGGTAGGGGAGAACCACTTGGTGAAGGTAGCTGATTTTGGCTTCAGCAGGTTGATGACAGGGGACACCTACACAGCCCATGCTGGAGCCAAGTTCCCCATCAAATGGACTGCACCCGAGAGCCTGGCCTACAA","41C1G89",2,19,"CTG/TTC","mnv"
1027,"CTG","TTC",10126,384,384,"L/F","missense_variant","133M","ATGGCCACTCAGATCTCGTCAGCCATGGAGTACCTGGAGAAGAAAAACTTCATCCACAGAGATCTTGCTGCCCGAAACTGCCTGGTAGGGGAGAACCACTTGGTGAAGGTAGCTGATTTTGGCTTCAGCAGGT","123C1G7",2,19,"CTG/TTC","mnv"
1060,"CTG","TTC",9190,384,384,"L/F","missense_variant","133M","CTGGAGAAGAAAAACTTCATCCACAGAGATCTTGCTGCCCGAAACTGCCTGGTAGGGGAGAACCACTTGGTGAAGGTAGCTGATTTTGGCTTCAGCAGGTTGATGACAGGGGACACCTACACAGCCCATGCTG","90C1G40",2,19,"CTG/TTC","mnv"
1082,"CTG","TTC",8856,384,384,"L/F","missense_variant","133M","ACAGAGATCTTGCTGCCCGAAACTGCCTGGTAGGGGAGAACCACTTGGTGAAGGTAGCTGATTTTGGCTTCAGCAGGTTGATGACAGGGGACACCTACACAGCCCATGCTGGAGCCAAGTTCCCCATCAAATG","68C1G62",2,19,"CTG/TTC","mnv"
1052,"CTG","TTC",9503,384,384,"L/F","missense_variant","133M","TGGAGTACCTGGAGAAGAAAAACTTCATCCACAGAGATCTTGCTGCCCGAAACTGCCTGGTAGGGGAGAACCACTTGGTGAAGGTAGCTGATTTTGGCTTCAGCAGGTTGATGACAGGGGACACCTACACAGC","98C1G32",2,19,"CTG/TTC","mnv"
1035,"CTG","TTC",10051,384,384,"L/F","missense_variant","133M","TCAGATCTCGTCAGCCATGGAGTACCTGGAGAAGAAAAACTTCATCCACAGAGATCTTGCTGCCCGAAACTGCCTGGTAGGGGAGAACCACTTGGTGAAGGTAGCTGATTTTGGCTTCAGCAGGTTGATGACA","115C1G15",2,19,"CTG/TTC","mnv"
1057,"CTG","TTC",9264,384,384,"L/F","missense_variant","133M","TACCTGGAGAAGAAAAACTTCATCCACAGAGATCTTGCTGCCCGAAACTGCCTGGTAGGGGAGAACCACTTGGTGAAGGTAGCTGATTTTGGCTTCAGCAGGTTGATGACAGGGGACACCTACACAGCCCATG","93C1G37",2,19,"CTG/TTC","mnv"
1068,"CTG","TTC",8905,384,384,"L/F","missense_variant","133M","GAAAAACTTCATCCACAGAGATCTTGCTGCCCGAAACTGCCTGGTAGGGGAGAACCACTTGGTGAAGGTAGCTGATTTTGGCTTCAGCAGGTTGATGACAGGGGACACCTACACAGCCCATGCTGGAGCCAAG","82C1G48",2,19,"CTG/TTC","mnv"
1046,"CTG","TTC",9626,384,384,"L/F","missense_variant","133M","CAGCCATGGAGTACCTGGAGAAGAAAAACTTCATCCACAGAGATCTTGCTGCCCGAAACTGCCTGGTAGGGGAGAACCACTTGGTGAAGGTAGCTGATTTTGGCTTCAGCAGGTTGATGACAGGGGACACCTA","104C1G26",2,19,"CTG/TTC","mnv"
1111,"CTG","TTC",8056,384,384,"L/F","missense_variant","133M","GTAGGGGAGAACCACTTGGTGAAGGTAGCTGATTTTGGCTTCAGCAGGTTGATGACAGGGGACACCTACACAGCCCATGCTGGAGCCAAGTTCCCCATCAAATGGACTGCACCCGAGAGCCTGGCCTACAACA","39C1G91",2,19,"CTG/TTC","mnv"
1064,"CTG","TTC",9088,384,384,"L/F","missense_variant","133M","AGAAGAAAAACTTCATCCACAGAGATCTTGCTGCCCGAAACTGCCTGGTAGGGGAGAACCACTTGGTGAAGGTAGCTGATTTTGGCTTCAGCAGGTTGATGACAGGGGACACCTACACAGCCCATGCTGGAGC","86C1G44",2,19,"CTG/TTC","mnv"
1107,"CTG","TTC",8152,384,384,"L/F","missense_variant","133M","CCTGGTAGGGGAGAACCACTTGGTGAAGGTAGCTGATTTTGGCTTCAGCAGGTTGATGACAGGGGACACCTACACAGCCCATGCTGGAGCCAAGTTCCCCATCAAATGGACTGCACCCGAGAGCCTGGCCTAC","43C1G87",2,19,"CTG/TTC","mnv"
1079,"CTG","TTC",8848,384,384,"L/F","missense_variant","133M","TCCACAGAGATCTTGCTGCCCGAAACTGCCTGGTAGGGGAGAACCACTTGGTGAAGGTAGCTGATTTTGGCTTCAGCAGGTTGATGACAGGGGACACCTACACAGCCCATGCTGGAGCCAAGTTCCCCATCAA","71C1G59",2,19,"CTG/TTC","mnv"
1120,"CTG","TTC",7653,384,384,"L/F","missense_variant","133M","AACCACTTGGTGAAGGTAGCTGATTTTGGCTTCAGCAGGTTGATGACAGGGGACACCTACACAGCCCATGCTGGAGCCAAGTTCCCCATCAAATGGACTGCACCCGAGAGCCTGGCCTACAACAAGTTCTCCA","30C1G100",2,19,"CTG/TTC","mnv"
1106,"CTG","TTC",8133,384,384,"L/F","missense_variant","133M","GCCTGGTAGGGGAGAACCACTTGGTGAAGGTAGCTGATTTTGGCTTCAGCAGGTTGATGACAGGGGACACCTACACAGCCCATGCTGGAGCCAAGTTCCCCATCAAATGGACTGCACCCGAGAGCCTGGCCTA","44C1G86",2,19,"CTG/TTC","mnv"
1039,"AGG","TGC",9943,386,386,"R/C","missense_variant","133M","ATCTCGTCAGCCATGGAGTACCTGGAGAAGAAAAACTTCATCCACAGAGATCTTGCTGCCCGAAACTGCCTGGTAGGGGAGAACCACTTGGTGAAGGTAGCTGATTTTGGCCTGAGCTGCTTGATGACAGGGG","117A1G13",2,1,"AGG/TGC","mnv"
1104,"TT","CA",8194,387,387,"L/Q","missense_variant","133M","CTGCCTGGTAGGGGAGAACCACTTGGTGAAGGTAGCTGATTTTGGCCTGAGCAGGCAGATGACAGGGGACACCTACACAGCCCATGCTGGAGCCAAGTTCCCCATCAAATGGACTGCACCCGAGAGCCTGGCC","55T0T76",2,3,"TTg/CAg","mnv"
1058,"TT","CA",9280,387,387,"L/Q","missense_variant","133M","ACCTGGAGAAGAAAAACTTCATCCACAGAGATCTTGCTGCCCGAAACTGCCTGGTAGGGGAGAACCACTTGGTGAAGGTAGCTGATTTTGGCCTGAGCAGGCAGATGACAGGGGACACCTACACAGCCCATGC","101T0T30",2,3,"TTg/CAg","mnv"
1053,"TT","CA",9495,387,387,"L/Q","missense_variant","133M","GGAGTACCTGGAGAAGAAAAACTTCATCCACAGAGATCTTGCTGCCCGAAACTGCCTGGTAGGGGAGAACCACTTGGTGAAGGTAGCTGATTTTGGCCTGAGCAGGCAGATGACAGGGGACACCTACACAGCC","106T0T25",2,3,"TTg/CAg","mnv"
1083,"TTG","ACC",8845,387,387,"L/T","missense_variant","133M","CAGAGATCTTGCTGCCCGAAACTGCCTGGTAGGGGAGAACCACTTGGTGAAGGTAGCTGATTTTGGCCTGAGCAGGACCATGACAGGGGACACCTACACAGCCCATGCTGGAGCCAAGTTCCCCATCAAATGG","76T0T0G54",3,1,"TTG/ACC","mnv"
1063,"TTG","AGA",9098,387,387,"L/R","missense_variant","133M","GAGAAGAAAAACTTCATCCACAGAGATCTTGCTGCCCGAAACTGCCTGGTAGGGGAGAACCACTTGGTGAAGGTAGCTGATTTTGGCCTGAGCAGGAGAATGACAGGGGACACCTACACAGCCCATGCTGGAG","96T0T0G34",3,1,"TTG/AGA","mnv"
1084,"TTG","GAT",8824,387,387,"L/D","missense_variant","133M","AGAGATCTTGCTGCCCGAAACTGCCTGGTAGGGGAGAACCACTTGGTGAAGGTAGCTGATTTTGGCCTGAGCAGGGATATGACAGGGGACACCTACACAGCCCATGCTGGAGCCAAGTTCCCCATCAAATGGA","75T0T0G55",3,1,"TTG/GAT","mnv"
1106,"ACA","CAC",8133,389,389,"T/H","missense_variant","133M","GCCTGGTAGGGGAGAACCACTTGGTGAAGGTAGCTGATTTTGGCCTGAGCAGGTTGATGCACGGGGACACCTACACAGCCCATGCTGGAGCCAAGTTCCCCATCAAATGGACTGCACCCGAGAGCCTGGCCTA","59A0C0A71",3,9,"ACA/CAC","mnv"
1100,"ACA","CAC",8306,389,389,"T/H","missense_variant","133M","GAAACTGCCTGGTAGGGGAGAACCACTTGGTGAAGGTAGCTGATTTTGGCCTGAGCAGGTTGATGCACGGGGACACCTACACAGCCCATGCTGGAGCCAAGTTCCCCATCAAATGGACTGCACCCGAGAGCCT","65A0C0A65",3,9,"ACA/CAC","mnv"
1113,"ACA","CAC",7915,389,389,"T/H","missense_variant","133M","AGGGGAGAACCACTTGGTGAAGGTAGCTGATTTTGGCCTGAGCAGGTTGATGCACGGGGACACCTACACAGCCCATGCTGGAGCCAAGTTCCCCATCAAATGGACTGCACCCGAGAGCCTGGCCTACAACAAG","52A0C0A78",3,9,"ACA/CAC","mnv"
1118,"ACA","CAC",7738,389,389,"T/H","missense_variant","133M","AGAACCACTTGGTGAAGGTAGCTGATTTTGGCCTGAGCAGGTTGATGCACGGGGACACCTACACAGCCCATGCTGGAGCCAAGTTCCCCATCAAATGGACTGCACCCGAGAGCCTGGCCTACAACAAGTTCTC","47A0C0A83",3,9,"ACA/CAC","mnv"
1068,"ACA","CAC",8905,389,389,"T/H","missense_variant","133M","GAAAAACTTCATCCACAGAGATCTTGCTGCCCGAAACTGCCTGGTAGGGGAGAACCACTTGGTGAAGGTAGCTGATTTTGGCCTGAGCAGGTTGATGCACGGGGACACCTACACAGCCCATGCTGGAGCCAAG","97A0C0A33",3,9,"ACA/CAC","mnv"
1081,"ACA","CAC",8876,389,389,"T/H","missense_variant","133M","CACAGAGATCTTGCTGCCCGAAACTGCCTGGTAGGGGAGAACCACTTGGTGAAGGTAGCTGATTTTGGCCTGAGCAGGTTGATGCACGGGGACACCTACACAGCCCATGCTGGAGCCAAGTTCCCCATCAAAT","84A0C0A46",3,9,"ACA/CAC","mnv"
1119,"ACA","CAC",7703,389,389,"T/H","missense_variant","133M","GAACCACTTGGTGAAGGTAGCTGATTTTGGCCTGAGCAGGTTGATGCACGGGGACACCTACACAGCCCATGCTGGAGCCAAGTTCCCCATCAAATGGACTGCACCCGAGAGCCTGGCCTACAACAAGTTCTCC","46A0C0A84",3,9,"ACA/CAC","mnv"
1113,"ACA","CAC",7915,389,389,"T/H","missense_variant","133M","AGGGGAGAACCACTTGGTGAAGGTAGCTGATTTTGGCCTGAGCAGGTTGATGCACGGGGACACCTACACAGCCCATGCTGGAGCCAAGTTCCCCATCAAATGGACTGCACCCGAGAGCCTGGCCTACAACAAG","52A0C0A78",3,9,"ACA/CAC","mnv"
1089,"ACA","CAC",8552,389,389,"T/H","missense_variant","133M","TCTTGCTGCCCGAAACTGCCTGGTAGGGGAGAACCACTTGGTGAAGGTAGCTGATTTTGGCCTGAGCAGGTTGATGCACGGGGACACCTACACAGCCCATGCTGGAGCCAAGTTCCCCATCAAATGGACTGCA","76A0C0A54",3,9,"ACA/CAC","mnv"
1130,"ACA","GAT",7162,389,389,"T/D","missense_variant","133M","TGAAGGTAGCTGATTTTGGCCTGAGCAGGTTGATGGATGGGGACACCTACACAGCCCATGCTGGAGCCAAGTTCCCCATCAAATGGACTGCACCCGAGAGCCTGGCCTACAACAAGTTCTCCATCAAGTCCGA","35A0C0A95",3,5,"ACA/GAT","mnv"
1093,"ACA","GAT",8567,389,389,"T/D","missense_variant","133M","GCTGCCCGAAACTGCCTGGTAGGGGAGAACCACTTGGTGAAGGTAGCTGATTTTGGCCTGAGCAGGTTGATGGATGGGGACACCTACACAGCCCATGCTGGAGCCAAGTTCCCCATCAAATGGACTGCACCCG","72A0C0A58",3,5,"ACA/GAT","mnv"
1108,"ACA","GAT",8131,389,389,"T/D","missense_variant","133M","CTGGTAGGGGAGAACCACTTGGTGAAGGTAGCTGATTTTGGCCTGAGCAGGTTGATGGATGGGGACACCTACACAGCCCATGCTGGAGCCAAGTTCCCCATCAAATGGACTGCACCCGAGAGCCTGGCCTACA","57A0C0A73",3,5,"ACA/GAT","mnv"
1080,"ACA","GAT",8869,389,389,"T/D","missense_variant","133M","CCACAGAGATCTTGCTGCCCGAAACTGCCTGGTAGGGGAGAACCACTTGGTGAAGGTAGCTGATTTTGGCCTGAGCAGGTTGATGGATGGGGACACCTACACAGCCCATGCTGGAGCCAAGTTCCCCATCAAA","85A0C0A45",3,5,"ACA/GAT","mnv"
1074,"ACA","GAT",8829,389,389,"T/D","missense_variant","133M","CTTCATCCACAGAGATCTTGCTGCCCGAAACTGCCTGGTAGGGGAGAACCACTTGGTGAAGGTAGCTGATTTTGGCCTGAGCAGGTTGATGGATGGGGACACCTACACAGCCCATGCTGGAGCCAAGTTCCCC","91A0C0A39",3,5,"ACA/GAT","mnv"
1084,"ACA","GTG",8824,389,389,"T/V","missense_variant","133M","AGAGATCTTGCTGCCCGAAACTGCCTGGTAGGGGAGAACCACTTGGTGAAGGTAGCTGATTTTGGCCTGAGCAGGTTGATGGTGGGGGACACCTACACAGCCCATGCTGGAGCCAAGTTCCCCATCAAATGGA","81A0C0A49",3,2,"ACA/GTG","mnv"
1124,"ACA","GTG",7434,389,389,"T/V","missense_variant","133M","ACTTGGTGAAGGTAGCTGATTTTGGCCTGAGCAGGTTGATGGTGGGGGACACCTACACAGCCCATGCTGGAGCCAAGTTCCCCATCAAATGGACTGCACCCGAGAGCCTGGCCTACAACAAGTTCTCCATCAA","41A0C0A89",3,2,"ACA/GTG","mnv"
1133,"ACA","TAC",6941,389,389,"T/Y","missense_variant","133M","AGGTAGCTGATTTTGGCCTGAGCAGGTTGATGTACGGGGACACCTACACAGCCCATGCTGGAGCCAAGTTCCCCATCAAATGGACTGCACCCGAGAGCCTGGCCTACAACAAGTTCTCCATCAAGTCCGACGT","32A0C0A98",3,2,"ACA/TAC","mnv"
1071,"ACA","TAC",8791,389,389,"T/Y","missense_variant","133M","AAACTTCATCCACAGAGATCTTGCTGCCCGAAACTGCCTGGTAGGGGAGAACCACTTGGTGAAGGTAGCTGATTTTGGCCTGAGCAGGTTGATGTACGGGGACACCTACACAGCCCATGCTGGAGCCAAGTTC","94A0C0A36",3,2,"ACA/TAC","mnv"
1052,"AC","CA",9503,392,392,"T/H","missense_variant","133M","TGGAGTACCTGGAGAAGAAAAACTTCATCCACAGAGATCTTGCTGCCCGAAACTGCCTGGTAGGGGAGAACCACTTGGTGAAGGTAGCTGATTTTGGCCTGAGCAGGTTGATGACAGGGGACCACTACACAGC","122A0C9",2,1,"ACc/CAc","mnv"
1058,"AC","TT",9280,392,392,"T/F","missense_variant","133M","ACCTGGAGAAGAAAAACTTCATCCACAGAGATCTTGCTGCCCGAAACTGCCTGGTAGGGGAGAACCACTTGGTGAAGGTAGCTGATTTTGGCCTGAGCAGGTTGATGACAGGGGACTTCTACACAGCCCATGC","116A0C15",2,3,"ACc/TTc","mnv"
1088,"AC","TT",8603,392,392,"T/F","missense_variant","133M","ATCTTGCTGCCCGAAACTGCCTGGTAGGGGAGAACCACTTGGTGAAGGTAGCTGATTTTGGCCTGAGCAGGTTGATGACAGGGGACTTCTACACAGCCCATGCTGGAGCCAAGTTCCCCATCAAATGGACTGC","86A0C45",2,3,"ACc/TTc","mnv"
1123,"AC","TT",7482,392,392,"T/F","missense_variant","133M","CACTTGGTGAAGGTAGCTGATTTTGGCCTGAGCAGGTTGATGACAGGGGACTTCTACACAGCCCATGCTGGAGCCAAGTTCCCCATCAAATGGACTGCACCCGAGAGCCTGGCCTACAACAAGTTCTCCATCA","51A0C80",2,3,"ACc/TTc","mnv"
1165,"ACC","CAG",5737,392,392,"T/Q","missense_variant","133M","ACAGGGGACCAGTACACAGCCCATGCTGGAGCCAAGTTCCCCATCAAATGGACTGCACCCGAGAGCCTGGCCTACAACAAGTTCTCCATCAAGTCCGACGTCTGGGCATTTGGAGTATTGCTTTGGGAAATTG","9A0C0C121",3,3,"ACC/CAG","mnv"
1093,"ACC","CAG",8567,392,392,"T/Q","missense_variant","133M","GCTGCCCGAAACTGCCTGGTAGGGGAGAACCACTTGGTGAAGGTAGCTGATTTTGGCCTGAGCAGGTTGATGACAGGGGACCAGTACACAGCCCATGCTGGAGCCAAGTTCCCCATCAAATGGACTGCACCCG","81A0C0C49",3,3,"ACC/CAG","mnv"
1118,"ACC","CAG",7738,392,392,"T/Q","missense_variant","133M","AGAACCACTTGGTGAAGGTAGCTGATTTTGGCCTGAGCAGGTTGATGACAGGGGACCAGTACACAGCCCATGCTGGAGCCAAGTTCCCCATCAAATGGACTGCACCCGAGAGCCTGGCCTACAACAAGTTCTC","56A0C0C74",3,3,"ACC/CAG","mnv"
1108,"ACA","GTG",8131,394,394,"T/V","missense_variant","133M","CTGGTAGGGGAGAACCACTTGGTGAAGGTAGCTGATTTTGGCCTGAGCAGGTTGATGACAGGGGACACCTACGTGGCCCATGCTGGAGCCAAGTTCCCCATCAAATGGACTGCACCCGAGAGCCTGGCCTACA","72A0C0A58",3,1,"ACA/GTG","mnv"
1108,"CAT","AGA",8131,396,396,"H/R","missense_variant","133M","CTGGTAGGGGAGAACCACTTGGTGAAGGTAGCTGATTTTGGCCTGAGCAGGTTGATGACAGGGGACACCTACACAGCCAGAGCTGGAGCCAAGTTCCCCATCAAATGGACTGCACCCGAGAGCCTGGCCTACA","78C0A0T52",3,1,"CAT/AGA","mnv"
1127,"GCT","CTG",7279,397,397,"A/L","missense_variant","133M","TGGTGAAGGTAGCTGATTTTGGCCTGAGCAGGTTGATGACAGGGGACACCTACACAGCCCATCTGGGAGCCAAGTTCCCCATCAAATGGACTGCACCCGAGAGCCTGGCCTACAACAAGTTCTCCATCAAGTC","62G0C0T68",3,2,"GCT/CTG","mnv"
1108,"GCT","CTG",8131,397,397,"A/L","missense_variant","133M","CTGGTAGGGGAGAACCACTTGGTGAAGGTAGCTGATTTTGGCCTGAGCAGGTTGATGACAGGGGACACCTACACAGCCCATCTGGGAGCCAAGTTCCCCATCAAATGGACTGCACCCGAGAGCCTGGCCTACA","81G0C0T49",3,2,"GCT/CTG","mnv"
1119,"TTC","ATG",7703,401,401,"F/M","missense_variant","133M","GAACCACTTGGTGAAGGTAGCTGATTTTGGCCTGAGCAGGTTGATGACAGGGGACACCTACACAGCCCATGCTGGAGCCAAGATGCCCATCAAATGGACTGCACCCGAGAGCCTGGCCTACAACAAGTTCTCC","82T1C48",2,1,"TTC/ATG","mnv"
1182,"TTC","CTG",5778,401,401,"F/L","missense_variant","133M","AGCCCATGCTGGAGCCAAGCTGCCCATCAAATGGACTGCACCCGAGAGCCTGGCCTACAACAAGTTCTCCATCAAGTCCGACGTCTGGGCATTTGGAGTATTGCTTTGGGAAATTGCTACCTATGGCATGTCC","19T1C111",2,1,"TTC/CTG","mnv"
1208,"ACT","TGC",5640,406,406,"T/C","missense_variant","133M","TCAAATGGTGCGCACCCGAGAGCCTGGCCTACAACAAGTTCTCCATCAAGTCCGACGTCTGGGCATTTGGAGTATTGCTTTGGGAAATTGCTACCTATGGCATGTCCCCTTACCCGGGAATTGACCTGTCCCA","8A0C0T122",3,4,"ACT/TGC","mnv"
1173,"ACT","TGC",5853,406,406,"T/C","missense_variant","133M","CACCTACACAGCCCATGCTGGAGCCAAGTTCCCCATCAAATGGTGCGCACCCGAGAGCCTGGCCTACAACAAGTTCTCCATCAAGTCCGACGTCTGGGCATTTGGAGTATTGCTTTGGGAAATTGCTACCTAT","43A0C0T87",3,4,"ACT/TGC","mnv"
1152,"ACT","TGC",5988,406,406,"T/C","missense_variant","133M","GAGCAGGTTGATGACAGGGGACACCTACACAGCCCATGCTGGAGCCAAGTTCCCCATCAAATGGTGCGCACCCGAGAGCCTGGCCTACAACAAGTTCTCCATCAAGTCCGACGTCTGGGCATTTGGAGTATTG","64A0C0T66",3,4,"ACT/TGC","mnv"
1179,"ACT","TGC",5755,406,406,"T/C","missense_variant","133M","CACAGCCCATGCTGGAGCCAAGTTCCCCATCAAATGGTGCGCACCCGAGAGCCTGGCCTACAACAAGTTCTCCATCAAGTCCGACGTCTGGGCATTTGGAGTATTGCTTTGGGAAATTGCTACCTATGGCATG","37A0C0T93",3,4,"ACT/TGC","mnv"
1149,"GCA","TGC",6166,407,407,"A/C","missense_variant","133M","CCTGAGCAGGTTGATGACAGGGGACACCTACACAGCCCATGCTGGAGCCAAGTTCCCCATCAAATGGACTTGCCCCGAGAGCCTGGCCTACAACAAGTTCTCCATCAAGTCCGACGTCTGGGCATTTGGAGTA","70G0C0A60",3,2,"GCA/TGC","mnv"
1179,"GCA","TGC",5755,407,407,"A/C","missense_variant","133M","CACAGCCCATGCTGGAGCCAAGTTCCCCATCAAATGGACTTGCCCCGAGAGCCTGGCCTACAACAAGTTCTCCATCAAGTCCGACGTCTGGGCATTTGGAGTATTGCTTTGGGAAATTGCTACCTATGGCATG","40G0C0A90",3,2,"GCA/TGC","mnv"
1215,"CTG","TTC",5560,411,411,"L/F","missense_variant","133M","GACTGCACCCGAGAGCTTCGCCTACAACAAGTTCTCCATCAAGTCCGACGTCTGGGCATTTGGAGTATTGCTTTGGGAAATTGCTACCTATGGCATGTCCCCTTACCCGGGAATTGACCTGTCCCAGGTGTAT","16C1G114",2,34,"CTG/TTC","mnv"
1108,"CTG","TTC",8131,411,411,"L/F","missense_variant","133M","CTGGTAGGGGAGAACCACTTGGTGAAGGTAGCTGATTTTGGCCTGAGCAGGTTGATGACAGGGGACACCTACACAGCCCATGCTGGAGCCAAGTTCCCCATCAAATGGACTGCACCCGAGAGCTTCGCCTACA","123C1G7",2,34,"CTG/TTC","mnv"
1107,"CTG","TTC",8152,411,411,"L/F","missense_variant","133M","CCTGGTAGGGGAGAACCACTTGGTGAAGGTAGCTGATTTTGGCCTGAGCAGGTTGATGACAGGGGACACCTACACAGCCCATGCTGGAGCCAAGTTCCCCATCAAATGGACTGCACCCGAGAGCTTCGCCTAC","124C1G6",2,34,"CTG/TTC","mnv"
1117,"CTG","TTC",7759,411,411,"L/F","missense_variant","133M","GAGAACCACTTGGTGAAGGTAGCTGATTTTGGCCTGAGCAGGTTGATGACAGGGGACACCTACACAGCCCATGCTGGAGCCAAGTTCCCCATCAAATGGACTGCACCCGAGAGCTTCGCCTACAACAAGTTCT","114C1G16",2,34,"CTG/TTC","mnv"
1125,"CTG","TTC",7404,411,411,"L/F","missense_variant","133M","CTTGGTGAAGGTAGCTGATTTTGGCCTGAGCAGGTTGATGACAGGGGACACCTACACAGCCCATGCTGGAGCCAAGTTCCCCATCAAATGGACTGCACCCGAGAGCTTCGCCTACAACAAGTTCTCCATCAAG","106C1G24",2,34,"CTG/TTC","mnv"
1226,"CTG","TTC",5594,411,411,"L/F","missense_variant","133M","AGAGCTTCGCCTACAACAAGTTCTCCATCAAGTCCGACGTCTGGGCATTTGGAGTATTGCTTTGGGAAATTGCTACCTATGGCATGTCCCCTTACCCGGGAATTGACCTGTCCCAGGTGTATGAGCTGCTAGA","5C1G125",2,34,"CTG/TTC","mnv"
1150,"CTG","TTC",6097,411,411,"L/F","missense_variant","133M","CTGAGCAGGTTGATGACAGGGGACACCTACACAGCCCATGCTGGAGCCAAGTTCCCCATCAAATGGACTGCACCCGAGAGCTTCGCCTACAACAAGTTCTCCATCAAGTCCGACGTCTGGGCATTTGGAGTAT","81C1G49",2,34,"CTG/TTC","mnv"
1207,"CTG","TTC",5662,411,411,"L/F","missense_variant","133M","ATCAAATGGACTGCACCCGAGAGCTTCGCCTACAACAAGTTCTCCATCAAGTCCGACGTCTGGGCATTTGGAGTATTGCTTTGGGAAATTGCTACCTATGGCATGTCCCCTTACCCGGGAATTGACCTGTCCC","24C1G106",2,34,"CTG/TTC","mnv"
1139,"CTG","TTC",6664,411,411,"L/F","missense_variant","133M","CTGATTTTGGCCTGAGCAGGTTGATGACAGGGGACACCTACACAGCCCATGCTGGAGCCAAGTTCCCCATCAAATGGACTGCACCCGAGAGCTTCGCCTACAACAAGTTCTCCATCAAGTCCGACGTCTGGGC","92C1G38",2,34,"CTG/TTC","mnv"
1129,"CTG","TTC",7248,411,411,"L/F","missense_variant","133M","GTGAAGGTAGCTGATTTTGGCCTGAGCAGGTTGATGACAGGGGACACCTACACAGCCCATGCTGGAGCCAAGTTCCCCATCAAATGGACTGCACCCGAGAGCTTCGCCTACAACAAGTTCTCCATCAAGTCCG","102C1G28",2,34,"CTG/TTC","mnv"
1224,"CTG","TTC",5654,411,411,"L/F","missense_variant","133M","CGAGAGCTTCGCCTACAACAAGTTCTCCATCAAGTCCGACGTCTGGGCATTTGGAGTATTGCTTTGGGAAATTGCTACCTATGGCATGTCCCCTTACCCGGGAATTGACCTGTCCCAGGTGTATGAGCTGCTA","7C1G123",2,34,"CTG/TTC","mnv"
1218,"CTG","TTC",5576,411,411,"L/F","missense_variant","133M","TGCACCCGAGAGCTTCGCCTACAACAAGTTCTCCATCAAGTCCGACGTCTGGGCATTTGGAGTATTGCTTTGGGAAATTGCTACCTATGGCATGTCCCCTTACCCGGGAATTGACCTGTCCCAGGTGTATGAG","13C1G117",2,34,"CTG/TTC","mnv"
1160,"CTG","TTC",5898,411,411,"L/F","missense_variant","133M","TGATGACAGGGGACACCTACACAGCCCATGCTGGAGCCAAGTTCCCCATCAAATGGACTGCACCCGAGAGCTTCGCCTACAACAAGTTCTCCATCAAGTCCGACGTCTGGGCATTTGGAGTATTGCTTTGGGA","71C1G59",2,34,"CTG/TTC","mnv"
1221,"CTG","TTC",5628,411,411,"L/F","missense_variant","133M","ACCCGAGAGCTTCGCCTACAACAAGTTCTCCATCAAGTCCGACGTCTGGGCATTTGGAGTATTGCTTTGGGAAATTGCTACCTATGGCATGTCCCCTTACCCGGGAATTGACCTGTCCCAGGTGTATGAGCTG","10C1G120",2,34,"CTG/TTC","mnv"
1225,"CTG","TTC",5626,411,411,"L/F","missense_variant","133M","GAGAGCTTCGCCTACAACAAGTTCTCCATCAAGTCCGACGTCTGGGCATTTGGAGTATTGCTTTGGGAAATTGCTACCTATGGCATGTCCCCTTACCCGGGAATTGACCTGTCCCAGGTGTATGAGCTGCTAG","6C1G124",2,34,"CTG/TTC","mnv"
1192,"CTG","TTC",5663,411,411,"L/F","missense_variant","133M","GGAGCCAAGTTCCCCATCAAATGGACTGCACCCGAGAGCTTCGCCTACAACAAGTTCTCCATCAAGTCCGACGTCTGGGCATTTGGAGTATTGCTTTGGGAAATTGCTACCTATGGCATGTCCCCTTACCCGG","39C1G91",2,34,"CTG/TTC","mnv"
1222,"CTG","TTC",5623,411,411,"L/F","missense_variant","133M","CCCGAGAGCTTCGCCTACAACAAGTTCTCCATCAAGTCCGACGTCTGGGCATTTGGAGTATTGCTTTGGGAAATTGCTACCTATGGCATGTCCCCTTACCCGGGAATTGACCTGTCCCAGGTGTATGAGCTGC","9C1G121",2,34,"CTG/TTC","mnv"
1134,"CTG","TTC",6873,411,411,"L/F","missense_variant","133M","GGTAGCTGATTTTGGCCTGAGCAGGTTGATGACAGGGGACACCTACACAGCCCATGCTGGAGCCAAGTTCCCCATCAAATGGACTGCACCCGAGAGCTTCGCCTACAACAAGTTCTCCATCAAGTCCGACGTC","97C1G33",2,34,"CTG/TTC","mnv"
1136,"CTG","TTC",6810,411,411,"L/F","missense_variant","133M","TAGCTGATTTTGGCCTGAGCAGGTTGATGACAGGGGACACCTACACAGCCCATGCTGGAGCCAAGTTCCCCATCAAATGGACTGCACCCGAGAGCTTCGCCTACAACAAGTTCTCCATCAAGTCCGACGTCTG","95C1G35",2,34,"CTG/TTC","mnv"
1190,"CTG","TTC",5754,411,411,"L/F","missense_variant","133M","CTGGAGCCAAGTTCCCCATCAAATGGACTGCACCCGAGAGCTTCGCCTACAACAAGTTCTCCATCAAGTCCGACGTCTGGGCATTTGGAGTATTGCTTTGGGAAATTGCTACCTATGGCATGTCCCCTTACCC","41C1G89",2,34,"CTG/TTC","mnv"
1214,"CTG","TTC",5536,411,411,"L/F","missense_variant","133M","GGACTGCACCCGAGAGCTTCGCCTACAACAAGTTCTCCATCAAGTCCGACGTCTGGGCATTTGGAGTATTGCTTTGGGAAATTGCTACCTATGGCATGTCCCCTTACCCGGGAATTGACCTGTCCCAGGTGTA","17C1G113",2,34,"CTG/TTC","mnv"
1164,"CTG","TTC",5745,411,411,"L/F","missense_variant","133M","GACAGGGGACACCTACACAGCCCATGCTGGAGCCAAGTTCCCCATCAAATGGACTGCACCCGAGAGCTTCGCCTACAACAAGTTCTCCATCAAGTCCGACGTCTGGGCATTTGGAGTATTGCTTTGGGAAATT","67C1G63",2,34,"CTG/TTC","mnv"
1139,"CTG","TTC",6664,411,411,"L/F","missense_variant","133M","CTGATTTTGGCCTGAGCAGGTTGATGACAGGGGACACCTACACAGCCCATGCTGGAGCCAAGTTCCCCATCAAATGGACTGCACCCGAGAGCTTCGCCTACAACAAGTTCTCCATCAAGTCCGACGTCTGGGC","92C1G38",2,34,"CTG/TTC","mnv"
1185,"CTG","TTC",5775,411,411,"L/F","missense_variant","133M","CCATGCTGGAGCCAAGTTCCCCATCAAATGGACTGCACCCGAGAGCTTCGCCTACAACAAGTTCTCCATCAAGTCCGACGTCTGGGCATTTGGAGTATTGCTTTGGGAAATTGCTACCTATGGCATGTCCCCT","46C1G84",2,34,"CTG/TTC","mnv"
1173,"CTG","TTC",5853,411,411,"L/F","missense_variant","133M","CACCTACACAGCCCATGCTGGAGCCAAGTTCCCCATCAAATGGACTGCACCCGAGAGCTTCGCCTACAACAAGTTCTCCATCAAGTCCGACGTCTGGGCATTTGGAGTATTGCTTTGGGAAATTGCTACCTAT","58C1G72",2,34,"CTG/TTC","mnv"
1225,"CTG","TTC",5626,411,411,"L/F","missense_variant","133M","GAGAGCTTCGCCTACAACAAGTTCTCCATCAAGTCCGACGTCTGGGCATTTGGAGTATTGCTTTGGGAAATTGCTACCTATGGCATGTCCCCTTACCCGGGAATTGACCTGTCCCAGGTGTATGAGCTGCTAG","6C1G124",2,34,"CTG/TTC","mnv"
1181,"CTG","TTC",5776,411,411,"L/F","missense_variant","133M","CAGCCCATGCTGGAGCCAAGTTCCCCATCAAATGGACTGCACCCGAGAGCTTCGCCTACAACAAGTTCTCCATCAAGTCCGACGTCTGGGCATTTGGAGTATTGCTTTGGGAAATTGCTACCTATGGCATGTC","50C1G80",2,34,"CTG/TTC","mnv"
1189,"CTG","TTC",5678,411,411,"L/F","missense_variant","133M","GCTGGAGCCAAGTTCCCCATCAAATGGACTGCACCCGAGAGCTTCGCCTACAACAAGTTCTCCATCAAGTCCGACGTCTGGGCATTTGGAGTATTGCTTTGGGAAATTGCTACCTATGGCATGTCCCCTTACC","42C1G88",2,34,"CTG/TTC","mnv"
1172,"CTG","TTC",5837,411,411,"L/F","missense_variant","133M","ACACCTACACAGCCCATGCTGGAGCCAAGTTCCCCATCAAATGGACTGCACCCGAGAGCTTCGCCTACAACAAGTTCTCCATCAAGTCCGACGTCTGGGCATTTGGAGTATTGCTTTGGGAAATTGCTACCTA","59C1G71",2,34,"CTG/TTC","mnv"
1216,"CTG","TTC",5589,411,411,"L/F","missense_variant","133M","ACTGCACCCGAGAGCTTCGCCTACAACAAGTTCTCCATCAAGTCCGACGTCTGGGCATTTGGAGTATTGCTTTGGGAAATTGCTACCTATGGCATGTCCCCTTACCCGGGAATTGACCTGTCCCAGGTGTATG","15C1G115",2,34,"CTG/TTC","mnv"
1194,"CTG","TTC",5671,411,411,"L/F","missense_variant","133M","AGCCAAGTTCCCCATCAAATGGACTGCACCCGAGAGCTTCGCCTACAACAAGTTCTCCATCAAGTCCGACGTCTGGGCATTTGGAGTATTGCTTTGGGAAATTGCTACCTATGGCATGTCCCCTTACCCGGGA","37C1G93",2,34,"CTG/TTC","mnv"
1195,"CTG","TTC",5662,411,411,"L/F","missense_variant","133M","GCCAAGTTCCCCATCAAATGGACTGCACCCGAGAGCTTCGCCTACAACAAGTTCTCCATCAAGTCCGACGTCTGGGCATTTGGAGTATTGCTTTGGGAAATTGCTACCTATGGCATGTCCCCTTACCCGGGAA","36C1G94",2,34,"CTG/TTC","mnv"
1207,"CTG","TTC",5662,411,411,"L/F","missense_variant","133M","ATCAAATGGACTGCACCCGAGAGCTTCGCCTACAACAAGTTCTCCATCAAGTCCGACGTCTGGGCATTTGGAGTATTGCTTTGGGAAATTGCTACCTATGGCATGTCCCCTTACCCGGGAATTGACCTGTCCC","24C1G106",2,34,"CTG/TTC","mnv"
1204,"CTG","TTC",5660,411,411,"L/F","missense_variant","133M","CCCATCAAATGGACTGCACCCGAGAGCTTCGCCTACAACAAGTTCTCCATCAAGTCCGACGTCTGGGCATTTGGAGTATTGCTTTGGGAAATTGCTACCTATGGCATGTCCCCTTACCCGGGAATTGACCTGT","27C1G103",2,34,"CTG/TTC","mnv"
1229,"GC","AG",5627,412,412,"A/S","missense_variant","133M","GCCTGAGCTACAACAAGTTCTCCATCAAGTCCGACGTCTGGGCATTTGGAGTATTGCTTTGGGAAATTGCTACCTATGGCATGTCCCCTTACCCGGGAATTGACCTGTCCCAGGTGTATGAGCTGCTAGAGAA","5G0C126",2,2,"GCc/AGc","mnv"
1168,"GC","AG",5787,412,412,"A/S","missense_variant","133M","GGGGACACCTACACAGCCCATGCTGGAGCCAAGTTCCCCATCAAATGGACTGCACCCGAGAGCCTGAGCTACAACAAGTTCTCCATCAAGTCCGACGTCTGGGCATTTGGAGTATTGCTTTGGGAAATTGCTA","66G0C65",2,2,"GCc/AGc","mnv"
1225,"GC","TG",5626,412,412,"A/C","missense_variant","133M","GAGAGCCTGTGCTACAACAAGTTCTCCATCAAGTCCGACGTCTGGGCATTTGGAGTATTGCTTTGGGAAATTGCTACCTATGGCATGTCCCCTTACCCGGGAATTGACCTGTCCCAGGTGTATGAGCTGCTAG","9G0C122",2,1,"GCc/TGc","mnv"
1158,"AA","TG",5939,414,414,"N/C","missense_variant","133M","GTTGATGACAGGGGACACCTACACAGCCCATGCTGGAGCCAAGTTCCCCATCAAATGGACTGCACCCGAGAGCCTGGCCTACTGCAAGTTCTCCATCAAGTCCGACGTCTGGGCATTTGGAGTATTGCTTTGG","82A0A49",2,1,"AAc/TGc","mnv"
1218,"AA","TT",5576,414,414,"N/F","missense_variant","133M","TGCACCCGAGAGCCTGGCCTACTTCAAGTTCTCCATCAAGTCCGACGTCTGGGCATTTGGAGTATTGCTTTGGGAAATTGCTACCTATGGCATGTCCCCTTACCCGGGAATTGACCTGTCCCAGGTGTATGAG","22A0A109",2,6,"AAc/TTc","mnv"
1230,"AA","TT",5660,414,414,"N/F","missense_variant","133M","CCTGGCCTACTTCAAGTTCTCCATCAAGTCCGACGTCTGGGCATTTGGAGTATTGCTTTGGGAAATTGCTACCTATGGCATGTCCCCTTACCCGGGAATTGACCTGTCCCAGGTGTATGAGCTGCTAGAGAAG","10A0A121",2,6,"AAc/TTc","mnv"
1232,"AA","TT",5689,414,414,"N/F","missense_variant","133M","TGGCCTACTTCAAGTTCTCCATCAAGTCCGACGTCTGGGCATTTGGAGTATTGCTTTGGGAAATTGCTACCTATGGCATGTCCCCTTACCCGGGAATTGACCTGTCCCAGGTGTATGAGCTGCTAGAGAAGGA","8A0A123",2,6,"AAc/TTc","mnv"
1163,"AA","TT",5770,414,414,"N/F","missense_variant","133M","TGACAGGGGACACCTACACAGCCCATGCTGGAGCCAAGTTCCCCATCAAATGGACTGCACCCGAGAGCCTGGCCTACTTCAAGTTCTCCATCAAGTCCGACGTCTGGGCATTTGGAGTATTGCTTTGGGAAAT","77A0A54",2,6,"AAc/TTc","mnv"
1178,"AA","TT",5756,414,414,"N/F","missense_variant","133M","ACACAGCCCATGCTGGAGCCAAGTTCCCCATCAAATGGACTGCACCCGAGAGCCTGGCCTACTTCAAGTTCTCCATCAAGTCCGACGTCTGGGCATTTGGAGTATTGCTTTGGGAAATTGCTACCTATGGCAT","62A0A69",2,6,"AAc/TTc","mnv"
1131,"AA","TT",7055,414,414,"N/F","missense_variant","133M","GAAGGTAGCTGATTTTGGCCTGAGCAGGTTGATGACAGGGGACACCTACACAGCCCATGCTGGAGCCAAGTTCCCCATCAAATGGACTGCACCCGAGAGCCTGGCCTACTTCAAGTTCTCCATCAAGTCCGAC","109A0A22",2,6,"AAc/TTc","mnv"
1239,"TC","AT",5784,417,417,"S/I","missense_variant","133M","CAACAAGTTCATCATCAAGTCCGACGTCTGGGCATTTGGAGTATTGCTTTGGGAAATTGCTACCTATGGCATGTCCCCTTACCCGGGAATTGACCTGTCCCAGGTGTATGAGCTGCTAGAGAAGGACTACCGC","10T0C121",2,1,"TCc/ATc","mnv"
1174,"TCC","ATG",5860,417,417,"S/M","missense_variant","133M","ACCTACACAGCCCATGCTGGAGCCAAGTTCCCCATCAAATGGACTGCACCCGAGAGCCTGGCCTACAACAAGTTCATGATCAAGTCCGACGTCTGGGCATTTGGAGTATTGCTTTGGGAAATTGCTACCTATG","75T0C0C55",3,2,"TCC/ATG","mnv"
1240,"TCC","ATG",5804,417,417,"S/M","missense_variant","133M","AACAAGTTCATGATCAAGTCCGACGTCTGGGCATTTGGAGTATTGCTTTGGGAAATTGCTACCTATGGCATGTCCCCTTACCCGGGAATTGACCTGTCCCAGGTGTATGAGCTGCTAGAGAAGGACTACCGCA","9T0C0C121",3,2,"TCC/ATG","mnv"
1213,"TCC","CAG",5533,417,417,"S/Q","missense_variant","133M","TGGACTGCACCCGAGAGCCTGGCCTACAACAAGTTCCAGATCAAGTCCGACGTCTGGGCATTTGGAGTATTGCTTTGGGAAATTGCTACCTATGGCATGTCCCCTTACCCGGGAATTGACCTGTCCCAGGTGT","36T0C0C94",3,1,"TCC/CAG","mnv"
1217,"AT","TA",5599,418,418,"I/Y","missense_variant","133M","CTGCACCCGAGAGCCTGGCCTACAACAAGTTCTCCTACAAGTCCGACGTCTGGGCATTTGGAGTATTGCTTTGGGAAATTGCTACCTATGGCATGTCCCCTTACCCGGGAATTGACCTGTCCCAGGTGTATGA","35A0T96",2,4,"ATc/TAc","mnv"
1206,"AT","TA",5672,418,418,"I/Y","missense_variant","133M","CATCAAATGGACTGCACCCGAGAGCCTGGCCTACAACAAGTTCTCCTACAAGTCCGACGTCTGGGCATTTGGAGTATTGCTTTGGGAAATTGCTACCTATGGCATGTCCCCTTACCCGGGAATTGACCTGTCC","46A0T85",2,4,"ATc/TAc","mnv"
1238,"AT","TA",5755,418,418,"I/Y","missense_variant","133M","ACAACAAGTTCTCCTACAAGTCCGACGTCTGGGCATTTGGAGTATTGCTTTGGGAAATTGCTACCTATGGCATGTCCCCTTACCCGGGAATTGACCTGTCCCAGGTGTATGAGCTGCTAGAGAAGGACTACCG","14A0T117",2,4,"ATc/TAc","mnv"
1168,"AT","TA",5787,418,418,"I/Y","missense_variant","133M","GGGGACACCTACACAGCCCATGCTGGAGCCAAGTTCCCCATCAAATGGACTGCACCCGAGAGCCTGGCCTACAACAAGTTCTCCTACAAGTCCGACGTCTGGGCATTTGGAGTATTGCTTTGGGAAATTGCTA","84A0T47",2,4,"ATc/TAc","mnv"
1205,"ATC","GAT",5657,418,418,"I/D","missense_variant","133M","CCATCAAATGGACTGCACCCGAGAGCCTGGCCTACAACAAGTTCTCCGATAAGTCCGACGTCTGGGCATTTGGAGTATTGCTTTGGGAAATTGCTACCTATGGCATGTCCCCTTACCCGGGAATTGACCTGTC","47A0T0C83",3,2,"ATC/GAT","mnv"
1181,"ATC","GAT",5776,418,418,"I/D","missense_variant","133M","CAGCCCATGCTGGAGCCAAGTTCCCCATCAAATGGACTGCACCCGAGAGCCTGGCCTACAACAAGTTCTCCGATAAGTCCGACGTCTGGGCATTTGGAGTATTGCTTTGGGAAATTGCTACCTATGGCATGTC","71A0T0C59",3,2,"ATC/GAT","mnv"
1137,"ATC","GTG",6766,418,418,"I/V","missense_variant","133M","AGCTGATTTTGGCCTGAGCAGGTTGATGACAGGGGACACCTACACAGCCCATGCTGGAGCCAAGTTCCCCATCAAATGGACTGCACCCGAGAGCCTGGCCTACAACAAGTTCTCCGTGAAGTCCGACGTCTGG","115A1C15",2,59,"ATC/GTG","mnv"
1128,"ATC","GTG",7261,418,418,"I/V","missense_variant","133M","GGTGAAGGTAGCTGATTTTGGCCTGAGCAGGTTGATGACAGGGGACACCTACACAGCCCATGCTGGAGCCAAGTTCCCCATCAAATGGACTGCACCCGAGAGCCTGGCCTACAACAAGTTCTCCGTGAAGTCC","124A1C6",2,59,"ATC/GTG","mnv"
1127,"ATC","GTG",7279,418,418,"I/V","missense_variant","133M","TGGTGAAGGTAGCTGATTTTGGCCTGAGCAGGTTGATGACAGGGGACACCTACACAGCCCATGCTGGAGCCAAGTTCCCCATCAAATGGACTGCACCCGAGAGCCTGGCCTACAACAAGTTCTCCGTGAAGTC","125A1C5",2,59,"ATC/GTG","mnv"
1221,"ATC","GTG",5628,418,418,"I/V","missense_variant","133M","ACCCGAGAGCCTGGCCTACAACAAGTTCTCCGTGAAGTCCGACGTCTGGGCATTTGGAGTATTGCTTTGGGAAATTGCTACCTATGGCATGTCCCCTTACCCGGGAATTGACCTGTCCCAGGTGTATGAGCTG","31A1C99",2,59,"ATC/GTG","mnv"
1237,"ATC","GTG",5749,418,418,"I/V","missense_variant","133M","TACAACAAGTTCTCCGTGAAGTCCGACGTCTGGGCATTTGGAGTATTGCTTTGGGAAATTGCTACCTATGGCATGTCCCCTTACCCGGGAATTGACCTGTCCCAGGTGTATGAGCTGCTAGAGAAGGACTACC","15A1C115",2,59,"ATC/GTG","mnv"
1129,"ATC","GTG",7248,418,418,"I/V","missense_variant","133M","GTGAAGGTAGCTGATTTTGGCCTGAGCAGGTTGATGACAGGGGACACCTACACAGCCCATGCTGGAGCCAAGTTCCCCATCAAATGGACTGCACCCGAGAGCCTGGCCTACAACAAGTTCTCCGTGAAGTCCG","123A1C7",2,59,"ATC/GTG","mnv"
1231,"ATC","GTG",5671,418,418,"I/V","missense_variant","133M","CTGGCCTACAACAAGTTCTCCGTGAAGTCCGACGTCTGGGCATTTGGAGTATTGCTTTGGGAAATTGCTACCTATGGCATGTCCCCTTACCCGGGAATTGACCTGTCCCAGGTGTATGAGCTGCTAGAGAAGG","21A1C109",2,59,"ATC/GTG","mnv"
1147,"ATC","GTG",6154,418,418,"I/V","missense_variant","133M","GGCCTGAGCAGGTTGATGACAGGGGACACCTACACAGCCCATGCTGGAGCCAAGTTCCCCATCAAATGGACTGCACCCGAGAGCCTGGCCTACAACAAGTTCTCCGTGAAGTCCGACGTCTGGGCATTTGGAG","105A1C25",2,59,"ATC/GTG","mnv"
1184,"ATC","GTG",5778,418,418,"I/V","missense_variant","133M","CCCATGCTGGAGCCAAGTTCCCCATCAAATGGACTGCACCCGAGAGCCTGGCCTACAACAAGTTCTCCGTGAAGTCCGACGTCTGGGCATTTGGAGTATTGCTTTGGGAAATTGCTACCTATGGCATGTCCCC","68A1C62",2,59,"ATC/GTG","mnv"
1168,"ATC","GTG",5787,418,418,"I/V","missense_variant","133M","GGGGACACCTACACAGCCCATGCTGGAGCCAAGTTCCCCATCAAATGGACTGCACCCGAGAGCCTGGCCTACAACAAGTTCTCCGTGAAGTCCGACGTCTGGGCATTTGGAGTATTGCTTTGGGAAATTGCTA","84A1C46",2,59,"ATC/GTG","mnv"
1155,"ATC","GTG",5896,418,418,"I/V","missense_variant","133M","CAGGTTGATGACAGGGGACACCTACACAGCCCATGCTGGAGCCAAGTTCCCCATCAAATGGACTGCACCCGAGAGCCTGGCCTACAACAAGTTCTCCGTGAAGTCCGACGTCTGGGCATTTGGAGTATTGCTT","97A1C33",2,59,"ATC/GTG","mnv"
1166,"ATC","GTG",5766,418,418,"I/V","missense_variant","133M","CAGGGGACACCTACACAGCCCATGCTGGAGCCAAGTTCCCCATCAAATGGACTGCACCCGAGAGCCTGGCCTACAACAAGTTCTCCGTGAAGTCCGACGTCTGGGCATTTGGAGTATTGCTTTGGGAAATTGC","86A1C44",2,59,"ATC/GTG","mnv"
1136,"ATC","GTG",6810,418,418,"I/V","missense_variant","133M","TAGCTGATTTTGGCCTGAGCAGGTTGATGACAGGGGACACCTACACAGCCCATGCTGGAGCCAAGTTCCCCATCAAATGGACTGCACCCGAGAGCCTGGCCTACAACAAGTTCTCCGTGAAGTCCGACGTCTG","116A1C14",2,59,"ATC/GTG","mnv"
1162,"ATC","GTG",5806,418,418,"I/V","missense_variant","133M","ATGACAGGGGACACCTACACAGCCCATGCTGGAGCCAAGTTCCCCATCAAATGGACTGCACCCGAGAGCCTGGCCTACAACAAGTTCTCCGTGAAGTCCGACGTCTGGGCATTTGGAGTATTGCTTTGGGAAA","90A1C40",2,59,"ATC/GTG","mnv"
1189,"ATC","GTG",5678,418,418,"I/V","missense_variant","133M","GCTGGAGCCAAGTTCCCCATCAAATGGACTGCACCCGAGAGCCTGGCCTACAACAAGTTCTCCGTGAAGTCCGACGTCTGGGCATTTGGAGTATTGCTTTGGGAAATTGCTACCTATGGCATGTCCCCTTACC","63A1C67",2,59,"ATC/GTG","mnv"
1146,"ATC","GTG",6168,418,418,"I/V","missense_variant","133M","TGGCCTGAGCAGGTTGATGACAGGGGACACCTACACAGCCCATGCTGGAGCCAAGTTCCCCATCAAATGGACTGCACCCGAGAGCCTGGCCTACAACAAGTTCTCCGTGAAGTCCGACGTCTGGGCATTTGGA","106A1C24",2,59,"ATC/GTG","mnv"
1169,"ATC","GTG",5829,418,418,"I/V","missense_variant","133M","GGGACACCTACACAGCCCATGCTGGAGCCAAGTTCCCCATCAAATGGACTGCACCCGAGAGCCTGGCCTACAACAAGTTCTCCGTGAAGTCCGACGTCTGGGCATTTGGAGTATTGCTTTGGGAAATTGCTAC","83A1C47",2,59,"ATC/GTG","mnv"
1228,"ATC","GTG",5618,418,418,"I/V","missense_variant","133M","AGCCTGGCCTACAACAAGTTCTCCGTGAAGTCCGACGTCTGGGCATTTGGAGTATTGCTTTGGGAAATTGCTACCTATGGCATGTCCCCTTACCCGGGAATTGACCTGTCCCAGGTGTATGAGCTGCTAGAGA","24A1C106",2,59,"ATC/GTG","mnv"
1134,"ATC","GTG",6873,418,418,"I/V","missense_variant","133M","GGTAGCTGATTTTGGCCTGAGCAGGTTGATGACAGGGGACACCTACACAGCCCATGCTGGAGCCAAGTTCCCCATCAAATGGACTGCACCCGAGAGCCTGGCCTACAACAAGTTCTCCGTGAAGTCCGACGTC","118A1C12",2,59,"ATC/GTG","mnv"
1134,"ATC","GTG",6873,418,418,"I/V","missense_variant","133M","GGTAGCTGATTTTGGCCTGAGCAGGTTGATGACAGGGGACACCTACACAGCCCATGCTGGAGCCAAGTTCCCCATCAAATGGACTGCACCCGAGAGCCTGGCCTACAACAAGTTCTCCGTGAAGTCCGACGTC","118A1C12",2,59,"ATC/GTG","mnv"
1175,"ATC","GTG",5842,418,418,"I/V","missense_variant","133M","CCTACACAGCCCATGCTGGAGCCAAGTTCCCCATCAAATGGACTGCACCCGAGAGCCTGGCCTACAACAAGTTCTCCGTGAAGTCCGACGTCTGGGCATTTGGAGTATTGCTTTGGGAAATTGCTACCTATGG","77A1C53",2,59,"ATC/GTG","mnv"
1235,"ATC","GTG",5764,418,418,"I/V","missense_variant","133M","CCTACAACAAGTTCTCCGTGAAGTCCGACGTCTGGGCATTTGGAGTATTGCTTTGGGAAATTGCTACCTATGGCATGTCCCCTTACCCGGGAATTGACCTGTCCCAGGTGTATGAGCTGCTAGAGAAGGACTA","17A1C113",2,59,"ATC/GTG","mnv"
1206,"ATC","GTG",5672,418,418,"I/V","missense_variant","133M","CATCAAATGGACTGCACCCGAGAGCCTGGCCTACAACAAGTTCTCCGTGAAGTCCGACGTCTGGGCATTTGGAGTATTGCTTTGGGAAATTGCTACCTATGGCATGTCCCCTTACCCGGGAATTGACCTGTCC","46A1C84",2,59,"ATC/GTG","mnv"
1152,"ATC","GTG",5988,418,418,"I/V","missense_variant","133M","GAGCAGGTTGATGACAGGGGACACCTACACAGCCCATGCTGGAGCCAAGTTCCCCATCAAATGGACTGCACCCGAGAGCCTGGCCTACAACAAGTTCTCCGTGAAGTCCGACGTCTGGGCATTTGGAGTATTG","100A1C30",2,59,"ATC/GTG","mnv"
1219,"ATC","GTG",5600,418,418,"I/V","missense_variant","133M","GCACCCGAGAGCCTGGCCTACAACAAGTTCTCCGTGAAGTCCGACGTCTGGGCATTTGGAGTATTGCTTTGGGAAATTGCTACCTATGGCATGTCCCCTTACCCGGGAATTGACCTGTCCCAGGTGTATGAGC","33A1C97",2,59,"ATC/GTG","mnv"
1207,"ATC","GTG",5662,418,418,"I/V","missense_variant","133M","ATCAAATGGACTGCACCCGAGAGCCTGGCCTACAACAAGTTCTCCGTGAAGTCCGACGTCTGGGCATTTGGAGTATTGCTTTGGGAAATTGCTACCTATGGCATGTCCCCTTACCCGGGAATTGACCTGTCCC","45A1C85",2,59,"ATC/GTG","mnv"
1240,"ATC","GTG",5804,418,418,"I/V","missense_variant","133M","AACAAGTTCTCCGTGAAGTCCGACGTCTGGGCATTTGGAGTATTGCTTTGGGAAATTGCTACCTATGGCATGTCCCCTTACCCGGGAATTGACCTGTCCCAGGTGTATGAGCTGCTAGAGAAGGACTACCGCA","12A1C118",2,59,"ATC/GTG","mnv"
1168,"ATC","GTG",5787,418,418,"I/V","missense_variant","133M","GGGGACACCTACACAGCCCATGCTGGAGCCAAGTTCCCCATCAAATGGACTGCACCCGAGAGCCTGGCCTACAACAAGTTCTCCGTGAAGTCCGACGTCTGGGCATTTGGAGTATTGCTTTGGGAAATTGCTA","84A1C46",2,59,"ATC/GTG","mnv"
1150,"ATC","GTG",6097,418,418,"I/V","missense_variant","133M","CTGAGCAGGTTGATGACAGGGGACACCTACACAGCCCATGCTGGAGCCAAGTTCCCCATCAAATGGACTGCACCCGAGAGCCTGGCCTACAACAAGTTCTCCGTGAAGTCCGACGTCTGGGCATTTGGAGTAT","102A1C28",2,59,"ATC/GTG","mnv"
1173,"ATC","GTG",5853,418,418,"I/V","missense_variant","133M","CACCTACACAGCCCATGCTGGAGCCAAGTTCCCCATCAAATGGACTGCACCCGAGAGCCTGGCCTACAACAAGTTCTCCGTGAAGTCCGACGTCTGGGCATTTGGAGTATTGCTTTGGGAAATTGCTACCTAT","79A1C51",2,59,"ATC/GTG","mnv"
1193,"ATC","GTG",5674,418,418,"I/V","missense_variant","133M","GAGCCAAGTTCCCCATCAAATGGACTGCACCCGAGAGCCTGGCCTACAACAAGTTCTCCGTGAAGTCCGACGTCTGGGCATTTGGAGTATTGCTTTGGGAAATTGCTACCTATGGCATGTCCCCTTACCCGGG","59A1C71",2,59,"ATC/GTG","mnv"
1228,"ATC","GTG",5618,418,418,"I/V","missense_variant","133M","AGCCTGGCCTACAACAAGTTCTCCGTGAAGTCCGACGTCTGGGCATTTGGAGTATTGCTTTGGGAAATTGCTACCTATGGCATGTCCCCTTACCCGGGAATTGACCTGTCCCAGGTGTATGAGCTGCTAGAGA","24A1C106",2,59,"ATC/GTG","mnv"
1165,"ATC","GTG",5737,418,418,"I/V","missense_variant","133M","ACAGGGGACACCTACACAGCCCATGCTGGAGCCAAGTTCCCCATCAAATGGACTGCACCCGAGAGCCTGGCCTACAACAAGTTCTCCGTGAAGTCCGACGTCTGGGCATTTGGAGTATTGCTTTGGGAAATTG","87A1C43",2,59,"ATC/GTG","mnv"
1188,"ATC","GTG",5672,418,418,"I/V","missense_variant","133M","TGCTGGAGCCAAGTTCCCCATCAAATGGACTGCACCCGAGAGCCTGGCCTACAACAAGTTCTCCGTGAAGTCCGACGTCTGGGCATTTGGAGTATTGCTTTGGGAAATTGCTACCTATGGCATGTCCCCTTAC","64A1C66",2,59,"ATC/GTG","mnv"
1190,"ATC","GTG",5754,418,418,"I/V","missense_variant","133M","CTGGAGCCAAGTTCCCCATCAAATGGACTGCACCCGAGAGCCTGGCCTACAACAAGTTCTCCGTGAAGTCCGACGTCTGGGCATTTGGAGTATTGCTTTGGGAAATTGCTACCTATGGCATGTCCCCTTACCC","62A1C68",2,59,"ATC/GTG","mnv"
1207,"ATC","GTG",5662,418,418,"I/V","missense_variant","133M","ATCAAATGGACTGCACCCGAGAGCCTGGCCTACAACAAGTTCTCCGTGAAGTCCGACGTCTGGGCATTTGGAGTATTGCTTTGGGAAATTGCTACCTATGGCATGTCCCCTTACCCGGGAATTGACCTGTCCC","45A1C85",2,59,"ATC/GTG","mnv"
1158,"ATC","GTG",5939,418,418,"I/V","missense_variant","133M","GTTGATGACAGGGGACACCTACACAGCCCATGCTGGAGCCAAGTTCCCCATCAAATGGACTGCACCCGAGAGCCTGGCCTACAACAAGTTCTCCGTGAAGTCCGACGTCTGGGCATTTGGAGTATTGCTTTGG","94A1C36",2,59,"ATC/GTG","mnv"
1244,"ATC","GTG",5808,418,418,"I/V","missense_variant","133M","AGTTCTCCGTGAAGTCCGACGTCTGGGCATTTGGAGTATTGCTTTGGGAAATTGCTACCTATGGCATGTCCCCTTACCCGGGAATTGACCTGTCCCAGGTGTATGAGCTGCTAGAGAAGGACTACCGCATGGA","8A1C122",2,59,"ATC/GTG","mnv"
1182,"ATC","GTG",5778,418,418,"I/V","missense_variant","133M","AGCCCATGCTGGAGCCAAGTTCCCCATCAAATGGACTGCACCCGAGAGCCTGGCCTACAACAAGTTCTCCGTGAAGTCCGACGTCTGGGCATTTGGAGTATTGCTTTGGGAAATTGCTACCTATGGCATGTCC","70A1C60",2,59,"ATC/GTG","mnv"
1216,"ATC","GTG",5589,418,418,"I/V","missense_variant","133M","ACTGCACCCGAGAGCCTGGCCTACAACAAGTTCTCCGTGAAGTCCGACGTCTGGGCATTTGGAGTATTGCTTTGGGAAATTGCTACCTATGGCATGTCCCCTTACCCGGGAATTGACCTGTCCCAGGTGTATG","36A1C94",2,59,"ATC/GTG","mnv"
1190,"ATC","GTG",5754,418,418,"I/V","missense_variant","133M","CTGGAGCCAAGTTCCCCATCAAATGGACTGCACCCGAGAGCCTGGCCTACAACAAGTTCTCCGTGAAGTCCGACGTCTGGGCATTTGGAGTATTGCTTTGGGAAATTGCTACCTATGGCATGTCCCCTTACCC","62A1C68",2,59,"ATC/GTG","mnv"
1245,"ATC","GTG",5893,418,418,"I/V","missense_variant","133M","GTTCTCCGTGAAGTCCGACGTCTGGGCATTTGGAGTATTGCTTTGGGAAATTGCTACCTATGGCATGTCCCCTTACCCGGGAATTGACCTGTCCCAGGTGTATGAGCTGCTAGAGAAGGACTACCGCATGGAG","7A1C123",2,59,"ATC/GTG","mnv"
1195,"ATC","GTG",5662,418,418,"I/V","missense_variant","133M","GCCAAGTTCCCCATCAAATGGACTGCACCCGAGAGCCTGGCCTACAACAAGTTCTCCGTGAAGTCCGACGTCTGGGCATTTGGAGTATTGCTTTGGGAAATTGCTACCTATGGCATGTCCCCTTACCCGGGAA","57A1C73",2,59,"ATC/GTG","mnv"
1244,"ATC","GTG",5808,418,418,"I/V","missense_variant","133M","AGTTCTCCGTGAAGTCCGACGTCTGGGCATTTGGAGTATTGCTTTGGGAAATTGCTACCTATGGCATGTCCCCTTACCCGGGAATTGACCTGTCCCAGGTGTATGAGCTGCTAGAGAAGGACTACCGCATGGA","8A1C122",2,59,"ATC/GTG","mnv"
1234,"ATC","GTG",5738,418,418,"I/V","missense_variant","133M","GCCTACAACAAGTTCTCCGTGAAGTCCGACGTCTGGGCATTTGGAGTATTGCTTTGGGAAATTGCTACCTATGGCATGTCCCCTTACCCGGGAATTGACCTGTCCCAGGTGTATGAGCTGCTAGAGAAGGACT","18A1C112",2,59,"ATC/GTG","mnv"
1200,"ATC","GTG",5647,418,418,"I/V","missense_variant","133M","GTTCCCCATCAAATGGACTGCACCCGAGAGCCTGGCCTACAACAAGTTCTCCGTGAAGTCCGACGTCTGGGCATTTGGAGTATTGCTTTGGGAAATTGCTACCTATGGCATGTCCCCTTACCCGGGAATTGAC","52A1C78",2,59,"ATC/GTG","mnv"
1128,"ATC","GTG",7261,418,418,"I/V","missense_variant","133M","GGTGAAGGTAGCTGATTTTGGCCTGAGCAGGTTGATGACAGGGGACACCTACACAGCCCATGCTGGAGCCAAGTTCCCCATCAAATGGACTGCACCCGAGAGCCTGGCCTACAACAAGTTCTCCGTGAAGTCC","124A1C6",2,59,"ATC/GTG","mnv"
1163,"ATC","GTG",5770,418,418,"I/V","missense_variant","133M","TGACAGGGGACACCTACACAGCCCATGCTGGAGCCAAGTTCCCCATCAAATGGACTGCACCCGAGAGCCTGGCCTACAACAAGTTCTCCGTGAAGTCCGACGTCTGGGCATTTGGAGTATTGCTTTGGGAAAT","89A1C41",2,59,"ATC/GTG","mnv"
1146,"ATC","GTG",6168,418,418,"I/V","missense_variant","133M","TGGCCTGAGCAGGTTGATGACAGGGGACACCTACACAGCCCATGCTGGAGCCAAGTTCCCCATCAAATGGACTGCACCCGAGAGCCTGGCCTACAACAAGTTCTCCGTGAAGTCCGACGTCTGGGCATTTGGA","106A1C24",2,59,"ATC/GTG","mnv"
1202,"ATC","GTG",5659,418,418,"I/V","missense_variant","133M","TCCCCATCAAATGGACTGCACCCGAGAGCCTGGCCTACAACAAGTTCTCCGTGAAGTCCGACGTCTGGGCATTTGGAGTATTGCTTTGGGAAATTGCTACCTATGGCATGTCCCCTTACCCGGGAATTGACCT","50A1C80",2,59,"ATC/GTG","mnv"
1203,"ATC","GTG",5661,418,418,"I/V","missense_variant","133M","CCCCATCAAATGGACTGCACCCGAGAGCCTGGCCTACAACAAGTTCTCCGTGAAGTCCGACGTCTGGGCATTTGGAGTATTGCTTTGGGAAATTGCTACCTATGGCATGTCCCCTTACCCGGGAATTGACCTG","49A1C81",2,59,"ATC/GTG","mnv"
1149,"ATC","GTG",6166,418,418,"I/V","missense_variant","133M","CCTGAGCAGGTTGATGACAGGGGACACCTACACAGCCCATGCTGGAGCCAAGTTCCCCATCAAATGGACTGCACCCGAGAGCCTGGCCTACAACAAGTTCTCCGTGAAGTCCGACGTCTGGGCATTTGGAGTA","103A1C27",2,59,"ATC/GTG","mnv"
1133,"ATC","GTG",6941,418,418,"I/V","missense_variant","133M","AGGTAGCTGATTTTGGCCTGAGCAGGTTGATGACAGGGGACACCTACACAGCCCATGCTGGAGCCAAGTTCCCCATCAAATGGACTGCACCCGAGAGCCTGGCCTACAACAAGTTCTCCGTGAAGTCCGACGT","119A1C11",2,59,"ATC/GTG","mnv"
1217,"ATC","GTG",5599,418,418,"I/V","missense_variant","133M","CTGCACCCGAGAGCCTGGCCTACAACAAGTTCTCCGTGAAGTCCGACGTCTGGGCATTTGGAGTATTGCTTTGGGAAATTGCTACCTATGGCATGTCCCCTTACCCGGGAATTGACCTGTCCCAGGTGTATGA","35A1C95",2,59,"ATC/GTG","mnv"
1226,"ATC","GTG",5594,418,418,"I/V","missense_variant","133M","AGAGCCTGGCCTACAACAAGTTCTCCGTGAAGTCCGACGTCTGGGCATTTGGAGTATTGCTTTGGGAAATTGCTACCTATGGCATGTCCCCTTACCCGGGAATTGACCTGTCCCAGGTGTATGAGCTGCTAGA","26A1C104",2,59,"ATC/GTG","mnv"
1234,"ATC","GTG",5738,418,418,"I/V","missense_variant","133M","GCCTACAACAAGTTCTCCGTGAAGTCCGACGTCTGGGCATTTGGAGTATTGCTTTGGGAAATTGCTACCTATGGCATGTCCCCTTACCCGGGAATTGACCTGTCCCAGGTGTATGAGCTGCTAGAGAAGGACT","18A1C112",2,59,"ATC/GTG","mnv"
1206,"ATC","GTG",5672,418,418,"I/V","missense_variant","133M","CATCAAATGGACTGCACCCGAGAGCCTGGCCTACAACAAGTTCTCCGTGAAGTCCGACGTCTGGGCATTTGGAGTATTGCTTTGGGAAATTGCTACCTATGGCATGTCCCCTTACCCGGGAATTGACCTGTCC","46A1C84",2,59,"ATC/GTG","mnv"
1220,"ATC","GTG",5643,418,418,"I/V","missense_variant","133M","CACCCGAGAGCCTGGCCTACAACAAGTTCTCCGTGAAGTCCGACGTCTGGGCATTTGGAGTATTGCTTTGGGAAATTGCTACCTATGGCATGTCCCCTTACCCGGGAATTGACCTGTCCCAGGTGTATGAGCT","32A1C98",2,59,"ATC/GTG","mnv"
1234,"ATC","GTG",5738,418,418,"I/V","missense_variant","133M","GCCTACAACAAGTTCTCCGTGAAGTCCGACGTCTGGGCATTTGGAGTATTGCTTTGGGAAATTGCTACCTATGGCATGTCCCCTTACCCGGGAATTGACCTGTCCCAGGTGTATGAGCTGCTAGAGAAGGACT","18A1C112",2,59,"ATC/GTG","mnv"
1205,"AAG","GCT",5657,419,419,"K/A","missense_variant","133M","CCATCAAATGGACTGCACCCGAGAGCCTGGCCTACAACAAGTTCTCCATCGCTTCCGACGTCTGGGCATTTGGAGTATTGCTTTGGGAAATTGCTACCTATGGCATGTCCCCTTACCCGGGAATTGACCTGTC","50A0A0G80",3,15,"AAG/GCT","mnv"
1220,"AAG","GCT",5643,419,419,"K/A","missense_variant","133M","CACCCGAGAGCCTGGCCTACAACAAGTTCTCCATCGCTTCCGACGTCTGGGCATTTGGAGTATTGCTTTGGGAAATTGCTACCTATGGCATGTCCCCTTACCCGGGAATTGACCTGTCCCAGGTGTATGAGCT","35A0A0G95",3,15,"AAG/GCT","mnv"
1156,"AAG","GCT",5873,419,419,"K/A","missense_variant","133M","AGGTTGATGACAGGGGACACCTACACAGCCCATGCTGGAGCCAAGTTCCCCATCAAATGGACTGCACCCGAGAGCCTGGCCTACAACAAGTTCTCCATCGCTTCCGACGTCTGGGCATTTGGAGTATTGCTTT","99A0A0G31",3,15,"AAG/GCT","mnv"
1190,"AAG","GCT",5754,419,419,"K/A","missense_variant","133M","CTGGAGCCAAGTTCCCCATCAAATGGACTGCACCCGAGAGCCTGGCCTACAACAAGTTCTCCATCGCTTCCGACGTCTGGGCATTTGGAGTATTGCTTTGGGAAATTGCTACCTATGGCATGTCCCCTTACCC","65A0A0G65",3,15,"AAG/GCT","mnv"
1205,"AAG","GCT",5657,419,419,"K/A","missense_variant","133M","CCATCAAATGGACTGCACCCGAGAGCCTGGCCTACAACAAGTTCTCCATCGCTTCCGACGTCTGGGCATTTGGAGTATTGCTTTGGGAAATTGCTACCTATGGCATGTCCCCTTACCCGGGAATTGACCTGTC","50A0A0G80",3,15,"AAG/GCT","mnv"
1169,"AAG","GCT",5829,419,419,"K/A","missense_variant","133M","GGGACACCTACACAGCCCATGCTGGAGCCAAGTTCCCCATCAAATGGACTGCACCCGAGAGCCTGGCCTACAACAAGTTCTCCATCGCTTCCGACGTCTGGGCATTTGGAGTATTGCTTTGGGAAATTGCTAC","86A0A0G44",3,15,"AAG/GCT","mnv"
1199,"AAG","GCT",5599,419,419,"K/A","missense_variant","133M","AGTTCCCCATCAAATGGACTGCACCCGAGAGCCTGGCCTACAACAAGTTCTCCATCGCTTCCGACGTCTGGGCATTTGGAGTATTGCTTTGGGAAATTGCTACCTATGGCATGTCCCCTTACCCGGGAATTGA","56A0A0G74",3,15,"AAG/GCT","mnv"
1174,"AAG","GCT",5860,419,419,"K/A","missense_variant","133M","ACCTACACAGCCCATGCTGGAGCCAAGTTCCCCATCAAATGGACTGCACCCGAGAGCCTGGCCTACAACAAGTTCTCCATCGCTTCCGACGTCTGGGCATTTGGAGTATTGCTTTGGGAAATTGCTACCTATG","81A0A0G49",3,15,"AAG/GCT","mnv"
1158,"AAG","GCT",5939,419,419,"K/A","missense_variant","133M","GTTGATGACAGGGGACACCTACACAGCCCATGCTGGAGCCAAGTTCCCCATCAAATGGACTGCACCCGAGAGCCTGGCCTACAACAAGTTCTCCATCGCTTCCGACGTCTGGGCATTTGGAGTATTGCTTTGG","97A0A0G33",3,15,"AAG/GCT","mnv"
1158,"AAG","GCT",5939,419,419,"K/A","missense_variant","133M","GTTGATGACAGGGGACACCTACACAGCCCATGCTGGAGCCAAGTTCCCCATCAAATGGACTGCACCCGAGAGCCTGGCCTACAACAAGTTCTCCATCGCTTCCGACGTCTGGGCATTTGGAGTATTGCTTTGG","97A0A0G33",3,15,"AAG/GCT","mnv"
1200,"AAG","GCT",5647,419,419,"K/A","missense_variant","133M","GTTCCCCATCAAATGGACTGCACCCGAGAGCCTGGCCTACAACAAGTTCTCCATCGCTTCCGACGTCTGGGCATTTGGAGTATTGCTTTGGGAAATTGCTACCTATGGCATGTCCCCTTACCCGGGAATTGAC","55A0A0G75",3,15,"AAG/GCT","mnv"
1204,"AAG","GCT",5660,419,419,"K/A","missense_variant","133M","CCCATCAAATGGACTGCACCCGAGAGCCTGGCCTACAACAAGTTCTCCATCGCTTCCGACGTCTGGGCATTTGGAGTATTGCTTTGGGAAATTGCTACCTATGGCATGTCCCCTTACCCGGGAATTGACCTGT","51A0A0G79",3,15,"AAG/GCT","mnv"
1202,"AAG","GCT",5659,419,419,"K/A","missense_variant","133M","TCCCCATCAAATGGACTGCACCCGAGAGCCTGGCCTACAACAAGTTCTCCATCGCTTCCGACGTCTGGGCATTTGGAGTATTGCTTTGGGAAATTGCTACCTATGGCATGTCCCCTTACCCGGGAATTGACCT","53A0A0G77",3,15,"AAG/GCT","mnv"
1216,"AAG","GCT",5589,419,419,"K/A","missense_variant","133M","ACTGCACCCGAGAGCCTGGCCTACAACAAGTTCTCCATCGCTTCCGACGTCTGGGCATTTGGAGTATTGCTTTGGGAAATTGCTACCTATGGCATGTCCCCTTACCCGGGAATTGACCTGTCCCAGGTGTATG","39A0A0G91",3,15,"AAG/GCT","mnv"
1178,"AAG","GCT",5756,419,419,"K/A","missense_variant","133M","ACACAGCCCATGCTGGAGCCAAGTTCCCCATCAAATGGACTGCACCCGAGAGCCTGGCCTACAACAAGTTCTCCATCGCTTCCGACGTCTGGGCATTTGGAGTATTGCTTTGGGAAATTGCTACCTATGGCAT","77A0A0G53",3,15,"AAG/GCT","mnv"
1220,"GT","AC",5643,422,422,"V/T","missense_variant","133M","CACCCGAGAGCCTGGCCTACAACAAGTTCTCCATCAAGTCCGACACCTGGGCATTTGGAGTATTGCTTTGGGAAATTGCTACCTATGGCATGTCCCCTTACCCGGGAATTGACCTGTCCCAGGTGTATGAGCT","44G0T87",2,3,"GTc/ACc","mnv"
1242,"GT","AC",5774,422,422,"V/T","missense_variant","133M","CAAGTTCTCCATCAAGTCCGACACCTGGGCATTTGGAGTATTGCTTTGGGAAATTGCTACCTATGGCATGTCCCCTTACCCGGGAATTGACCTGTCCCAGGTGTATGAGCTGCTAGAGAAGGACTACCGCATG","22G0T109",2,3,"GTc/ACc","mnv"
1189,"GT","AC",5678,422,422,"V/T","missense_variant","133M","GCTGGAGCCAAGTTCCCCATCAAATGGACTGCACCCGAGAGCCTGGCCTACAACAAGTTCTCCATCAAGTCCGACACCTGGGCATTTGGAGTATTGCTTTGGGAAATTGCTACCTATGGCATGTCCCCTTACC","75G0T56",2,3,"GTc/ACc","mnv"
1238,"GT","TG",5755,422,422,"V/C","missense_variant","133M","ACAACAAGTTCTCCATCAAGTCCGACTGCTGGGCATTTGGAGTATTGCTTTGGGAAATTGCTACCTATGGCATGTCCCCTTACCCGGGAATTGACCTGTCCCAGGTGTATGAGCTGCTAGAGAAGGACTACCG","26G0T105",2,2,"GTc/TGc","mnv"
1165,"GT","TG",5737,422,422,"V/C","missense_variant","133M","ACAGGGGACACCTACACAGCCCATGCTGGAGCCAAGTTCCCCATCAAATGGACTGCACCCGAGAGCCTGGCCTACAACAAGTTCTCCATCAAGTCCGACTGCTGGGCATTTGGAGTATTGCTTTGGGAAATTG","99G0T32",2,2,"GTc/TGc","mnv"
1201,"GCA","ATG",5660,424,424,"NaN","splice_donor_variant","133M","TTCCCCATCAAATGGACTGCACCCGAGAGCCTGGCCTACAACAAGTTCTCCATCAAGTCCGACGTCTGGATGTTTGGAGTATTGCTTTGGGAAATTGCTACCTATGGCATGTCCCCTTACCCGGGAATTGACC","69G0C0A61",3,1,"NaN","mnv"
1274,"TT","GA",6897,428,428,"L/E","missense_variant","133M","TTGGAGTAGAGCTTTGGGAAATTGCTACCTATGGCATGTCCCCTTACCCGGGAATTGACCTGTCCCAGGTGTATGAGCTGCTAGAGAAGGACTACCGCATGGAGCGCCCAGAAGGCTGCCCAGAGAAGGTCTA","8T0T123",2,3,"TTg/GAg","mnv"
1241,"TT","GA",5779,428,428,"L/E","missense_variant","133M","ACAAGTTCTCCATCAAGTCCGACGTCTGGGCATTTGGAGTAGAGCTTTGGGAAATTGCTACCTATGGCATGTCCCCTTACCCGGGAATTGACCTGTCCCAGGTGTATGAGCTGCTAGAGAAGGACTACCGCAT","41T0T90",2,3,"TTg/GAg","mnv"
1223,"TT","GA",5650,428,428,"L/E","missense_variant","133M","CCGAGAGCCTGGCCTACAACAAGTTCTCCATCAAGTCCGACGTCTGGGCATTTGGAGTAGAGCTTTGGGAAATTGCTACCTATGGCATGTCCCCTTACCCGGGAATTGACCTGTCCCAGGTGTATGAGCTGCT","59T0T72",2,3,"TTg/GAg","mnv"
1245,"CTT","AGC",5893,429,429,"L/S","missense_variant","133M","GTTCTCCATCAAGTCCGACGTCTGGGCATTTGGAGTATTGAGCTGGGAAATTGCTACCTATGGCATGTCCCCTTACCCGGGAATTGACCTGTCCCAGGTGTATGAGCTGCTAGAGAAGGACTACCGCATGGAG","40C0T0T90",3,1,"CTT/AGC","mnv"
1231,"AT","GA",5671,432,432,"I/D","missense_variant","133M","CTGGCCTACAACAAGTTCTCCATCAAGTCCGACGTCTGGGCATTTGGAGTATTGCTTTGGGAAGATGCTACCTATGGCATGTCCCCTTACCCGGGAATTGACCTGTCCCAGGTGTATGAGCTGCTAGAGAAGG","63A0T68",2,1,"ATt/GAt","mnv"
1230,"GCT","ACC",5660,433,433,"A/T","missense_variant","133M","CCTGGCCTACAACAAGTTCTCCATCAAGTCCGACGTCTGGGCATTTGGAGTATTGCTTTGGGAAATTACCACCTATGGCATGTCCCCTTACCCGGGAATTGACCTGTCCCAGGTGTATGAGCTGCTAGAGAAG","67G1T63",2,9,"GCT/ACC","mnv"
1208,"GCT","ACC",5640,433,433,"A/T","missense_variant","133M","TCAAATGGACTGCACCCGAGAGCCTGGCCTACAACAAGTTCTCCATCAAGTCCGACGTCTGGGCATTTGGAGTATTGCTTTGGGAAATTACCACCTATGGCATGTCCCCTTACCCGGGAATTGACCTGTCCCA","89G1T41",2,9,"GCT/ACC","mnv"
1201,"GCT","ACC",5660,433,433,"A/T","missense_variant","133M","TTCCCCATCAAATGGACTGCACCCGAGAGCCTGGCCTACAACAAGTTCTCCATCAAGTCCGACGTCTGGGCATTTGGAGTATTGCTTTGGGAAATTACCACCTATGGCATGTCCCCTTACCCGGGAATTGACC","96G1T34",2,9,"GCT/ACC","mnv"
1276,"GCT","ACC",6989,433,433,"A/T","missense_variant","133M","GGAGTATTGCTTTGGGAAATTACCACCTATGGCATGTCCCCTTACCCGGGAATTGACCTGTCCCAGGTGTATGAGCTGCTAGAGAAGGACTACCGCATGGAGCGCCCAGAAGGCTGCCCAGAGAAGGTCTATG","21G1T109",2,9,"GCT/ACC","mnv"
1243,"GCT","ACC",5752,433,433,"A/T","missense_variant","133M","AAGTTCTCCATCAAGTCCGACGTCTGGGCATTTGGAGTATTGCTTTGGGAAATTACCACCTATGGCATGTCCCCTTACCCGGGAATTGACCTGTCCCAGGTGTATGAGCTGCTAGAGAAGGACTACCGCATGG","54G1T76",2,9,"GCT/ACC","mnv"
1294,"GCT","ACC",7318,433,433,"A/T","missense_variant","133M","ATTACCACCTATGGCATGTCCCCTTACCCGGGAATTGACCTGTCCCAGGTGTATGAGCTGCTAGAGAAGGACTACCGCATGGAGCGCCCAGAAGGCTGCCCAGAGAAGGTCTATGAACTCATGCGAGCATGTT","3G1T127",2,9,"GCT/ACC","mnv"
1293,"GCT","ACC",7293,433,433,"A/T","missense_variant","133M","AATTACCACCTATGGCATGTCCCCTTACCCGGGAATTGACCTGTCCCAGGTGTATGAGCTGCTAGAGAAGGACTACCGCATGGAGCGCCCAGAAGGCTGCCCAGAGAAGGTCTATGAACTCATGCGAGCATGT","4G1T126",2,9,"GCT/ACC","mnv"
1277,"GCT","ACC",7059,433,433,"A/T","missense_variant","133M","GAGTATTGCTTTGGGAAATTACCACCTATGGCATGTCCCCTTACCCGGGAATTGACCTGTCCCAGGTGTATGAGCTGCTAGAGAAGGACTACCGCATGGAGCGCCCAGAAGGCTGCCCAGAGAAGGTCTATGA","20G1T110",2,9,"GCT/ACC","mnv"
1285,"GCT","ACC",7193,433,433,"A/T","missense_variant","133M","CTTTGGGAAATTACCACCTATGGCATGTCCCCTTACCCGGGAATTGACCTGTCCCAGGTGTATGAGCTGCTAGAGAAGGACTACCGCATGGAGCGCCCAGAAGGCTGCCCAGAGAAGGTCTATGAACTCATGC","12G1T118",2,9,"GCT/ACC","mnv"
1221,"GCT","CTG",5628,433,433,"A/L","missense_variant","133M","ACCCGAGAGCCTGGCCTACAACAAGTTCTCCATCAAGTCCGACGTCTGGGCATTTGGAGTATTGCTTTGGGAAATTCTGACCTATGGCATGTCCCCTTACCCGGGAATTGACCTGTCCCAGGTGTATGAGCTG","76G0C0T54",3,3,"GCT/CTG","mnv"
1245,"GCT","CTG",5893,433,433,"A/L","missense_variant","133M","GTTCTCCATCAAGTCCGACGTCTGGGCATTTGGAGTATTGCTTTGGGAAATTCTGACCTATGGCATGTCCCCTTACCCGGGAATTGACCTGTCCCAGGTGTATGAGCTGCTAGAGAAGGACTACCGCATGGAG","52G0C0T78",3,3,"GCT/CTG","mnv"
1263,"GCT","CTG",6480,433,433,"A/L","missense_variant","133M","CGTCTGGGCATTTGGAGTATTGCTTTGGGAAATTCTGACCTATGGCATGTCCCCTTACCCGGGAATTGACCTGTCCCAGGTGTATGAGCTGCTAGAGAAGGACTACCGCATGGAGCGCCCAGAAGGCTGCCCA","34G0C0T96",3,3,"GCT/CTG","mnv"
1258,"ACC","GAG",6363,434,434,"T/E","missense_variant","133M","TCCGACGTCTGGGCATTTGGAGTATTGCTTTGGGAAATTGCTGAGTATGGCATGTCCCCTTACCCGGGAATTGACCTGTCCCAGGTGTATGAGCTGCTAGAGAAGGACTACCGCATGGAGCGCCCAGAAGGCT","42A0C0C88",3,1,"ACC/GAG","mnv"
1251,"ACC","GGT",6206,434,434,"T/G","missense_variant","133M","CATCAAGTCCGACGTCTGGGCATTTGGAGTATTGCTTTGGGAAATTGCTGGTTATGGCATGTCCCCTTACCCGGGAATTGACCTGTCCCAGGTGTATGAGCTGCTAGAGAAGGACTACCGCATGGAGCGCCCA","49A0C0C81",3,1,"ACC/GGT","mnv"
1262,"TAT","AAC",6463,435,435,"Y/N","missense_variant","133M","ACGTCTGGGCATTTGGAGTATTGCTTTGGGAAATTGCTACCAACGGCATGTCCCCTTACCCGGGAATTGACCTGTCCCAGGTGTATGAGCTGCTAGAGAAGGACTACCGCATGGAGCGCCCAGAAGGCTGCCC","41T1T89",2,8,"TAT/AAC","mnv"
1241,"TAT","AAC",5779,435,435,"Y/N","missense_variant","133M","ACAAGTTCTCCATCAAGTCCGACGTCTGGGCATTTGGAGTATTGCTTTGGGAAATTGCTACCAACGGCATGTCCCCTTACCCGGGAATTGACCTGTCCCAGGTGTATGAGCTGCTAGAGAAGGACTACCGCAT","62T1T68",2,8,"TAT/AAC","mnv"
1228,"TAT","AAC",5618,435,435,"Y/N","missense_variant","133M","AGCCTGGCCTACAACAAGTTCTCCATCAAGTCCGACGTCTGGGCATTTGGAGTATTGCTTTGGGAAATTGCTACCAACGGCATGTCCCCTTACCCGGGAATTGACCTGTCCCAGGTGTATGAGCTGCTAGAGA","75T1T55",2,8,"TAT/AAC","mnv"
1285,"TAT","AAC",7193,435,435,"Y/N","missense_variant","133M","CTTTGGGAAATTGCTACCAACGGCATGTCCCCTTACCCGGGAATTGACCTGTCCCAGGTGTATGAGCTGCTAGAGAAGGACTACCGCATGGAGCGCCCAGAAGGCTGCCCAGAGAAGGTCTATGAACTCATGC","18T1T112",2,8,"TAT/AAC","mnv"
1291,"TAT","AAC",7355,435,435,"Y/N","missense_variant","133M","GAAATTGCTACCAACGGCATGTCCCCTTACCCGGGAATTGACCTGTCCCAGGTGTATGAGCTGCTAGAGAAGGACTACCGCATGGAGCGCCCAGAAGGCTGCCCAGAGAAGGTCTATGAACTCATGCGAGCAT","12T1T118",2,8,"TAT/AAC","mnv"
1284,"TAT","AAC",7129,435,435,"Y/N","missense_variant","133M","GCTTTGGGAAATTGCTACCAACGGCATGTCCCCTTACCCGGGAATTGACCTGTCCCAGGTGTATGAGCTGCTAGAGAAGGACTACCGCATGGAGCGCCCAGAAGGCTGCCCAGAGAAGGTCTATGAACTCATG","19T1T111",2,8,"TAT/AAC","mnv"
1177,"TAT","AAC",5789,435,435,"Y/N","missense_variant","133M","TACACAGCCCATGCTGGAGCCAAGTTCCCCATCAAATGGACTGCACCCGAGAGCCTGGCCTACAACAAGTTCTCCATCAAGTCCGACGTCTGGGCATTTGGAGTATTGCTTTGGGAAATTGCTACCAACGGCA","126T1T4",2,8,"TAT/AAC","mnv"
1217,"TAT","AAC",5599,435,435,"Y/N","missense_variant","133M","CTGCACCCGAGAGCCTGGCCTACAACAAGTTCTCCATCAAGTCCGACGTCTGGGCATTTGGAGTATTGCTTTGGGAAATTGCTACCAACGGCATGTCCCCTTACCCGGGAATTGACCTGTCCCAGGTGTATGA","86T1T44",2,8,"TAT/AAC","mnv"
1299,"TAT","AAG",7406,435,435,"Y/K","missense_variant","133M","TACCAAGGGCATGTCCCCTTACCCGGGAATTGACCTGTCCCAGGTGTATGAGCTGCTAGAGAAGGACTACCGCATGGAGCGCCCAGAAGGCTGCCCAGAGAAGGTCTATGAACTCATGCGAGCATGTTGGCAG","4T1T126",2,5,"TAT/AAG","mnv"
1176,"TAT","AAG",5826,435,435,"Y/K","missense_variant","133M","CTACACAGCCCATGCTGGAGCCAAGTTCCCCATCAAATGGACTGCACCCGAGAGCCTGGCCTACAACAAGTTCTCCATCAAGTCCGACGTCTGGGCATTTGGAGTATTGCTTTGGGAAATTGCTACCAAGGGC","127T1T3",2,5,"TAT/AAG","mnv"
1271,"TAT","AAG",6856,435,435,"Y/K","missense_variant","133M","CATTTGGAGTATTGCTTTGGGAAATTGCTACCAAGGGCATGTCCCCTTACCCGGGAATTGACCTGTCCCAGGTGTATGAGCTGCTAGAGAAGGACTACCGCATGGAGCGCCCAGAAGGCTGCCCAGAGAAGGT","32T1T98",2,5,"TAT/AAG","mnv"
1271,"TAT","AAG",6856,435,435,"Y/K","missense_variant","133M","CATTTGGAGTATTGCTTTGGGAAATTGCTACCAAGGGCATGTCCCCTTACCCGGGAATTGACCTGTCCCAGGTGTATGAGCTGCTAGAGAAGGACTACCGCATGGAGCGCCCAGAAGGCTGCCCAGAGAAGGT","32T1T98",2,5,"TAT/AAG","mnv"
1300,"TAT","AAG",7430,435,435,"Y/K","missense_variant","133M","ACCAAGGGCATGTCCCCTTACCCGGGAATTGACCTGTCCCAGGTGTATGAGCTGCTAGAGAAGGACTACCGCATGGAGCGCCCAGAAGGCTGCCCAGAGAAGGTCTATGAACTCATGCGAGCATGTTGGCAGT","3T1T127",2,5,"TAT/AAG","mnv"
1189,"TAT","CAC",5678,435,435,"Y/H","missense_variant","133M","GCTGGAGCCAAGTTCCCCATCAAATGGACTGCACCCGAGAGCCTGGCCTACAACAAGTTCTCCATCAAGTCCGACGTCTGGGCATTTGGAGTATTGCTTTGGGAAATTGCTACCCACGGCATGTCCCCTTACC","114T1T16",2,2,"TAT/CAC","mnv"
1269,"TAT","CAC",6741,435,435,"Y/H","missense_variant","133M","GGCATTTGGAGTATTGCTTTGGGAAATTGCTACCCACGGCATGTCCCCTTACCCGGGAATTGACCTGTCCCAGGTGTATGAGCTGCTAGAGAAGGACTACCGCATGGAGCGCCCAGAAGGCTGCCCAGAGAAG","34T1T96",2,2,"TAT/CAC","mnv"
1259,"TAT","CTG",6386,435,435,"Y/L","missense_variant","133M","CCGACGTCTGGGCATTTGGAGTATTGCTTTGGGAAATTGCTACCCTGGGCATGTCCCCTTACCCGGGAATTGACCTGTCCCAGGTGTATGAGCTGCTAGAGAAGGACTACCGCATGGAGCGCCCAGAAGGCTG","44T0A0T86",3,1,"TAT/CTG","mnv"
1262,"TC","CA",6463,438,438,"S/H","missense_variant","133M","ACGTCTGGGCATTTGGAGTATTGCTTTGGGAAATTGCTACCTATGGCATGCACCCTTACCCGGGAATTGACCTGTCCCAGGTGTATGAGCTGCTAGAGAAGGACTACCGCATGGAGCGCCCAGAAGGCTGCCC","50T0C81",2,2,"TCc/CAc","mnv"
1240,"TC","CA",5804,438,438,"S/H","missense_variant","133M","AACAAGTTCTCCATCAAGTCCGACGTCTGGGCATTTGGAGTATTGCTTTGGGAAATTGCTACCTATGGCATGCACCCTTACCCGGGAATTGACCTGTCCCAGGTGTATGAGCTGCTAGAGAAGGACTACCGCA","72T0C59",2,2,"TCc/CAc","mnv"
1266,"TCC","CTG",6628,438,438,"S/L","missense_variant","133M","CTGGGCATTTGGAGTATTGCTTTGGGAAATTGCTACCTATGGCATGCTGCCTTACCCGGGAATTGACCTGTCCCAGGTGTATGAGCTGCTAGAGAAGGACTACCGCATGGAGCGCCCAGAAGGCTGCCCAGAG","46T0C0C84",3,2,"TCC/CTG","mnv"
1260,"TCC","CTG",6392,438,438,"S/L","missense_variant","133M","CGACGTCTGGGCATTTGGAGTATTGCTTTGGGAAATTGCTACCTATGGCATGCTGCCTTACCCGGGAATTGACCTGTCCCAGGTGTATGAGCTGCTAGAGAAGGACTACCGCATGGAGCGCCCAGAAGGCTGC","52T0C0C78",3,2,"TCC/CTG","mnv"
1268,"TCC","GAG",6686,438,438,"S/E","missense_variant","133M","GGGCATTTGGAGTATTGCTTTGGGAAATTGCTACCTATGGCATGGAGCCTTACCCGGGAATTGACCTGTCCCAGGTGTATGAGCTGCTAGAGAAGGACTACCGCATGGAGCGCCCAGAAGGCTGCCCAGAGAA","44T0C0C86",3,8,"TCC/GAG","mnv"
1254,"TCC","GAG",6226,438,438,"S/E","missense_variant","133M","CAAGTCCGACGTCTGGGCATTTGGAGTATTGCTTTGGGAAATTGCTACCTATGGCATGGAGCCTTACCCGGGAATTGACCTGTCCCAGGTGTATGAGCTGCTAGAGAAGGACTACCGCATGGAGCGCCCAGAA","58T0C0C72",3,8,"TCC/GAG","mnv"
1221,"TCC","GAG",5628,438,438,"S/E","missense_variant","133M","ACCCGAGAGCCTGGCCTACAACAAGTTCTCCATCAAGTCCGACGTCTGGGCATTTGGAGTATTGCTTTGGGAAATTGCTACCTATGGCATGGAGCCTTACCCGGGAATTGACCTGTCCCAGGTGTATGAGCTG","91T0C0C39",3,8,"TCC/GAG","mnv"
1227,"TCC","GAG",5589,438,438,"S/E","missense_variant","133M","GAGCCTGGCCTACAACAAGTTCTCCATCAAGTCCGACGTCTGGGCATTTGGAGTATTGCTTTGGGAAATTGCTACCTATGGCATGGAGCCTTACCCGGGAATTGACCTGTCCCAGGTGTATGAGCTGCTAGAG","85T0C0C45",3,8,"TCC/GAG","mnv"
1252,"TCC","GAG",6218,438,438,"S/E","missense_variant","133M","ATCAAGTCCGACGTCTGGGCATTTGGAGTATTGCTTTGGGAAATTGCTACCTATGGCATGGAGCCTTACCCGGGAATTGACCTGTCCCAGGTGTATGAGCTGCTAGAGAAGGACTACCGCATGGAGCGCCCAG","60T0C0C70",3,8,"TCC/GAG","mnv"
1259,"TCC","GAG",6386,438,438,"S/E","missense_variant","133M","CCGACGTCTGGGCATTTGGAGTATTGCTTTGGGAAATTGCTACCTATGGCATGGAGCCTTACCCGGGAATTGACCTGTCCCAGGTGTATGAGCTGCTAGAGAAGGACTACCGCATGGAGCGCCCAGAAGGCTG","53T0C0C77",3,8,"TCC/GAG","mnv"
1279,"TCC","GAG",7224,438,438,"S/E","missense_variant","133M","GTATTGCTTTGGGAAATTGCTACCTATGGCATGGAGCCTTACCCGGGAATTGACCTGTCCCAGGTGTATGAGCTGCTAGAGAAGGACTACCGCATGGAGCGCCCAGAAGGCTGCCCAGAGAAGGTCTATGAAC","33T0C0C97",3,8,"TCC/GAG","mnv"
1226,"TCC","GAG",5594,438,438,"S/E","missense_variant","133M","AGAGCCTGGCCTACAACAAGTTCTCCATCAAGTCCGACGTCTGGGCATTTGGAGTATTGCTTTGGGAAATTGCTACCTATGGCATGGAGCCTTACCCGGGAATTGACCTGTCCCAGGTGTATGAGCTGCTAGA","86T0C0C44",3,8,"TCC/GAG","mnv"
1231,"CC","GA",5671,441,441,"P/E","missense_variant","133M","CTGGCCTACAACAAGTTCTCCATCAAGTCCGACGTCTGGGCATTTGGAGTATTGCTTTGGGAAATTGCTACCTATGGCATGTCCCCTTACGAGGGAATTGACCTGTCCCAGGTGTATGAGCTGCTAGAGAAGG","90C0C41",2,3,"CCg/GAg","mnv"
1311,"CC","GA",7527,441,441,"P/E","missense_variant","133M","GTCCCCTTACGAGGGAATTGACCTGTCCCAGGTGTATGAGCTGCTAGAGAAGGACTACCGCATGGAGCGCCCAGAAGGCTGCCCAGAGAAGGTCTATGAACTCATGCGAGCATGTTGGCAGTGGAATCCCTCT","10C0C121",2,3,"CCg/GAg","mnv"
1213,"CC","GA",5533,441,441,"P/E","missense_variant","133M","TGGACTGCACCCGAGAGCCTGGCCTACAACAAGTTCTCCATCAAGTCCGACGTCTGGGCATTTGGAGTATTGCTTTGGGAAATTGCTACCTATGGCATGTCCCCTTACGAGGGAATTGACCTGTCCCAGGTGT","108C0C23",2,3,"CCg/GAg","mnv"
1249,"CCG","AAC",6104,441,441,"P/N","missense_variant","133M","TCCATCAAGTCCGACGTCTGGGCATTTGGAGTATTGCTTTGGGAAATTGCTACCTATGGCATGTCCCCTTACAACGGAATTGACCTGTCCCAGGTGTATGAGCTGCTAGAGAAGGACTACCGCATGGAGCGCC","72C0C0G58",3,2,"CCG/AAC","mnv"
1251,"CCG","AAC",6206,441,441,"P/N","missense_variant","133M","CATCAAGTCCGACGTCTGGGCATTTGGAGTATTGCTTTGGGAAATTGCTACCTATGGCATGTCCCCTTACAACGGAATTGACCTGTCCCAGGTGTATGAGCTGCTAGAGAAGGACTACCGCATGGAGCGCCCA","70C0C0G60",3,2,"CCG/AAC","mnv"
1205,"CCG","ACC",5657,441,441,"P/T","missense_variant","133M","CCATCAAATGGACTGCACCCGAGAGCCTGGCCTACAACAAGTTCTCCATCAAGTCCGACGTCTGGGCATTTGGAGTATTGCTTTGGGAAATTGCTACCTATGGCATGTCCCCTTACACCGGAATTGACCTGTC","116C1G14",2,2,"CCG/ACC","mnv"
1252,"CCG","ACC",6218,441,441,"P/T","missense_variant","133M","ATCAAGTCCGACGTCTGGGCATTTGGAGTATTGCTTTGGGAAATTGCTACCTATGGCATGTCCCCTTACACCGGAATTGACCTGTCCCAGGTGTATGAGCTGCTAGAGAAGGACTACCGCATGGAGCGCCCAG","69C1G61",2,2,"CCG/ACC","mnv"
1269,"GGA","AAG",6741,442,442,"G/K","missense_variant","133M","GGCATTTGGAGTATTGCTTTGGGAAATTGCTACCTATGGCATGTCCCCTTACCCGAAGATTGACCTGTCCCAGGTGTATGAGCTGCTAGAGAAGGACTACCGCATGGAGCGCCCAGAAGGCTGCCCAGAGAAG","55G0G0A75",3,1,"GGA/AAG","mnv"
1297,"GGA","TGG",7412,442,442,"G/W","missense_variant","133M","GCTACCTATGGCATGTCCCCTTACCCGTGGATTGACCTGTCCCAGGTGTATGAGCTGCTAGAGAAGGACTACCGCATGGAGCGCCCAGAAGGCTGCCCAGAGAAGGTCTATGAACTCATGCGAGCATGTTGGC","27G1A103",2,7,"GGA/TGG","mnv"
1257,"GGA","TGG",6312,442,442,"G/W","missense_variant","133M","GTCCGACGTCTGGGCATTTGGAGTATTGCTTTGGGAAATTGCTACCTATGGCATGTCCCCTTACCCGTGGATTGACCTGTCCCAGGTGTATGAGCTGCTAGAGAAGGACTACCGCATGGAGCGCCCAGAAGGC","67G1A63",2,7,"GGA/TGG","mnv"
1272,"GGA","TGG",6847,442,442,"G/W","missense_variant","133M","ATTTGGAGTATTGCTTTGGGAAATTGCTACCTATGGCATGTCCCCTTACCCGTGGATTGACCTGTCCCAGGTGTATGAGCTGCTAGAGAAGGACTACCGCATGGAGCGCCCAGAAGGCTGCCCAGAGAAGGTC","52G1A78",2,7,"GGA/TGG","mnv"
1212,"GGA","TGG",5561,442,442,"G/W","missense_variant","133M","ATGGACTGCACCCGAGAGCCTGGCCTACAACAAGTTCTCCATCAAGTCCGACGTCTGGGCATTTGGAGTATTGCTTTGGGAAATTGCTACCTATGGCATGTCCCCTTACCCGTGGATTGACCTGTCCCAGGTG","112G1A18",2,7,"GGA/TGG","mnv"
1271,"GGA","TGG",6856,442,442,"G/W","missense_variant","133M","CATTTGGAGTATTGCTTTGGGAAATTGCTACCTATGGCATGTCCCCTTACCCGTGGATTGACCTGTCCCAGGTGTATGAGCTGCTAGAGAAGGACTACCGCATGGAGCGCCCAGAAGGCTGCCCAGAGAAGGT","53G1A77",2,7,"GGA/TGG","mnv"
1307,"GGA","TGG",7468,442,442,"G/W","missense_variant","133M","GCATGTCCCCTTACCCGTGGATTGACCTGTCCCAGGTGTATGAGCTGCTAGAGAAGGACTACCGCATGGAGCGCCCAGAAGGCTGCCCAGAGAAGGTCTATGAACTCATGCGAGCATGTTGGCAGTGGAATCC","17G1A113",2,7,"GGA/TGG","mnv"
1311,"GGA","TGG",7527,442,442,"G/W","missense_variant","133M","GTCCCCTTACCCGTGGATTGACCTGTCCCAGGTGTATGAGCTGCTAGAGAAGGACTACCGCATGGAGCGCCCAGAAGGCTGCCCAGAGAAGGTCTATGAACTCATGCGAGCATGTTGGCAGTGGAATCCCTCT","13G1A117",2,7,"GGA/TGG","mnv"
1291,"GGA","TTC",7355,442,442,"G/F","missense_variant","133M","GAAATTGCTACCTATGGCATGTCCCCTTACCCGTTCATTGACCTGTCCCAGGTGTATGAGCTGCTAGAGAAGGACTACCGCATGGAGCGCCCAGAAGGCTGCCCAGAGAAGGTCTATGAACTCATGCGAGCAT","33G0G0A97",3,1,"GGA/TTC","mnv"
1286,"ATT","TAC",7231,443,443,"I/Y","missense_variant","133M","TTTGGGAAATTGCTACCTATGGCATGTCCCCTTACCCGGGATACGACCTGTCCCAGGTGTATGAGCTGCTAGAGAAGGACTACCGCATGGAGCGCCCAGAAGGCTGCCCAGAGAAGGTCTATGAACTCATGCG","41A0T0T89",3,5,"ATT/TAC","mnv"
1233,"ATT","TAC",5711,443,443,"I/Y","missense_variant","133M","GGCCTACAACAAGTTCTCCATCAAGTCCGACGTCTGGGCATTTGGAGTATTGCTTTGGGAAATTGCTACCTATGGCATGTCCCCTTACCCGGGATACGACCTGTCCCAGGTGTATGAGCTGCTAGAGAAGGAC","94A0T0T36",3,5,"ATT/TAC","mnv"
1261,"ATT","TAC",6428,443,443,"I/Y","missense_variant","133M","GACGTCTGGGCATTTGGAGTATTGCTTTGGGAAATTGCTACCTATGGCATGTCCCCTTACCCGGGATACGACCTGTCCCAGGTGTATGAGCTGCTAGAGAAGGACTACCGCATGGAGCGCCCAGAAGGCTGCC","66A0T0T64",3,5,"ATT/TAC","mnv"
1268,"ATT","TAC",6686,443,443,"I/Y","missense_variant","133M","GGGCATTTGGAGTATTGCTTTGGGAAATTGCTACCTATGGCATGTCCCCTTACCCGGGATACGACCTGTCCCAGGTGTATGAGCTGCTAGAGAAGGACTACCGCATGGAGCGCCCAGAAGGCTGCCCAGAGAA","59A0T0T71",3,5,"ATT/TAC","mnv"
1291,"ATT","TAC",7355,443,443,"I/Y","missense_variant","133M","GAAATTGCTACCTATGGCATGTCCCCTTACCCGGGATACGACCTGTCCCAGGTGTATGAGCTGCTAGAGAAGGACTACCGCATGGAGCGCCCAGAAGGCTGCCCAGAGAAGGTCTATGAACTCATGCGAGCAT","36A0T0T94",3,5,"ATT/TAC","mnv"
1235,"ATT","TGC",5764,443,443,"I/C","missense_variant","133M","CCTACAACAAGTTCTCCATCAAGTCCGACGTCTGGGCATTTGGAGTATTGCTTTGGGAAATTGCTACCTATGGCATGTCCCCTTACCCGGGATGCGACCTGTCCCAGGTGTATGAGCTGCTAGAGAAGGACTA","92A0T0T38",3,1,"ATT/TGC","mnv"
1307,"ATT","TTC",7468,443,443,"I/F","missense_variant","133M","GCATGTCCCCTTACCCGGGATTCGACCTGTCCCAGGTGTATGAGCTGCTAGAGAAGGACTACCGCATGGAGCGCCCAGAAGGCTGCCCAGAGAAGGTCTATGAACTCATGCGAGCATGTTGGCAGTGGAATCC","20A1T110",2,2,"ATT/TTC","mnv"
1324,"ATT","TTC",7786,443,443,"I/F","missense_variant","133M","GGATTCGACCTGTCCCAGGTGTATGAGCTGCTAGAGAAGGACTACCGCATGGAGCGCCCAGAAGGCTGCCCAGAGAAGGTCTATGAACTCATGCGAGCATGTTGGCAGTGGAATCCCTCTGACCGGCCCTCCT","3A1T127",2,2,"ATT/TTC","mnv"
1224,"GA","AT",5654,444,444,"D/I","missense_variant","133M","CGAGAGCCTGGCCTACAACAAGTTCTCCATCAAGTCCGACGTCTGGGCATTTGGAGTATTGCTTTGGGAAATTGCTACCTATGGCATGTCCCCTTACCCGGGAATTATCCTGTCCCAGGTGTATGAGCTGCTA","106G0A25",2,3,"GAc/ATc","mnv"
1236,"GA","AT",5766,444,444,"D/I","missense_variant","133M","CTACAACAAGTTCTCCATCAAGTCCGACGTCTGGGCATTTGGAGTATTGCTTTGGGAAATTGCTACCTATGGCATGTCCCCTTACCCGGGAATTATCCTGTCCCAGGTGTATGAGCTGCTAGAGAAGGACTAC","94G0A37",2,3,"GAc/ATc","mnv"
1278,"GA","AT",7159,444,444,"D/I","missense_variant","133M","AGTATTGCTTTGGGAAATTGCTACCTATGGCATGTCCCCTTACCCGGGAATTATCCTGTCCCAGGTGTATGAGCTGCTAGAGAAGGACTACCGCATGGAGCGCCCAGAAGGCTGCCCAGAGAAGGTCTATGAA","52G0A79",2,3,"GAc/ATc","mnv"
1208,"GA","TT",5640,444,444,"D/F","missense_variant","133M","TCAAATGGACTGCACCCGAGAGCCTGGCCTACAACAAGTTCTCCATCAAGTCCGACGTCTGGGCATTTGGAGTATTGCTTTGGGAAATTGCTACCTATGGCATGTCCCCTTACCCGGGAATTTTCCTGTCCCA","122G0A9",2,9,"GAc/TTc","mnv"
1323,"GA","TT",7792,444,444,"D/F","missense_variant","133M","GGGAATTTTCCTGTCCCAGGTGTATGAGCTGCTAGAGAAGGACTACCGCATGGAGCGCCCAGAAGGCTGCCCAGAGAAGGTCTATGAACTCATGCGAGCATGTTGGCAGTGGAATCCCTCTGACCGGCCCTCC","7G0A124",2,9,"GAc/TTc","mnv"
1249,"GA","TT",6104,444,444,"D/F","missense_variant","133M","TCCATCAAGTCCGACGTCTGGGCATTTGGAGTATTGCTTTGGGAAATTGCTACCTATGGCATGTCCCCTTACCCGGGAATTTTCCTGTCCCAGGTGTATGAGCTGCTAGAGAAGGACTACCGCATGGAGCGCC","81G0A50",2,9,"GAc/TTc","mnv"
1208,"GA","TT",5640,444,444,"D/F","missense_variant","133M","TCAAATGGACTGCACCCGAGAGCCTGGCCTACAACAAGTTCTCCATCAAGTCCGACGTCTGGGCATTTGGAGTATTGCTTTGGGAAATTGCTACCTATGGCATGTCCCCTTACCCGGGAATTTTCCTGTCCCA","122G0A9",2,9,"GAc/TTc","mnv"
1205,"GA","TT",5657,444,444,"D/F","missense_variant","133M","CCATCAAATGGACTGCACCCGAGAGCCTGGCCTACAACAAGTTCTCCATCAAGTCCGACGTCTGGGCATTTGGAGTATTGCTTTGGGAAATTGCTACCTATGGCATGTCCCCTTACCCGGGAATTTTCCTGTC","125G0A6",2,9,"GAc/TTc","mnv"
1310,"GA","TT",7524,444,444,"D/F","missense_variant","133M","TGTCCCCTTACCCGGGAATTTTCCTGTCCCAGGTGTATGAGCTGCTAGAGAAGGACTACCGCATGGAGCGCCCAGAAGGCTGCCCAGAGAAGGTCTATGAACTCATGCGAGCATGTTGGCAGTGGAATCCCTC","20G0A111",2,9,"GAc/TTc","mnv"
1245,"GA","TT",5893,444,444,"D/F","missense_variant","133M","GTTCTCCATCAAGTCCGACGTCTGGGCATTTGGAGTATTGCTTTGGGAAATTGCTACCTATGGCATGTCCCCTTACCCGGGAATTTTCCTGTCCCAGGTGTATGAGCTGCTAGAGAAGGACTACCGCATGGAG","85G0A46",2,9,"GAc/TTc","mnv"
1256,"GA","TT",6284,444,444,"D/F","missense_variant","133M","AGTCCGACGTCTGGGCATTTGGAGTATTGCTTTGGGAAATTGCTACCTATGGCATGTCCCCTTACCCGGGAATTTTCCTGTCCCAGGTGTATGAGCTGCTAGAGAAGGACTACCGCATGGAGCGCCCAGAAGG","74G0A57",2,9,"GAc/TTc","mnv"
1263,"GA","TT",6480,444,444,"D/F","missense_variant","133M","CGTCTGGGCATTTGGAGTATTGCTTTGGGAAATTGCTACCTATGGCATGTCCCCTTACCCGGGAATTTTCCTGTCCCAGGTGTATGAGCTGCTAGAGAAGGACTACCGCATGGAGCGCCCAGAAGGCTGCCCA","67G0A64",2,9,"GAc/TTc","mnv"
1251,"GAC","AGA",6206,444,444,"D/R","missense_variant","133M","CATCAAGTCCGACGTCTGGGCATTTGGAGTATTGCTTTGGGAAATTGCTACCTATGGCATGTCCCCTTACCCGGGAATTAGACTGTCCCAGGTGTATGAGCTGCTAGAGAAGGACTACCGCATGGAGCGCCCA","79G0A0C51",3,2,"GAC/AGA","mnv"
1295,"GAC","AGA",7375,444,444,"D/R","missense_variant","133M","TTGCTACCTATGGCATGTCCCCTTACCCGGGAATTAGACTGTCCCAGGTGTATGAGCTGCTAGAGAAGGACTACCGCATGGAGCGCCCAGAAGGCTGCCCAGAGAAGGTCTATGAACTCATGCGAGCATGTTG","35G0A0C95",3,2,"GAC/AGA","mnv"
1277,"GAC","CCT",7059,444,444,"D/P","missense_variant","133M","GAGTATTGCTTTGGGAAATTGCTACCTATGGCATGTCCCCTTACCCGGGAATTCCTCTGTCCCAGGTGTATGAGCTGCTAGAGAAGGACTACCGCATGGAGCGCCCAGAAGGCTGCCCAGAGAAGGTCTATGA","53G0A0C77",3,12,"GAC/CCT","mnv"
1268,"GAC","CCT",6686,444,444,"D/P","missense_variant","133M","GGGCATTTGGAGTATTGCTTTGGGAAATTGCTACCTATGGCATGTCCCCTTACCCGGGAATTCCTCTGTCCCAGGTGTATGAGCTGCTAGAGAAGGACTACCGCATGGAGCGCCCAGAAGGCTGCCCAGAGAA","62G0A0C68",3,12,"GAC/CCT","mnv"
1235,"GAC","CCT",5764,444,444,"D/P","missense_variant","133M","CCTACAACAAGTTCTCCATCAAGTCCGACGTCTGGGCATTTGGAGTATTGCTTTGGGAAATTGCTACCTATGGCATGTCCCCTTACCCGGGAATTCCTCTGTCCCAGGTGTATGAGCTGCTAGAGAAGGACTA","95G0A0C35",3,12,"GAC/CCT","mnv"
1299,"GAC","CCT",7406,444,444,"D/P","missense_variant","133M","TACCTATGGCATGTCCCCTTACCCGGGAATTCCTCTGTCCCAGGTGTATGAGCTGCTAGAGAAGGACTACCGCATGGAGCGCCCAGAAGGCTGCCCAGAGAAGGTCTATGAACTCATGCGAGCATGTTGGCAG","31G0A0C99",3,12,"GAC/CCT","mnv"
1248,"GAC","CCT",6031,444,444,"D/P","missense_variant","133M","CTCCATCAAGTCCGACGTCTGGGCATTTGGAGTATTGCTTTGGGAAATTGCTACCTATGGCATGTCCCCTTACCCGGGAATTCCTCTGTCCCAGGTGTATGAGCTGCTAGAGAAGGACTACCGCATGGAGCGC","82G0A0C48",3,12,"GAC/CCT","mnv"
1208,"GAC","CCT",5640,444,444,"D/P","missense_variant","133M","TCAAATGGACTGCACCCGAGAGCCTGGCCTACAACAAGTTCTCCATCAAGTCCGACGTCTGGGCATTTGGAGTATTGCTTTGGGAAATTGCTACCTATGGCATGTCCCCTTACCCGGGAATTCCTCTGTCCCA","122G0A0C8",3,12,"GAC/CCT","mnv"
1245,"GAC","CCT",5893,444,444,"D/P","missense_variant","133M","GTTCTCCATCAAGTCCGACGTCTGGGCATTTGGAGTATTGCTTTGGGAAATTGCTACCTATGGCATGTCCCCTTACCCGGGAATTCCTCTGTCCCAGGTGTATGAGCTGCTAGAGAAGGACTACCGCATGGAG","85G0A0C45",3,12,"GAC/CCT","mnv"
1281,"GAC","CCT",7204,444,444,"D/P","missense_variant","133M","ATTGCTTTGGGAAATTGCTACCTATGGCATGTCCCCTTACCCGGGAATTCCTCTGTCCCAGGTGTATGAGCTGCTAGAGAAGGACTACCGCATGGAGCGCCCAGAAGGCTGCCCAGAGAAGGTCTATGAACTC","49G0A0C81",3,12,"GAC/CCT","mnv"
1292,"GAC","CCT",7355,444,444,"D/P","missense_variant","133M","AAATTGCTACCTATGGCATGTCCCCTTACCCGGGAATTCCTCTGTCCCAGGTGTATGAGCTGCTAGAGAAGGACTACCGCATGGAGCGCCCAGAAGGCTGCCCAGAGAAGGTCTATGAACTCATGCGAGCATG","38G0A0C92",3,12,"GAC/CCT","mnv"
1295,"GAC","CCT",7375,444,444,"D/P","missense_variant","133M","TTGCTACCTATGGCATGTCCCCTTACCCGGGAATTCCTCTGTCCCAGGTGTATGAGCTGCTAGAGAAGGACTACCGCATGGAGCGCCCAGAAGGCTGCCCAGAGAAGGTCTATGAACTCATGCGAGCATGTTG","35G0A0C95",3,12,"GAC/CCT","mnv"
1277,"GAC","CCT",7059,444,444,"D/P","missense_variant","133M","GAGTATTGCTTTGGGAAATTGCTACCTATGGCATGTCCCCTTACCCGGGAATTCCTCTGTCCCAGGTGTATGAGCTGCTAGAGAAGGACTACCGCATGGAGCGCCCAGAAGGCTGCCCAGAGAAGGTCTATGA","53G0A0C77",3,12,"GAC/CCT","mnv"
1272,"GAC","CCT",6847,444,444,"D/P","missense_variant","133M","ATTTGGAGTATTGCTTTGGGAAATTGCTACCTATGGCATGTCCCCTTACCCGGGAATTCCTCTGTCCCAGGTGTATGAGCTGCTAGAGAAGGACTACCGCATGGAGCGCCCAGAAGGCTGCCCAGAGAAGGTC","58G0A0C72",3,12,"GAC/CCT","mnv"
1260,"TC","AA",6392,446,446,"S/N","missense_variant","133M","CGACGTCTGGGCATTTGGAGTATTGCTTTGGGAAATTGCTACCTATGGCATGTCCCCTTACCCGGGAATTGACCTGAACCAGGTGTATGAGCTGCTAGAGAAGGACTACCGCATGGAGCGCCCAGAAGGCTGC","76T0C55",2,1,"TCc/AAc","mnv"
1306,"TC","CA",7452,446,446,"S/H","missense_variant","133M","GGCATGTCCCCTTACCCGGGAATTGACCTGCACCAGGTGTATGAGCTGCTAGAGAAGGACTACCGCATGGAGCGCCCAGAAGGCTGCCCAGAGAAGGTCTATGAACTCATGCGAGCATGTTGGCAGTGGAATC","30T0C101",2,1,"TCc/CAc","mnv"
1270,"TCC","AAG",6828,446,446,"S/K","missense_variant","133M","GCATTTGGAGTATTGCTTTGGGAAATTGCTACCTATGGCATGTCCCCTTACCCGGGAATTGACCTGAAGCAGGTGTATGAGCTGCTAGAGAAGGACTACCGCATGGAGCGCCCAGAAGGCTGCCCAGAGAAGG","66T0C0C64",3,1,"TCC/AAG","mnv"
1280,"TCC","CTG",7230,446,446,"S/L","missense_variant","133M","TATTGCTTTGGGAAATTGCTACCTATGGCATGTCCCCTTACCCGGGAATTGACCTGCTGCAGGTGTATGAGCTGCTAGAGAAGGACTACCGCATGGAGCGCCCAGAAGGCTGCCCAGAGAAGGTCTATGAACT","56T0C0C74",3,6,"TCC/CTG","mnv"
1264,"TCC","CTG",6513,446,446,"S/L","missense_variant","133M","GTCTGGGCATTTGGAGTATTGCTTTGGGAAATTGCTACCTATGGCATGTCCCCTTACCCGGGAATTGACCTGCTGCAGGTGTATGAGCTGCTAGAGAAGGACTACCGCATGGAGCGCCCAGAAGGCTGCCCAG","72T0C0C58",3,6,"TCC/CTG","mnv"
1291,"TCC","CTG",7355,446,446,"S/L","missense_variant","133M","GAAATTGCTACCTATGGCATGTCCCCTTACCCGGGAATTGACCTGCTGCAGGTGTATGAGCTGCTAGAGAAGGACTACCGCATGGAGCGCCCAGAAGGCTGCCCAGAGAAGGTCTATGAACTCATGCGAGCAT","45T0C0C85",3,6,"TCC/CTG","mnv"
1240,"TCC","CTG",5804,446,446,"S/L","missense_variant","133M","AACAAGTTCTCCATCAAGTCCGACGTCTGGGCATTTGGAGTATTGCTTTGGGAAATTGCTACCTATGGCATGTCCCCTTACCCGGGAATTGACCTGCTGCAGGTGTATGAGCTGCTAGAGAAGGACTACCGCA","96T0C0C34",3,6,"TCC/CTG","mnv"
1272,"TCC","CTG",6847,446,446,"S/L","missense_variant","133M","ATTTGGAGTATTGCTTTGGGAAATTGCTACCTATGGCATGTCCCCTTACCCGGGAATTGACCTGCTGCAGGTGTATGAGCTGCTAGAGAAGGACTACCGCATGGAGCGCCCAGAAGGCTGCCCAGAGAAGGTC","64T0C0C66",3,6,"TCC/CTG","mnv"
1250,"TCC","CTG",6175,446,446,"S/L","missense_variant","133M","CCATCAAGTCCGACGTCTGGGCATTTGGAGTATTGCTTTGGGAAATTGCTACCTATGGCATGTCCCCTTACCCGGGAATTGACCTGCTGCAGGTGTATGAGCTGCTAGAGAAGGACTACCGCATGGAGCGCCC","86T0C0C44",3,6,"TCC/CTG","mnv"
1328,"CA","AT",7901,447,447,"Q/M","missense_variant","133M","TTGACCTGTCCATGGTGTATGAGCTGCTAGAGAAGGACTACCGCATGGAGCGCCCAGAAGGCTGCCCAGAGAAGGTCTATGAACTCATGCGAGCATGTTGGCAGTGGAATCCCTCTGACCGGCCCTCCTTTGC","11C0A120",2,4,"CAg/ATg","mnv"
1308,"CA","AT",7489,447,447,"Q/M","missense_variant","133M","CATGTCCCCTTACCCGGGAATTGACCTGTCCATGGTGTATGAGCTGCTAGAGAAGGACTACCGCATGGAGCGCCCAGAAGGCTGCCCAGAGAAGGTCTATGAACTCATGCGAGCATGTTGGCAGTGGAATCCC","31C0A100",2,4,"CAg/ATg","mnv"
1270,"CA","AT",6828,447,447,"Q/M","missense_variant","133M","GCATTTGGAGTATTGCTTTGGGAAATTGCTACCTATGGCATGTCCCCTTACCCGGGAATTGACCTGTCCATGGTGTATGAGCTGCTAGAGAAGGACTACCGCATGGAGCGCCCAGAAGGCTGCCCAGAGAAGG","69C0A62",2,4,"CAg/ATg","mnv"
1270,"CA","AT",6828,447,447,"Q/M","missense_variant","133M","GCATTTGGAGTATTGCTTTGGGAAATTGCTACCTATGGCATGTCCCCTTACCCGGGAATTGACCTGTCCATGGTGTATGAGCTGCTAGAGAAGGACTACCGCATGGAGCGCCCAGAAGGCTGCCCAGAGAAGG","69C0A62",2,4,"CAg/ATg","mnv"
1272,"CA","GT",6847,447,447,"Q/V","missense_variant","133M","ATTTGGAGTATTGCTTTGGGAAATTGCTACCTATGGCATGTCCCCTTACCCGGGAATTGACCTGTCCGTGGTGTATGAGCTGCTAGAGAAGGACTACCGCATGGAGCGCCCAGAAGGCTGCCCAGAGAAGGTC","67C0A64",2,15,"CAg/GTg","mnv"
1241,"CA","GT",5779,447,447,"Q/V","missense_variant","133M","ACAAGTTCTCCATCAAGTCCGACGTCTGGGCATTTGGAGTATTGCTTTGGGAAATTGCTACCTATGGCATGTCCCCTTACCCGGGAATTGACCTGTCCGTGGTGTATGAGCTGCTAGAGAAGGACTACCGCAT","98C0A33",2,15,"CAg/GTg","mnv"
1294,"CA","GT",7318,447,447,"Q/V","missense_variant","133M","ATTGCTACCTATGGCATGTCCCCTTACCCGGGAATTGACCTGTCCGTGGTGTATGAGCTGCTAGAGAAGGACTACCGCATGGAGCGCCCAGAAGGCTGCCCAGAGAAGGTCTATGAACTCATGCGAGCATGTT","45C0A86",2,15,"CAg/GTg","mnv"
1234,"CA","GT",5738,447,447,"Q/V","missense_variant","133M","GCCTACAACAAGTTCTCCATCAAGTCCGACGTCTGGGCATTTGGAGTATTGCTTTGGGAAATTGCTACCTATGGCATGTCCCCTTACCCGGGAATTGACCTGTCCGTGGTGTATGAGCTGCTAGAGAAGGACT","105C0A26",2,15,"CAg/GTg","mnv"
1298,"CA","GT",7421,447,447,"Q/V","missense_variant","133M","CTACCTATGGCATGTCCCCTTACCCGGGAATTGACCTGTCCGTGGTGTATGAGCTGCTAGAGAAGGACTACCGCATGGAGCGCCCAGAAGGCTGCCCAGAGAAGGTCTATGAACTCATGCGAGCATGTTGGCA","41C0A90",2,15,"CAg/GTg","mnv"
1258,"CA","GT",6363,447,447,"Q/V","missense_variant","133M","TCCGACGTCTGGGCATTTGGAGTATTGCTTTGGGAAATTGCTACCTATGGCATGTCCCCTTACCCGGGAATTGACCTGTCCGTGGTGTATGAGCTGCTAGAGAAGGACTACCGCATGGAGCGCCCAGAAGGCT","81C0A50",2,15,"CAg/GTg","mnv"
1252,"CA","GT",6218,447,447,"Q/V","missense_variant","133M","ATCAAGTCCGACGTCTGGGCATTTGGAGTATTGCTTTGGGAAATTGCTACCTATGGCATGTCCCCTTACCCGGGAATTGACCTGTCCGTGGTGTATGAGCTGCTAGAGAAGGACTACCGCATGGAGCGCCCAG","87C0A44",2,15,"CAg/GTg","mnv"
1320,"CA","GT",7754,447,447,"Q/V","missense_variant","133M","CCCGGGAATTGACCTGTCCGTGGTGTATGAGCTGCTAGAGAAGGACTACCGCATGGAGCGCCCAGAAGGCTGCCCAGAGAAGGTCTATGAACTCATGCGAGCATGTTGGCAGTGGAATCCCTCTGACCGGCCC","19C0A112",2,15,"CAg/GTg","mnv"
1307,"CA","GT",7468,447,447,"Q/V","missense_variant","133M","GCATGTCCCCTTACCCGGGAATTGACCTGTCCGTGGTGTATGAGCTGCTAGAGAAGGACTACCGCATGGAGCGCCCAGAAGGCTGCCCAGAGAAGGTCTATGAACTCATGCGAGCATGTTGGCAGTGGAATCC","32C0A99",2,15,"CAg/GTg","mnv"
1300,"CA","GT",7430,447,447,"Q/V","missense_variant","133M","ACCTATGGCATGTCCCCTTACCCGGGAATTGACCTGTCCGTGGTGTATGAGCTGCTAGAGAAGGACTACCGCATGGAGCGCCCAGAAGGCTGCCCAGAGAAGGTCTATGAACTCATGCGAGCATGTTGGCAGT","39C0A92",2,15,"CAg/GTg","mnv"
1255,"CA","GT",6257,447,447,"Q/V","missense_variant","133M","AAGTCCGACGTCTGGGCATTTGGAGTATTGCTTTGGGAAATTGCTACCTATGGCATGTCCCCTTACCCGGGAATTGACCTGTCCGTGGTGTATGAGCTGCTAGAGAAGGACTACCGCATGGAGCGCCCAGAAG","84C0A47",2,15,"CAg/GTg","mnv"
1249,"CA","GT",6104,447,447,"Q/V","missense_variant","133M","TCCATCAAGTCCGACGTCTGGGCATTTGGAGTATTGCTTTGGGAAATTGCTACCTATGGCATGTCCCCTTACCCGGGAATTGACCTGTCCGTGGTGTATGAGCTGCTAGAGAAGGACTACCGCATGGAGCGCC","90C0A41",2,15,"CAg/GTg","mnv"
1326,"CA","GT",7832,447,447,"Q/V","missense_variant","133M","AATTGACCTGTCCGTGGTGTATGAGCTGCTAGAGAAGGACTACCGCATGGAGCGCCCAGAAGGCTGCCCAGAGAAGGTCTATGAACTCATGCGAGCATGTTGGCAGTGGAATCCCTCTGACCGGCCCTCCTTT","13C0A118",2,15,"CAg/GTg","mnv"
1237,"CA","GT",5749,447,447,"Q/V","missense_variant","133M","TACAACAAGTTCTCCATCAAGTCCGACGTCTGGGCATTTGGAGTATTGCTTTGGGAAATTGCTACCTATGGCATGTCCCCTTACCCGGGAATTGACCTGTCCGTGGTGTATGAGCTGCTAGAGAAGGACTACC","102C0A29",2,15,"CAg/GTg","mnv"
1306,"CA","GT",7452,447,447,"Q/V","missense_variant","133M","GGCATGTCCCCTTACCCGGGAATTGACCTGTCCGTGGTGTATGAGCTGCTAGAGAAGGACTACCGCATGGAGCGCCCAGAAGGCTGCCCAGAGAAGGTCTATGAACTCATGCGAGCATGTTGGCAGTGGAATC","33C0A98",2,15,"CAg/GTg","mnv"
1307,"CA","TG",7468,447,447,"Q/W","missense_variant","133M","GCATGTCCCCTTACCCGGGAATTGACCTGTCCTGGGTGTATGAGCTGCTAGAGAAGGACTACCGCATGGAGCGCCCAGAAGGCTGCCCAGAGAAGGTCTATGAACTCATGCGAGCATGTTGGCAGTGGAATCC","32C0A99",2,6,"CAg/TGg","mnv"
1240,"CA","TG",5804,447,447,"Q/W","missense_variant","133M","AACAAGTTCTCCATCAAGTCCGACGTCTGGGCATTTGGAGTATTGCTTTGGGAAATTGCTACCTATGGCATGTCCCCTTACCCGGGAATTGACCTGTCCTGGGTGTATGAGCTGCTAGAGAAGGACTACCGCA","99C0A32",2,6,"CAg/TGg","mnv"
1324,"CA","TG",7786,447,447,"Q/W","missense_variant","133M","GGAATTGACCTGTCCTGGGTGTATGAGCTGCTAGAGAAGGACTACCGCATGGAGCGCCCAGAAGGCTGCCCAGAGAAGGTCTATGAACTCATGCGAGCATGTTGGCAGTGGAATCCCTCTGACCGGCCCTCCT","15C0A116",2,6,"CAg/TGg","mnv"
1267,"CA","TG",6645,447,447,"Q/W","missense_variant","133M","TGGGCATTTGGAGTATTGCTTTGGGAAATTGCTACCTATGGCATGTCCCCTTACCCGGGAATTGACCTGTCCTGGGTGTATGAGCTGCTAGAGAAGGACTACCGCATGGAGCGCCCAGAAGGCTGCCCAGAGA","72C0A59",2,6,"CAg/TGg","mnv"
1284,"CA","TG",7129,447,447,"Q/W","missense_variant","133M","GCTTTGGGAAATTGCTACCTATGGCATGTCCCCTTACCCGGGAATTGACCTGTCCTGGGTGTATGAGCTGCTAGAGAAGGACTACCGCATGGAGCGCCCAGAAGGCTGCCCAGAGAAGGTCTATGAACTCATG","55C0A76",2,6,"CAg/TGg","mnv"
1279,"CA","TG",7224,447,447,"Q/W","missense_variant","133M","GTATTGCTTTGGGAAATTGCTACCTATGGCATGTCCCCTTACCCGGGAATTGACCTGTCCTGGGTGTATGAGCTGCTAGAGAAGGACTACCGCATGGAGCGCCCAGAAGGCTGCCCAGAGAAGGTCTATGAAC","60C0A71",2,6,"CAg/TGg","mnv"
1300,"CAG","AGC",7430,447,447,"Q/S","missense_variant","133M","ACCTATGGCATGTCCCCTTACCCGGGAATTGACCTGTCCAGCGTGTATGAGCTGCTAGAGAAGGACTACCGCATGGAGCGCCCAGAAGGCTGCCCAGAGAAGGTCTATGAACTCATGCGAGCATGTTGGCAGT","39C0A0G91",3,2,"CAG/AGC","mnv"
1279,"CAG","AGC",7224,447,447,"Q/S","missense_variant","133M","GTATTGCTTTGGGAAATTGCTACCTATGGCATGTCCCCTTACCCGGGAATTGACCTGTCCAGCGTGTATGAGCTGCTAGAGAAGGACTACCGCATGGAGCGCCCAGAAGGCTGCCCAGAGAAGGTCTATGAAC","60C0A0G70",3,2,"CAG/AGC","mnv"
1217,"CAG","ATC",5599,447,447,"Q/I","missense_variant","133M","CTGCACCCGAGAGCCTGGCCTACAACAAGTTCTCCATCAAGTCCGACGTCTGGGCATTTGGAGTATTGCTTTGGGAAATTGCTACCTATGGCATGTCCCCTTACCCGGGAATTGACCTGTCCATCGTGTATGA","122C0A0G8",3,1,"CAG/ATC","mnv"
1294,"CAG","GAT",7318,447,447,"Q/D","missense_variant","133M","ATTGCTACCTATGGCATGTCCCCTTACCCGGGAATTGACCTGTCCGATGTGTATGAGCTGCTAGAGAAGGACTACCGCATGGAGCGCCCAGAAGGCTGCCCAGAGAAGGTCTATGAACTCATGCGAGCATGTT","45C1G85",2,6,"CAG/GAT","mnv"
1247,"CAG","GAT",6036,447,447,"Q/D","missense_variant","133M","TCTCCATCAAGTCCGACGTCTGGGCATTTGGAGTATTGCTTTGGGAAATTGCTACCTATGGCATGTCCCCTTACCCGGGAATTGACCTGTCCGATGTGTATGAGCTGCTAGAGAAGGACTACCGCATGGAGCG","92C1G38",2,6,"CAG/GAT","mnv"
1312,"CAG","GAT",7548,447,447,"Q/D","missense_variant","133M","TCCCCTTACCCGGGAATTGACCTGTCCGATGTGTATGAGCTGCTAGAGAAGGACTACCGCATGGAGCGCCCAGAAGGCTGCCCAGAGAAGGTCTATGAACTCATGCGAGCATGTTGGCAGTGGAATCCCTCTG","27C1G103",2,6,"CAG/GAT","mnv"
1333,"CAG","GAT",8004,447,447,"Q/D","missense_variant","133M","CTGTCCGATGTGTATGAGCTGCTAGAGAAGGACTACCGCATGGAGCGCCCAGAAGGCTGCCCAGAGAAGGTCTATGAACTCATGCGAGCATGTTGGCAGTGGAATCCCTCTGACCGGCCCTCCTTTGCTGAAA","6C1G124",2,6,"CAG/GAT","mnv"
1245,"CAG","GAT",5893,447,447,"Q/D","missense_variant","133M","GTTCTCCATCAAGTCCGACGTCTGGGCATTTGGAGTATTGCTTTGGGAAATTGCTACCTATGGCATGTCCCCTTACCCGGGAATTGACCTGTCCGATGTGTATGAGCTGCTAGAGAAGGACTACCGCATGGAG","94C1G36",2,6,"CAG/GAT","mnv"
1305,"CAG","GAT",7441,447,447,"Q/D","missense_variant","133M","TGGCATGTCCCCTTACCCGGGAATTGACCTGTCCGATGTGTATGAGCTGCTAGAGAAGGACTACCGCATGGAGCGCCCAGAAGGCTGCCCAGAGAAGGTCTATGAACTCATGCGAGCATGTTGGCAGTGGAAT","34C1G96",2,6,"CAG/GAT","mnv"
1312,"CAG","TAC",7548,447,447,"Q/Y","missense_variant","133M","TCCCCTTACCCGGGAATTGACCTGTCCTACGTGTATGAGCTGCTAGAGAAGGACTACCGCATGGAGCGCCCAGAAGGCTGCCCAGAGAAGGTCTATGAACTCATGCGAGCATGTTGGCAGTGGAATCCCTCTG","27C1G103",2,9,"CAG/TAC","mnv"
1251,"CAG","TAC",6206,447,447,"Q/Y","missense_variant","133M","CATCAAGTCCGACGTCTGGGCATTTGGAGTATTGCTTTGGGAAATTGCTACCTATGGCATGTCCCCTTACCCGGGAATTGACCTGTCCTACGTGTATGAGCTGCTAGAGAAGGACTACCGCATGGAGCGCCCA","88C1G42",2,9,"CAG/TAC","mnv"
1217,"CAG","TAC",5599,447,447,"Q/Y","missense_variant","133M","CTGCACCCGAGAGCCTGGCCTACAACAAGTTCTCCATCAAGTCCGACGTCTGGGCATTTGGAGTATTGCTTTGGGAAATTGCTACCTATGGCATGTCCCCTTACCCGGGAATTGACCTGTCCTACGTGTATGA","122C1G8",2,9,"CAG/TAC","mnv"
1325,"CAG","TAC",7798,447,447,"Q/Y","missense_variant","133M","GAATTGACCTGTCCTACGTGTATGAGCTGCTAGAGAAGGACTACCGCATGGAGCGCCCAGAAGGCTGCCCAGAGAAGGTCTATGAACTCATGCGAGCATGTTGGCAGTGGAATCCCTCTGACCGGCCCTCCTT","14C1G116",2,9,"CAG/TAC","mnv"
1213,"CAG","TAC",5533,447,447,"Q/Y","missense_variant","133M","TGGACTGCACCCGAGAGCCTGGCCTACAACAAGTTCTCCATCAAGTCCGACGTCTGGGCATTTGGAGTATTGCTTTGGGAAATTGCTACCTATGGCATGTCCCCTTACCCGGGAATTGACCTGTCCTACGTGT","126C1G4",2,9,"CAG/TAC","mnv"
1277,"CAG","TAC",7059,447,447,"Q/Y","missense_variant","133M","GAGTATTGCTTTGGGAAATTGCTACCTATGGCATGTCCCCTTACCCGGGAATTGACCTGTCCTACGTGTATGAGCTGCTAGAGAAGGACTACCGCATGGAGCGCCCAGAAGGCTGCCCAGAGAAGGTCTATGA","62C1G68",2,9,"CAG/TAC","mnv"
1300,"CAG","TAC",7430,447,447,"Q/Y","missense_variant","133M","ACCTATGGCATGTCCCCTTACCCGGGAATTGACCTGTCCTACGTGTATGAGCTGCTAGAGAAGGACTACCGCATGGAGCGCCCAGAAGGCTGCCCAGAGAAGGTCTATGAACTCATGCGAGCATGTTGGCAGT","39C1G91",2,9,"CAG/TAC","mnv"
1329,"CAG","TAC",7903,447,447,"Q/Y","missense_variant","133M","TGACCTGTCCTACGTGTATGAGCTGCTAGAGAAGGACTACCGCATGGAGCGCCCAGAAGGCTGCCCAGAGAAGGTCTATGAACTCATGCGAGCATGTTGGCAGTGGAATCCCTCTGACCGGCCCTCCTTTGCT","10C1G120",2,9,"CAG/TAC","mnv"
1319,"CAG","TAC",7728,447,447,"Q/Y","missense_variant","133M","ACCCGGGAATTGACCTGTCCTACGTGTATGAGCTGCTAGAGAAGGACTACCGCATGGAGCGCCCAGAAGGCTGCCCAGAGAAGGTCTATGAACTCATGCGAGCATGTTGGCAGTGGAATCCCTCTGACCGGCC","20C1G110",2,9,"CAG/TAC","mnv"
1280,"CAG","TGC",7230,447,447,"Q/C","missense_variant","133M","TATTGCTTTGGGAAATTGCTACCTATGGCATGTCCCCTTACCCGGGAATTGACCTGTCCTGCGTGTATGAGCTGCTAGAGAAGGACTACCGCATGGAGCGCCCAGAAGGCTGCCCAGAGAAGGTCTATGAACT","59C0A0G71",3,2,"CAG/TGC","mnv"
1257,"CAG","TGC",6312,447,447,"Q/C","missense_variant","133M","GTCCGACGTCTGGGCATTTGGAGTATTGCTTTGGGAAATTGCTACCTATGGCATGTCCCCTTACCCGGGAATTGACCTGTCCTGCGTGTATGAGCTGCTAGAGAAGGACTACCGCATGGAGCGCCCAGAAGGC","82C0A0G48",3,2,"CAG/TGC","mnv"
1250,"CAG","TTC",6175,447,447,"Q/F","missense_variant","133M","CCATCAAGTCCGACGTCTGGGCATTTGGAGTATTGCTTTGGGAAATTGCTACCTATGGCATGTCCCCTTACCCGGGAATTGACCTGTCCTTCGTGTATGAGCTGCTAGAGAAGGACTACCGCATGGAGCGCCC","89C0A0G41",3,5,"CAG/TTC","mnv"
1275,"CAG","TTC",6946,447,447,"Q/F","missense_variant","133M","TGGAGTATTGCTTTGGGAAATTGCTACCTATGGCATGTCCCCTTACCCGGGAATTGACCTGTCCTTCGTGTATGAGCTGCTAGAGAAGGACTACCGCATGGAGCGCCCAGAAGGCTGCCCAGAGAAGGTCTAT","64C0A0G66",3,5,"CAG/TTC","mnv"
1307,"CAG","TTC",7468,447,447,"Q/F","missense_variant","133M","GCATGTCCCCTTACCCGGGAATTGACCTGTCCTTCGTGTATGAGCTGCTAGAGAAGGACTACCGCATGGAGCGCCCAGAAGGCTGCCCAGAGAAGGTCTATGAACTCATGCGAGCATGTTGGCAGTGGAATCC","32C0A0G98",3,5,"CAG/TTC","mnv"
1274,"CAG","TTC",6897,447,447,"Q/F","missense_variant","133M","TTGGAGTATTGCTTTGGGAAATTGCTACCTATGGCATGTCCCCTTACCCGGGAATTGACCTGTCCTTCGTGTATGAGCTGCTAGAGAAGGACTACCGCATGGAGCGCCCAGAAGGCTGCCCAGAGAAGGTCTA","65C0A0G65",3,5,"CAG/TTC","mnv"
1285,"CAG","TTC",7193,447,447,"Q/F","missense_variant","133M","CTTTGGGAAATTGCTACCTATGGCATGTCCCCTTACCCGGGAATTGACCTGTCCTTCGTGTATGAGCTGCTAGAGAAGGACTACCGCATGGAGCGCCCAGAAGGCTGCCCAGAGAAGGTCTATGAACTCATGC","54C0A0G76",3,5,"CAG/TTC","mnv"
1306,"GTG","TTC",7452,448,448,"V/F","missense_variant","133M","GGCATGTCCCCTTACCCGGGAATTGACCTGTCCCAGTTCTATGAGCTGCTAGAGAAGGACTACCGCATGGAGCGCCCAGAAGGCTGCCCAGAGAAGGTCTATGAACTCATGCGAGCATGTTGGCAGTGGAATC","36G1G94",2,2,"GTG/TTC","mnv"
1291,"GTG","TTC",7355,448,448,"V/F","missense_variant","133M","GAAATTGCTACCTATGGCATGTCCCCTTACCCGGGAATTGACCTGTCCCAGTTCTATGAGCTGCTAGAGAAGGACTACCGCATGGAGCGCCCAGAAGGCTGCCCAGAGAAGGTCTATGAACTCATGCGAGCAT","51G1G79",2,2,"GTG/TTC","mnv"
1251,"GA","AT",6206,450,450,"E/M","missense_variant","133M","CATCAAGTCCGACGTCTGGGCATTTGGAGTATTGCTTTGGGAAATTGCTACCTATGGCATGTCCCCTTACCCGGGAATTGACCTGTCCCAGGTGTATATGCTGCTAGAGAAGGACTACCGCATGGAGCGCCCA","97G0A34",2,8,"GAg/ATg","mnv"
1328,"GA","AT",7901,450,450,"E/M","missense_variant","133M","TTGACCTGTCCCAGGTGTATATGCTGCTAGAGAAGGACTACCGCATGGAGCGCCCAGAAGGCTGCCCAGAGAAGGTCTATGAACTCATGCGAGCATGTTGGCAGTGGAATCCCTCTGACCGGCCCTCCTTTGC","20G0A111",2,8,"GAg/ATg","mnv"
1247,"GA","AT",6036,450,450,"E/M","missense_variant","133M","TCTCCATCAAGTCCGACGTCTGGGCATTTGGAGTATTGCTTTGGGAAATTGCTACCTATGGCATGTCCCCTTACCCGGGAATTGACCTGTCCCAGGTGTATATGCTGCTAGAGAAGGACTACCGCATGGAGCG","101G0A30",2,8,"GAg/ATg","mnv"
1329,"GA","AT",7903,450,450,"E/M","missense_variant","133M","TGACCTGTCCCAGGTGTATATGCTGCTAGAGAAGGACTACCGCATGGAGCGCCCAGAAGGCTGCCCAGAGAAGGTCTATGAACTCATGCGAGCATGTTGGCAGTGGAATCCCTCTGACCGGCCCTCCTTTGCT","19G0A112",2,8,"GAg/ATg","mnv"
1308,"GA","AT",7489,450,450,"E/M","missense_variant","133M","CATGTCCCCTTACCCGGGAATTGACCTGTCCCAGGTGTATATGCTGCTAGAGAAGGACTACCGCATGGAGCGCCCAGAAGGCTGCCCAGAGAAGGTCTATGAACTCATGCGAGCATGTTGGCAGTGGAATCCC","40G0A91",2,8,"GAg/ATg","mnv"
1232,"GA","AT",5689,450,450,"E/M","missense_variant","133M","TGGCCTACAACAAGTTCTCCATCAAGTCCGACGTCTGGGCATTTGGAGTATTGCTTTGGGAAATTGCTACCTATGGCATGTCCCCTTACCCGGGAATTGACCTGTCCCAGGTGTATATGCTGCTAGAGAAGGA","116G0A15",2,8,"GAg/ATg","mnv"
1283,"GA","AT",7126,450,450,"E/M","missense_variant","132M","TGCTTTGGGAAATTGCTACCTATGGCATGTCCCCTTACCCGGGAATTGACCTGTCCCAGGTGTATATGCTGCTAGAGAAGGACTACCGCATGGAGCGCCCAGAAGGCTGCCCAGAGAAGGTCTATGAACTCA","65G0A65",2,8,"GAg/ATg","mnv"
1334,"GA","AT",7962,450,450,"E/M","missense_variant","133M","TGTCCCAGGTGTATATGCTGCTAGAGAAGGACTACCGCATGGAGCGCCCAGAAGGCTGCCCAGAGAAGGTCTATGAACTCATGCGAGCATGTTGGCAGTGGAATCCCTCTGACCGGCCCTCCTTTGCTGAAAT","14G0A117",2,8,"GAg/ATg","mnv"
1303,"CTG","AGA",7434,451,451,"L/R","missense_variant","133M","TATGGCATGTCCCCTTACCCGGGAATTGACCTGTCCCAGGTGTATGAGAGACTAGAGAAGGACTACCGCATGGAGCGCCCAGAAGGCTGCCCAGAGAAGGTCTATGAACTCATGCGAGCATGTTGGCAGTGGA","48C0T0G82",3,1,"CTG/AGA","mnv"
1313,"TAC","AGA",7556,456,456,"Y/R","missense_variant","132M","CCCCTTACCCGGGAATTGACCTGTCCCAGGTGTATGAGCTGCTAGAGAAGGACAGACGCATGGAGCGCCCAGAAGGCTGCCCAGAGAAGGTCTATGAACTCATGCGAGCATGTTGGCAGTGGAATCCCTCTG","53T0A0C76",3,12,"TAC/AGA","mnv"
1297,"TAC","AGA",7412,456,456,"Y/R","missense_variant","133M","GCTACCTATGGCATGTCCCCTTACCCGGGAATTGACCTGTCCCAGGTGTATGAGCTGCTAGAGAAGGACAGACGCATGGAGCGCCCAGAAGGCTGCCCAGAGAAGGTCTATGAACTCATGCGAGCATGTTGGC","69T0A0C61",3,12,"TAC/AGA","mnv"
1320,"TAC","AGA",7754,456,456,"Y/R","missense_variant","133M","CCCGGGAATTGACCTGTCCCAGGTGTATGAGCTGCTAGAGAAGGACAGACGCATGGAGCGCCCAGAAGGCTGCCCAGAGAAGGTCTATGAACTCATGCGAGCATGTTGGCAGTGGAATCCCTCTGACCGGCCC","46T0A0C84",3,12,"TAC/AGA","mnv"
1279,"TAC","AGA",7224,456,456,"Y/R","missense_variant","133M","GTATTGCTTTGGGAAATTGCTACCTATGGCATGTCCCCTTACCCGGGAATTGACCTGTCCCAGGTGTATGAGCTGCTAGAGAAGGACAGACGCATGGAGCGCCCAGAAGGCTGCCCAGAGAAGGTCTATGAAC","87T0A0C43",3,12,"TAC/AGA","mnv"
1305,"TAC","AGA",7441,456,456,"Y/R","missense_variant","133M","TGGCATGTCCCCTTACCCGGGAATTGACCTGTCCCAGGTGTATGAGCTGCTAGAGAAGGACAGACGCATGGAGCGCCCAGAAGGCTGCCCAGAGAAGGTCTATGAACTCATGCGAGCATGTTGGCAGTGGAAT","61T0A0C69",3,12,"TAC/AGA","mnv"
1317,"TAC","AGA",7634,456,456,"Y/R","missense_variant","133M","TTACCCGGGAATTGACCTGTCCCAGGTGTATGAGCTGCTAGAGAAGGACAGACGCATGGAGCGCCCAGAAGGCTGCCCAGAGAAGGTCTATGAACTCATGCGAGCATGTTGGCAGTGGAATCCCTCTGACCGG","49T0A0C81",3,12,"TAC/AGA","mnv"
1304,"TAC","AGA",7441,456,456,"Y/R","missense_variant","133M","ATGGCATGTCCCCTTACCCGGGAATTGACCTGTCCCAGGTGTATGAGCTGCTAGAGAAGGACAGACGCATGGAGCGCCCAGAAGGCTGCCCAGAGAAGGTCTATGAACTCATGCGAGCATGTTGGCAGTGGAA","62T0A0C68",3,12,"TAC/AGA","mnv"
1270,"TAC","AGA",6828,456,456,"Y/R","missense_variant","133M","GCATTTGGAGTATTGCTTTGGGAAATTGCTACCTATGGCATGTCCCCTTACCCGGGAATTGACCTGTCCCAGGTGTATGAGCTGCTAGAGAAGGACAGACGCATGGAGCGCCCAGAAGGCTGCCCAGAGAAGG","96T0A0C34",3,12,"TAC/AGA","mnv"
1274,"TAC","AGA",6897,456,456,"Y/R","missense_variant","133M","TTGGAGTATTGCTTTGGGAAATTGCTACCTATGGCATGTCCCCTTACCCGGGAATTGACCTGTCCCAGGTGTATGAGCTGCTAGAGAAGGACAGACGCATGGAGCGCCCAGAAGGCTGCCCAGAGAAGGTCTA","92T0A0C38",3,12,"TAC/AGA","mnv"
1330,"TAC","AGA",7878,456,456,"Y/R","missense_variant","133M","GACCTGTCCCAGGTGTATGAGCTGCTAGAGAAGGACAGACGCATGGAGCGCCCAGAAGGCTGCCCAGAGAAGGTCTATGAACTCATGCGAGCATGTTGGCAGTGGAATCCCTCTGACCGGCCCTCCTTTGCTG","36T0A0C94",3,12,"TAC/AGA","mnv"
1300,"TAC","AGA",7430,456,456,"Y/R","missense_variant","133M","ACCTATGGCATGTCCCCTTACCCGGGAATTGACCTGTCCCAGGTGTATGAGCTGCTAGAGAAGGACAGACGCATGGAGCGCCCAGAAGGCTGCCCAGAGAAGGTCTATGAACTCATGCGAGCATGTTGGCAGT","66T0A0C64",3,12,"TAC/AGA","mnv"
1294,"TAC","AGA",7318,456,456,"Y/R","missense_variant","133M","ATTGCTACCTATGGCATGTCCCCTTACCCGGGAATTGACCTGTCCCAGGTGTATGAGCTGCTAGAGAAGGACAGACGCATGGAGCGCCCAGAAGGCTGCCCAGAGAAGGTCTATGAACTCATGCGAGCATGTT","72T0A0C58",3,12,"TAC/AGA","mnv"
1297,"CGC","GTG",7412,457,457,"R/V","missense_variant","133M","GCTACCTATGGCATGTCCCCTTACCCGGGAATTGACCTGTCCCAGGTGTATGAGCTGCTAGAGAAGGACTACGTGATGGAGCGCCCAGAAGGCTGCCCAGAGAAGGTCTATGAACTCATGCGAGCATGTTGGC","72C0G0C58",3,1,"CGC/GTG","mnv"
1312,"ATG","TGC",7548,458,458,"M/C","missense_variant","133M","TCCCCTTACCCGGGAATTGACCTGTCCCAGGTGTATGAGCTGCTAGAGAAGGACTACCGCTGCGAGCGCCCAGAAGGCTGCCCAGAGAAGGTCTATGAACTCATGCGAGCATGTTGGCAGTGGAATCCCTCTG","60A0T0G70",3,1,"ATG/TGC","mnv"
1266,"GA","AT",6628,459,459,"E/M","missense_variant","133M","CTGGGCATTTGGAGTATTGCTTTGGGAAATTGCTACCTATGGCATGTCCCCTTACCCGGGAATTGACCTGTCCCAGGTGTATGAGCTGCTAGAGAAGGACTACCGCATGATGCGCCCAGAAGGCTGCCCAGAG","109G0A22",2,1,"GAg/ATg","mnv"
1370,"GA","CT",8055,459,459,"E/L","missense_variant","133M","GCATGCTGCGCCCAGAAGGCTGCCCAGAGAAGGTCTATGAACTCATGCGAGCATGTTGGCAGTGGAATCCCTCTGACCGGCCCTCCTTTGCTGAAATCCACCAAGCCTTTGAAACAATGTTCCAGGAATCCAG","5G0A126",2,1,"GAg/CTg","mnv"
1367,"GAG","ATC",8017,459,459,"E/I","missense_variant","133M","ACCGCATGATCCGCCCAGAAGGCTGCCCAGAGAAGGTCTATGAACTCATGCGAGCATGTTGGCAGTGGAATCCCTCTGACCGGCCCTCCTTTGCTGAAATCCACCAAGCCTTTGAAACAATGTTCCAGGAATC","8G0A0G122",3,5,"GAG/ATC","mnv"
1319,"GAG","ATC",7728,459,459,"E/I","missense_variant","133M","ACCCGGGAATTGACCTGTCCCAGGTGTATGAGCTGCTAGAGAAGGACTACCGCATGATCCGCCCAGAAGGCTGCCCAGAGAAGGTCTATGAACTCATGCGAGCATGTTGGCAGTGGAATCCCTCTGACCGGCC","56G0A0G74",3,5,"GAG/ATC","mnv"
1316,"GAG","ATC",7574,459,459,"E/I","missense_variant","133M","CTTACCCGGGAATTGACCTGTCCCAGGTGTATGAGCTGCTAGAGAAGGACTACCGCATGATCCGCCCAGAAGGCTGCCCAGAGAAGGTCTATGAACTCATGCGAGCATGTTGGCAGTGGAATCCCTCTGACCG","59G0A0G71",3,5,"GAG/ATC","mnv"
1319,"GAG","ATC",7728,459,459,"E/I","missense_variant","133M","ACCCGGGAATTGACCTGTCCCAGGTGTATGAGCTGCTAGAGAAGGACTACCGCATGATCCGCCCAGAAGGCTGCCCAGAGAAGGTCTATGAACTCATGCGAGCATGTTGGCAGTGGAATCCCTCTGACCGGCC","56G0A0G74",3,5,"GAG/ATC","mnv"
1301,"GAG","ATC",7481,459,459,"E/I","missense_variant","133M","CCTATGGCATGTCCCCTTACCCGGGAATTGACCTGTCCCAGGTGTATGAGCTGCTAGAGAAGGACTACCGCATGATCCGCCCAGAAGGCTGCCCAGAGAAGGTCTATGAACTCATGCGAGCATGTTGGCAGTG","74G0A0G56",3,5,"GAG/ATC","mnv"
1282,"GAG","TAC",7165,459,459,"E/Y","missense_variant","133M","TTGCTTTGGGAAATTGCTACCTATGGCATGTCCCCTTACCCGGGAATTGACCTGTCCCAGGTGTATGAGCTGCTAGAGAAGGACTACCGCATGTACCGCCCAGAAGGCTGCCCAGAGAAGGTCTATGAACTCA","93G1G37",2,6,"GAG/TAC","mnv"
1327,"GAG","TAC",7875,459,459,"E/Y","missense_variant","133M","ATTGACCTGTCCCAGGTGTATGAGCTGCTAGAGAAGGACTACCGCATGTACCGCCCAGAAGGCTGCCCAGAGAAGGTCTATGAACTCATGCGAGCATGTTGGCAGTGGAATCCCTCTGACCGGCCCTCCTTTG","48G1G82",2,6,"GAG/TAC","mnv"
1369,"GAG","TAC",8028,459,459,"E/Y","missense_variant","133M","CGCATGTACCGCCCAGAAGGCTGCCCAGAGAAGGTCTATGAACTCATGCGAGCATGTTGGCAGTGGAATCCCTCTGACCGGCCCTCCTTTGCTGAAATCCACCAAGCCTTTGAAACAATGTTCCAGGAATCCA","6G1G124",2,6,"GAG/TAC","mnv"
1319,"GAG","TAC",7728,459,459,"E/Y","missense_variant","133M","ACCCGGGAATTGACCTGTCCCAGGTGTATGAGCTGCTAGAGAAGGACTACCGCATGTACCGCCCAGAAGGCTGCCCAGAGAAGGTCTATGAACTCATGCGAGCATGTTGGCAGTGGAATCCCTCTGACCGGCC","56G1G74",2,6,"GAG/TAC","mnv"
1264,"GAG","TAC",6513,459,459,"E/Y","missense_variant","133M","GTCTGGGCATTTGGAGTATTGCTTTGGGAAATTGCTACCTATGGCATGTCCCCTTACCCGGGAATTGACCTGTCCCAGGTGTATGAGCTGCTAGAGAAGGACTACCGCATGTACCGCCCAGAAGGCTGCCCAG","111G1G19",2,6,"GAG/TAC","mnv"
1302,"GAG","TAC",7464,459,459,"E/Y","missense_variant","133M","CTATGGCATGTCCCCTTACCCGGGAATTGACCTGTCCCAGGTGTATGAGCTGCTAGAGAAGGACTACCGCATGTACCGCCCAGAAGGCTGCCCAGAGAAGGTCTATGAACTCATGCGAGCATGTTGGCAGTGG","73G1G57",2,6,"GAG/TAC","mnv"
1301,"CGC","GTG",7481,460,460,"R/V","missense_variant","133M","CCTATGGCATGTCCCCTTACCCGGGAATTGACCTGTCCCAGGTGTATGAGCTGCTAGAGAAGGACTACCGCATGGAGGTGCCAGAAGGCTGCCCAGAGAAGGTCTATGAACTCATGCGAGCATGTTGGCAGTG","77C0G0C53",3,2,"CGC/GTG","mnv"
1256,"CGC","GTG",6284,460,460,"R/V","missense_variant","133M","AGTCCGACGTCTGGGCATTTGGAGTATTGCTTTGGGAAATTGCTACCTATGGCATGTCCCCTTACCCGGGAATTGACCTGTCCCAGGTGTATGAGCTGCTAGAGAAGGACTACCGCATGGAGGTGCCAGAAGG","122C0G0C8",3,2,"CGC/GTG","mnv"
1315,"CGC","TGG",7555,460,460,"R/W","missense_variant","133M","CCTTACCCGGGAATTGACCTGTCCCAGGTGTATGAGCTGCTAGAGAAGGACTACCGCATGGAGTGGCCAGAAGGCTGCCCAGAGAAGGTCTATGAACTCATGCGAGCATGTTGGCAGTGGAATCCCTCTGACC","63C1C67",2,8,"CGC/TGG","mnv"
1318,"CGC","TGG",7675,460,460,"R/W","missense_variant","133M","TACCCGGGAATTGACCTGTCCCAGGTGTATGAGCTGCTAGAGAAGGACTACCGCATGGAGTGGCCAGAAGGCTGCCCAGAGAAGGTCTATGAACTCATGCGAGCATGTTGGCAGTGGAATCCCTCTGACCGGC","60C1C70",2,8,"CGC/TGG","mnv"
1288,"CGC","TGG",7276,460,460,"R/W","missense_variant","133M","TGGGAAATTGCTACCTATGGCATGTCCCCTTACCCGGGAATTGACCTGTCCCAGGTGTATGAGCTGCTAGAGAAGGACTACCGCATGGAGTGGCCAGAAGGCTGCCCAGAGAAGGTCTATGAACTCATGCGAG","90C1C40",2,8,"CGC/TGG","mnv"
1372,"CGC","TGG",8037,460,460,"R/W","missense_variant","133M","ATGGAGTGGCCAGAAGGCTGCCCAGAGAAGGTCTATGAACTCATGCGAGCATGTTGGCAGTGGAATCCCTCTGACCGGCCCTCCTTTGCTGAAATCCACCAAGCCTTTGAAACAATGTTCCAGGAATCCAGTA","6C1C124",2,8,"CGC/TGG","mnv"
1332,"CGC","TGG",7975,460,460,"R/W","missense_variant","133M","CCTGTCCCAGGTGTATGAGCTGCTAGAGAAGGACTACCGCATGGAGTGGCCAGAAGGCTGCCCAGAGAAGGTCTATGAACTCATGCGAGCATGTTGGCAGTGGAATCCCTCTGACCGGCCCTCCTTTGCTGAA","46C1C84",2,8,"CGC/TGG","mnv"
1345,"CGC","TGG",8031,460,460,"R/W","missense_variant","133M","TATGAGCTGCTAGAGAAGGACTACCGCATGGAGTGGCCAGAAGGCTGCCCAGAGAAGGTCTATGAACTCATGCGAGCATGTTGGCAGTGGAATCCCTCTGACCGGCCCTCCTTTGCTGAAATCCACCAAGCCT","33C1C97",2,8,"CGC/TGG","mnv"
1329,"CGC","TGG",7903,460,460,"R/W","missense_variant","133M","TGACCTGTCCCAGGTGTATGAGCTGCTAGAGAAGGACTACCGCATGGAGTGGCCAGAAGGCTGCCCAGAGAAGGTCTATGAACTCATGCGAGCATGTTGGCAGTGGAATCCCTCTGACCGGCCCTCCTTTGCT","49C1C81",2,8,"CGC/TGG","mnv"
1298,"CGC","TGG",7421,460,460,"R/W","missense_variant","133M","CTACCTATGGCATGTCCCCTTACCCGGGAATTGACCTGTCCCAGGTGTATGAGCTGCTAGAGAAGGACTACCGCATGGAGTGGCCAGAAGGCTGCCCAGAGAAGGTCTATGAACTCATGCGAGCATGTTGGCA","80C1C50",2,8,"CGC/TGG","mnv"
1332,"CCA","TAC",7975,461,461,"P/Y","missense_variant","133M","CCTGTCCCAGGTGTATGAGCTGCTAGAGAAGGACTACCGCATGGAGCGCTACGAAGGCTGCCCAGAGAAGGTCTATGAACTCATGCGAGCATGTTGGCAGTGGAATCCCTCTGACCGGCCCTCCTTTGCTGAA","49C0C0A81",3,1,"CCA/TAC","mnv"
1375,"GAA","ATC",8005,462,462,"E/I","missense_variant","133M","GAGCGCCCAATCGGCTGCCCAGAGAAGGTCTATGAACTCATGCGAGCATGTTGGCAGTGGAATCCCTCTGACCGGCCCTCCTTTGCTGAAATCCACCAAGCCTTTGAAACAATGTTCCAGGAATCCAGTATCT","9G0A0A121",3,4,"GAA/ATC","mnv"
1313,"GAA","ATC",7556,462,462,"E/I","missense_variant","133M","CCCCTTACCCGGGAATTGACCTGTCCCAGGTGTATGAGCTGCTAGAGAAGGACTACCGCATGGAGCGCCCAATCGGCTGCCCAGAGAAGGTCTATGAACTCATGCGAGCATGTTGGCAGTGGAATCCCTCTGA","71G0A0A59",3,4,"GAA/ATC","mnv"
1324,"GAA","ATC",7786,462,462,"E/I","missense_variant","133M","GGAATTGACCTGTCCCAGGTGTATGAGCTGCTAGAGAAGGACTACCGCATGGAGCGCCCAATCGGCTGCCCAGAGAAGGTCTATGAACTCATGCGAGCATGTTGGCAGTGGAATCCCTCTGACCGGCCCTCCT","60G0A0A70",3,4,"GAA/ATC","mnv"
1336,"GAA","ATC",7945,462,462,"E/I","missense_variant","133M","TCCCAGGTGTATGAGCTGCTAGAGAAGGACTACCGCATGGAGCGCCCAATCGGCTGCCCAGAGAAGGTCTATGAACTCATGCGAGCATGTTGGCAGTGGAATCCCTCTGACCGGCCCTCCTTTGCTGAAATCC","48G0A0A82",3,4,"GAA/ATC","mnv"
1289,"GG","AT",7300,463,463,"G/I","missense_variant","133M","GGGAAATTGCTACCTATGGCATGTCCCCTTACCCGGGAATTGACCTGTCCCAGGTGTATGAGCTGCTAGAGAAGGACTACCGCATGGAGCGCCCAGAAATCTGCCCAGAGAAGGTCTATGAACTCATGCGAGC","98G0G33",2,4,"GGc/ATc","mnv"
1347,"GG","AT",8014,463,463,"G/I","missense_variant","133M","TGAGCTGCTAGAGAAGGACTACCGCATGGAGCGCCCAGAAATCTGCCCAGAGAAGGTCTATGAACTCATGCGAGCATGTTGGCAGTGGAATCCCTCTGACCGGCCCTCCTTTGCTGAAATCCACCAAGCCTTT","40G0G91",2,4,"GGc/ATc","mnv"
1264,"GG","AT",6513,463,463,"G/I","missense_variant","133M","GTCTGGGCATTTGGAGTATTGCTTTGGGAAATTGCTACCTATGGCATGTCCCCTTACCCGGGAATTGACCTGTCCCAGGTGTATGAGCTGCTAGAGAAGGACTACCGCATGGAGCGCCCAGAAATCTGCCCAG","123G0G8",2,4,"GGc/ATc","mnv"
1300,"GG","AT",7430,463,463,"G/I","missense_variant","133M","ACCTATGGCATGTCCCCTTACCCGGGAATTGACCTGTCCCAGGTGTATGAGCTGCTAGAGAAGGACTACCGCATGGAGCGCCCAGAAATCTGCCCAGAGAAGGTCTATGAACTCATGCGAGCATGTTGGCAGT","87G0G44",2,4,"GGc/ATc","mnv"
1312,"GG","TA",7548,463,463,"G/Y","missense_variant","133M","TCCCCTTACCCGGGAATTGACCTGTCCCAGGTGTATGAGCTGCTAGAGAAGGACTACCGCATGGAGCGCCCAGAATACTGCCCAGAGAAGGTCTATGAACTCATGCGAGCATGTTGGCAGTGGAATCCCTCTG","75G0G56",2,1,"GGc/TAc","mnv"
1324,"GGC","AAG",7786,463,463,"G/K","missense_variant","133M","GGAATTGACCTGTCCCAGGTGTATGAGCTGCTAGAGAAGGACTACCGCATGGAGCGCCCAGAAAAGTGCCCAGAGAAGGTCTATGAACTCATGCGAGCATGTTGGCAGTGGAATCCCTCTGACCGGCCCTCCT","63G0G0C67",3,4,"GGC/AAG","mnv"
1351,"GGC","AAG",8031,463,463,"G/K","missense_variant","133M","CTGCTAGAGAAGGACTACCGCATGGAGCGCCCAGAAAAGTGCCCAGAGAAGGTCTATGAACTCATGCGAGCATGTTGGCAGTGGAATCCCTCTGACCGGCCCTCCTTTGCTGAAATCCACCAAGCCTTTGAAA","36G0G0C94",3,4,"GGC/AAG","mnv"
1325,"GGC","AAG",7798,463,463,"G/K","missense_variant","133M","GAATTGACCTGTCCCAGGTGTATGAGCTGCTAGAGAAGGACTACCGCATGGAGCGCCCAGAAAAGTGCCCAGAGAAGGTCTATGAACTCATGCGAGCATGTTGGCAGTGGAATCCCTCTGACCGGCCCTCCTT","62G0G0C68",3,4,"GGC/AAG","mnv"
1299,"GGC","AAG",7406,463,463,"G/K","missense_variant","133M","TACCTATGGCATGTCCCCTTACCCGGGAATTGACCTGTCCCAGGTGTATGAGCTGCTAGAGAAGGACTACCGCATGGAGCGCCCAGAAAAGTGCCCAGAGAAGGTCTATGAACTCATGCGAGCATGTTGGCAG","88G0G0C42",3,4,"GGC/AAG","mnv"
1339,"GGC","CTG",7919,463,463,"G/L","missense_variant","133M","CAGGTGTATGAGCTGCTAGAGAAGGACTACCGCATGGAGCGCCCAGAACTGTGCCCAGAGAAGGTCTATGAACTCATGCGAGCATGTTGGCAGTGGAATCCCTCTGACCGGCCCTCCTTTGCTGAAATCCACC","48G0G0C82",3,3,"GGC/CTG","mnv"
1322,"GGC","CTG",7760,463,463,"G/L","missense_variant","133M","CGGGAATTGACCTGTCCCAGGTGTATGAGCTGCTAGAGAAGGACTACCGCATGGAGCGCCCAGAACTGTGCCCAGAGAAGGTCTATGAACTCATGCGAGCATGTTGGCAGTGGAATCCCTCTGACCGGCCCTC","65G0G0C65",3,3,"GGC/CTG","mnv"
1317,"GGC","CTG",7634,463,463,"G/L","missense_variant","133M","TTACCCGGGAATTGACCTGTCCCAGGTGTATGAGCTGCTAGAGAAGGACTACCGCATGGAGCGCCCAGAACTGTGCCCAGAGAAGGTCTATGAACTCATGCGAGCATGTTGGCAGTGGAATCCCTCTGACCGG","70G0G0C60",3,3,"GGC/CTG","mnv"
1295,"GGC","TGG",7375,463,463,"G/W","missense_variant","133M","TTGCTACCTATGGCATGTCCCCTTACCCGGGAATTGACCTGTCCCAGGTGTATGAGCTGCTAGAGAAGGACTACCGCATGGAGCGCCCAGAATGGTGCCCAGAGAAGGTCTATGAACTCATGCGAGCATGTTG","92G1C38",2,3,"GGC/TGG","mnv"
1285,"GGC","TGG",7193,463,463,"G/W","missense_variant","133M","CTTTGGGAAATTGCTACCTATGGCATGTCCCCTTACCCGGGAATTGACCTGTCCCAGGTGTATGAGCTGCTAGAGAAGGACTACCGCATGGAGCGCCCAGAATGGTGCCCAGAGAAGGTCTATGAACTCATGC","102G1C28",2,3,"GGC/TGG","mnv"
1297,"GGC","TGG",7412,463,463,"G/W","missense_variant","133M","GCTACCTATGGCATGTCCCCTTACCCGGGAATTGACCTGTCCCAGGTGTATGAGCTGCTAGAGAAGGACTACCGCATGGAGCGCCCAGAATGGTGCCCAGAGAAGGTCTATGAACTCATGCGAGCATGTTGGC","90G1C40",2,3,"GGC/TGG","mnv"
1379,"TG","AA",7967,464,464,"C/N","missense_variant","133M","GCCCAGAAGGCAACCCAGAGAAGGTCTATGAACTCATGCGAGCATGTTGGCAGTGGAATCCCTCTGACCGGCCCTCCTTTGCTGAAATCCACCAAGCCTTTGAAACAATGTTCCAGGAATCCAGTATCTCAGA","11T0G120",2,2,"TGc/AAc","mnv"
1295,"TG","AA",7375,464,464,"C/N","missense_variant","133M","TTGCTACCTATGGCATGTCCCCTTACCCGGGAATTGACCTGTCCCAGGTGTATGAGCTGCTAGAGAAGGACTACCGCATGGAGCGCCCAGAAGGCAACCCAGAGAAGGTCTATGAACTCATGCGAGCATGTTG","95T0G36",2,2,"TGc/AAc","mnv"
1343,"TG","AT",7993,464,464,"C/I","missense_variant","133M","TGTATGAGCTGCTAGAGAAGGACTACCGCATGGAGCGCCCAGAAGGCATCCCAGAGAAGGTCTATGAACTCATGCGAGCATGTTGGCAGTGGAATCCCTCTGACCGGCCCTCCTTTGCTGAAATCCACCAAGC","47T0G84",2,4,"TGc/ATc","mnv"
1352,"TG","AT",8076,464,464,"C/I","missense_variant","133M","TGCTAGAGAAGGACTACCGCATGGAGCGCCCAGAAGGCATCCCAGAGAAGGTCTATGAACTCATGCGAGCATGTTGGCAGTGGAATCCCTCTGACCGGCCCTCCTTTGCTGAAATCCACCAAGCCTTTGAAAC","38T0G93",2,4,"TGc/ATc","mnv"
1319,"TG","AT",7728,464,464,"C/I","missense_variant","133M","ACCCGGGAATTGACCTGTCCCAGGTGTATGAGCTGCTAGAGAAGGACTACCGCATGGAGCGCCCAGAAGGCATCCCAGAGAAGGTCTATGAACTCATGCGAGCATGTTGGCAGTGGAATCCCTCTGACCGGCC","71T0G60",2,4,"TGc/ATc","mnv"
1331,"TG","AT",7898,464,464,"C/I","missense_variant","133M","ACCTGTCCCAGGTGTATGAGCTGCTAGAGAAGGACTACCGCATGGAGCGCCCAGAAGGCATCCCAGAGAAGGTCTATGAACTCATGCGAGCATGTTGGCAGTGGAATCCCTCTGACCGGCCCTCCTTTGCTGA","59T0G72",2,4,"TGc/ATc","mnv"
1296,"TGC","ATG",7405,464,464,"C/M","missense_variant","133M","TGCTACCTATGGCATGTCCCCTTACCCGGGAATTGACCTGTCCCAGGTGTATGAGCTGCTAGAGAAGGACTACCGCATGGAGCGCCCAGAAGGCATGCCAGAGAAGGTCTATGAACTCATGCGAGCATGTTGG","94T0G0C36",3,4,"TGC/ATG","mnv"
1301,"TGC","ATG",7481,464,464,"C/M","missense_variant","133M","CCTATGGCATGTCCCCTTACCCGGGAATTGACCTGTCCCAGGTGTATGAGCTGCTAGAGAAGGACTACCGCATGGAGCGCCCAGAAGGCATGCCAGAGAAGGTCTATGAACTCATGCGAGCATGTTGGCAGTG","89T0G0C41",3,4,"TGC/ATG","mnv"
1347,"TGC","ATG",8014,464,464,"C/M","missense_variant","133M","TGAGCTGCTAGAGAAGGACTACCGCATGGAGCGCCCAGAAGGCATGCCAGAGAAGGTCTATGAACTCATGCGAGCATGTTGGCAGTGGAATCCCTCTGACCGGCCCTCCTTTGCTGAAATCCACCAAGCCTTT","43T0G0C87",3,4,"TGC/ATG","mnv"
1350,"TGC","ATG",8001,464,464,"C/M","missense_variant","133M","GCTGCTAGAGAAGGACTACCGCATGGAGCGCCCAGAAGGCATGCCAGAGAAGGTCTATGAACTCATGCGAGCATGTTGGCAGTGGAATCCCTCTGACCGGCCCTCCTTTGCTGAAATCCACCAAGCCTTTGAA","40T0G0C90",3,4,"TGC/ATG","mnv"
1324,"CCA","ATG",7786,465,465,"P/M","missense_variant","133M","GGAATTGACCTGTCCCAGGTGTATGAGCTGCTAGAGAAGGACTACCGCATGGAGCGCCCAGAAGGCTGCATGGAGAAGGTCTATGAACTCATGCGAGCATGTTGGCAGTGGAATCCCTCTGACCGGCCCTCCT","69C0C0A61",3,2,"CCA/ATG","mnv"
1343,"CCA","ATG",7993,465,465,"P/M","missense_variant","133M","TGTATGAGCTGCTAGAGAAGGACTACCGCATGGAGCGCCCAGAAGGCTGCATGGAGAAGGTCTATGAACTCATGCGAGCATGTTGGCAGTGGAATCCCTCTGACCGGCCCTCCTTTGCTGAAATCCACCAAGC","50C0C0A80",3,2,"CCA/ATG","mnv"
1307,"CCA","GAG",7468,465,465,"P/E","missense_variant","133M","GCATGTCCCCTTACCCGGGAATTGACCTGTCCCAGGTGTATGAGCTGCTAGAGAAGGACTACCGCATGGAGCGCCCAGAAGGCTGCGAGGAGAAGGTCTATGAACTCATGCGAGCATGTTGGCAGTGGAATCC","86C0C0A44",3,3,"CCA/GAG","mnv"
1305,"CCA","GAG",7441,465,465,"P/E","missense_variant","133M","TGGCATGTCCCCTTACCCGGGAATTGACCTGTCCCAGGTGTATGAGCTGCTAGAGAAGGACTACCGCATGGAGCGCCCAGAAGGCTGCGAGGAGAAGGTCTATGAACTCATGCGAGCATGTTGGCAGTGGAAT","88C0C0A42",3,3,"CCA/GAG","mnv"
1305,"CCA","GAG",7441,465,465,"P/E","missense_variant","133M","TGGCATGTCCCCTTACCCGGGAATTGACCTGTCCCAGGTGTATGAGCTGCTAGAGAAGGACTACCGCATGGAGCGCCCAGAAGGCTGCGAGGAGAAGGTCTATGAACTCATGCGAGCATGTTGGCAGTGGAAT","88C0C0A42",3,3,"CCA/GAG","mnv"
1382,"CCA","GCT",7939,465,465,"P/A","missense_variant","133M","CAGAAGGCTGCGCTGAGAAGGTCTATGAACTCATGCGAGCATGTTGGCAGTGGAATCCCTCTGACCGGCCCTCCTTTGCTGAAATCCACCAAGCCTTTGAAACAATGTTCCAGGAATCCAGTATCTCAGACGA","11C1A119",2,1,"CCA/GCT","mnv"
1355,"CCA","TTC",7984,465,465,"P/F","missense_variant","133M","TAGAGAAGGACTACCGCATGGAGCGCCCAGAAGGCTGCTTCGAGAAGGTCTATGAACTCATGCGAGCATGTTGGCAGTGGAATCCCTCTGACCGGCCCTCCTTTGCTGAAATCCACCAAGCCTTTGAAACAAT","38C0C0A92",3,2,"CCA/TTC","mnv"
1384,"CCA","TTC",7824,465,465,"P/F","missense_variant","133M","GAAGGCTGCTTCGAGAAGGTCTATGAACTCATGCGAGCATGTTGGCAGTGGAATCCCTCTGACCGGCCCTCCTTTGCTGAAATCCACCAAGCCTTTGAAACAATGTTCCAGGAATCCAGTATCTCAGACGAAG","9C0C0A121",3,2,"CCA/TTC","mnv"
1338,"AAG","TAC",7961,467,467,"K/Y","missense_variant","133M","CCAGGTGTATGAGCTGCTAGAGAAGGACTACCGCATGGAGCGCCCAGAAGGCTGCCCAGAGTACGTCTATGAACTCATGCGAGCATGTTGGCAGTGGAATCCCTCTGACCGGCCCTCCTTTGCTGAAATCCAC","61A1G69",2,1,"AAG/TAC","mnv"
1352,"GT","AC",8076,468,468,"V/T","missense_variant","133M","TGCTAGAGAAGGACTACCGCATGGAGCGCCCAGAAGGCTGCCCAGAGAAGACCTATGAACTCATGCGAGCATGTTGGCAGTGGAATCCCTCTGACCGGCCCTCCTTTGCTGAAATCCACCAAGCCTTTGAAAC","50G0T81",2,52,"GTc/ACc","mnv"
1296,"GT","AC",7405,468,468,"V/T","missense_variant","133M","TGCTACCTATGGCATGTCCCCTTACCCGGGAATTGACCTGTCCCAGGTGTATGAGCTGCTAGAGAAGGACTACCGCATGGAGCGCCCAGAAGGCTGCCCAGAGAAGACCTATGAACTCATGCGAGCATGTTGG","106G0T25",2,52,"GTc/ACc","mnv"
1302,"GT","AC",7464,468,468,"V/T","missense_variant","133M","CTATGGCATGTCCCCTTACCCGGGAATTGACCTGTCCCAGGTGTATGAGCTGCTAGAGAAGGACTACCGCATGGAGCGCCCAGAAGGCTGCCCAGAGAAGACCTATGAACTCATGCGAGCATGTTGGCAGTGG","100G0T31",2,52,"GTc/ACc","mnv"
1277,"GT","AC",7059,468,468,"V/T","missense_variant","133M","GAGTATTGCTTTGGGAAATTGCTACCTATGGCATGTCCCCTTACCCGGGAATTGACCTGTCCCAGGTGTATGAGCTGCTAGAGAAGGACTACCGCATGGAGCGCCCAGAAGGCTGCCCAGAGAAGACCTATGA","125G0T6",2,52,"GTc/ACc","mnv"
1319,"GT","AC",7728,468,468,"V/T","missense_variant","133M","ACCCGGGAATTGACCTGTCCCAGGTGTATGAGCTGCTAGAGAAGGACTACCGCATGGAGCGCCCAGAAGGCTGCCCAGAGAAGACCTATGAACTCATGCGAGCATGTTGGCAGTGGAATCCCTCTGACCGGCC","83G0T48",2,52,"GTc/ACc","mnv"
1304,"GT","AC",7441,468,468,"V/T","missense_variant","133M","ATGGCATGTCCCCTTACCCGGGAATTGACCTGTCCCAGGTGTATGAGCTGCTAGAGAAGGACTACCGCATGGAGCGCCCAGAAGGCTGCCCAGAGAAGACCTATGAACTCATGCGAGCATGTTGGCAGTGGAA","98G0T33",2,52,"GTc/ACc","mnv"
1276,"GT","AC",6989,468,468,"V/T","missense_variant","133M","GGAGTATTGCTTTGGGAAATTGCTACCTATGGCATGTCCCCTTACCCGGGAATTGACCTGTCCCAGGTGTATGAGCTGCTAGAGAAGGACTACCGCATGGAGCGCCCAGAAGGCTGCCCAGAGAAGACCTATG","126G0T5",2,52,"GTc/ACc","mnv"
1277,"GT","AC",7059,468,468,"V/T","missense_variant","133M","GAGTATTGCTTTGGGAAATTGCTACCTATGGCATGTCCCCTTACCCGGGAATTGACCTGTCCCAGGTGTATGAGCTGCTAGAGAAGGACTACCGCATGGAGCGCCCAGAAGGCTGCCCAGAGAAGACCTATGA","125G0T6",2,52,"GTc/ACc","mnv"
1342,"GT","AC",7954,468,468,"V/T","missense_variant","133M","GTGTATGAGCTGCTAGAGAAGGACTACCGCATGGAGCGCCCAGAAGGCTGCCCAGAGAAGACCTATGAACTCATGCGAGCATGTTGGCAGTGGAATCCCTCTGACCGGCCCTCCTTTGCTGAAATCCACCAAG","60G0T71",2,52,"GTc/ACc","mnv"
1278,"GT","AC",7159,468,468,"V/T","missense_variant","133M","AGTATTGCTTTGGGAAATTGCTACCTATGGCATGTCCCCTTACCCGGGAATTGACCTGTCCCAGGTGTATGAGCTGCTAGAGAAGGACTACCGCATGGAGCGCCCAGAAGGCTGCCCAGAGAAGACCTATGAA","124G0T7",2,52,"GTc/ACc","mnv"
1364,"GT","AC",8046,468,468,"V/T","missense_variant","133M","ACTACCGCATGGAGCGCCCAGAAGGCTGCCCAGAGAAGACCTATGAACTCATGCGAGCATGTTGGCAGTGGAATCCCTCTGACCGGCCCTCCTTTGCTGAAATCCACCAAGCCTTTGAAACAATGTTCCAGGA","38G0T93",2,52,"GTc/ACc","mnv"
1397,"GT","AC",7941,468,468,"V/T","missense_variant","133M","AGAAGACCTATGAACTCATGCGAGCATGTTGGCAGTGGAATCCCTCTGACCGGCCCTCCTTTGCTGAAATCCACCAAGCCTTTGAAACAATGTTCCAGGAATCCAGTATCTCAGACGAAGTGGAAAAGGAGCT","5G0T126",2,52,"GTc/ACc","mnv"
1378,"GT","AC",8006,468,468,"V/T","missense_variant","133M","CGCCCAGAAGGCTGCCCAGAGAAGACCTATGAACTCATGCGAGCATGTTGGCAGTGGAATCCCTCTGACCGGCCCTCCTTTGCTGAAATCCACCAAGCCTTTGAAACAATGTTCCAGGAATCCAGTATCTCAG","24G0T107",2,52,"GTc/ACc","mnv"
1291,"GT","AC",7355,468,468,"V/T","missense_variant","133M","GAAATTGCTACCTATGGCATGTCCCCTTACCCGGGAATTGACCTGTCCCAGGTGTATGAGCTGCTAGAGAAGGACTACCGCATGGAGCGCCCAGAAGGCTGCCCAGAGAAGACCTATGAACTCATGCGAGCAT","111G0T20",2,52,"GTc/ACc","mnv"
1388,"GT","AC",7843,468,468,"V/T","missense_variant","133M","GCTGCCCAGAGAAGACCTATGAACTCATGCGAGCATGTTGGCAGTGGAATCCCTCTGACCGGCCCTCCTTTGCTGAAATCCACCAAGCCTTTGAAACAATGTTCCAGGAATCCAGTATCTCAGACGAAGTGGA","14G0T117",2,52,"GTc/ACc","mnv"
1385,"GT","AC",7824,468,468,"V/T","missense_variant","133M","AAGGCTGCCCAGAGAAGACCTATGAACTCATGCGAGCATGTTGGCAGTGGAATCCCTCTGACCGGCCCTCCTTTGCTGAAATCCACCAAGCCTTTGAAACAATGTTCCAGGAATCCAGTATCTCAGACGAAGT","17G0T114",2,52,"GTc/ACc","mnv"
1276,"GT","AC",6989,468,468,"V/T","missense_variant","133M","GGAGTATTGCTTTGGGAAATTGCTACCTATGGCATGTCCCCTTACCCGGGAATTGACCTGTCCCAGGTGTATGAGCTGCTAGAGAAGGACTACCGCATGGAGCGCCCAGAAGGCTGCCCAGAGAAGACCTATG","126G0T5",2,52,"GTc/ACc","mnv"
1336,"GT","AC",7945,468,468,"V/T","missense_variant","133M","TCCCAGGTGTATGAGCTGCTAGAGAAGGACTACCGCATGGAGCGCCCAGAAGGCTGCCCAGAGAAGACCTATGAACTCATGCGAGCATGTTGGCAGTGGAATCCCTCTGACCGGCCCTCCTTTGCTGAAATCC","66G0T65",2,52,"GTc/ACc","mnv"
1345,"GT","AC",8031,468,468,"V/T","missense_variant","133M","TATGAGCTGCTAGAGAAGGACTACCGCATGGAGCGCCCAGAAGGCTGCCCAGAGAAGACCTATGAACTCATGCGAGCATGTTGGCAGTGGAATCCCTCTGACCGGCCCTCCTTTGCTGAAATCCACCAAGCCT","57G0T74",2,52,"GTc/ACc","mnv"
1286,"GT","AC",7231,468,468,"V/T","missense_variant","133M","TTTGGGAAATTGCTACCTATGGCATGTCCCCTTACCCGGGAATTGACCTGTCCCAGGTGTATGAGCTGCTAGAGAAGGACTACCGCATGGAGCGCCCAGAAGGCTGCCCAGAGAAGACCTATGAACTCATGCG","116G0T15",2,52,"GTc/ACc","mnv"
1352,"GT","AC",8076,468,468,"V/T","missense_variant","133M","TGCTAGAGAAGGACTACCGCATGGAGCGCCCAGAAGGCTGCCCAGAGAAGACCTATGAACTCATGCGAGCATGTTGGCAGTGGAATCCCTCTGACCGGCCCTCCTTTGCTGAAATCCACCAAGCCTTTGAAAC","50G0T81",2,52,"GTc/ACc","mnv"
1317,"GT","AC",7634,468,468,"V/T","missense_variant","133M","TTACCCGGGAATTGACCTGTCCCAGGTGTATGAGCTGCTAGAGAAGGACTACCGCATGGAGCGCCCAGAAGGCTGCCCAGAGAAGACCTATGAACTCATGCGAGCATGTTGGCAGTGGAATCCCTCTGACCGG","85G0T46",2,52,"GTc/ACc","mnv"
1301,"GT","AC",7481,468,468,"V/T","missense_variant","133M","CCTATGGCATGTCCCCTTACCCGGGAATTGACCTGTCCCAGGTGTATGAGCTGCTAGAGAAGGACTACCGCATGGAGCGCCCAGAAGGCTGCCCAGAGAAGACCTATGAACTCATGCGAGCATGTTGGCAGTG","101G0T30",2,52,"GTc/ACc","mnv"
1309,"GT","AC",7520,468,468,"V/T","missense_variant","133M","ATGTCCCCTTACCCGGGAATTGACCTGTCCCAGGTGTATGAGCTGCTAGAGAAGGACTACCGCATGGAGCGCCCAGAAGGCTGCCCAGAGAAGACCTATGAACTCATGCGAGCATGTTGGCAGTGGAATCCCT","93G0T38",2,52,"GTc/ACc","mnv"
1348,"GT","AC",8015,468,468,"V/T","missense_variant","133M","GAGCTGCTAGAGAAGGACTACCGCATGGAGCGCCCAGAAGGCTGCCCAGAGAAGACCTATGAACTCATGCGAGCATGTTGGCAGTGGAATCCCTCTGACCGGCCCTCCTTTGCTGAAATCCACCAAGCCTTTG","54G0T77",2,52,"GTc/ACc","mnv"
1373,"GT","AC",8039,468,468,"V/T","missense_variant","133M","TGGAGCGCCCAGAAGGCTGCCCAGAGAAGACCTATGAACTCATGCGAGCATGTTGGCAGTGGAATCCCTCTGACCGGCCCTCCTTTGCTGAAATCCACCAAGCCTTTGAAACAATGTTCCAGGAATCCAGTAT","29G0T102",2,52,"GTc/ACc","mnv"
1348,"GT","AC",8015,468,468,"V/T","missense_variant","133M","GAGCTGCTAGAGAAGGACTACCGCATGGAGCGCCCAGAAGGCTGCCCAGAGAAGACCTATGAACTCATGCGAGCATGTTGGCAGTGGAATCCCTCTGACCGGCCCTCCTTTGCTGAAATCCACCAAGCCTTTG","54G0T77",2,52,"GTc/ACc","mnv"
1376,"GT","AC",7988,468,468,"V/T","missense_variant","133M","AGCGCCCAGAAGGCTGCCCAGAGAAGACCTATGAACTCATGCGAGCATGTTGGCAGTGGAATCCCTCTGACCGGCCCTCCTTTGCTGAAATCCACCAAGCCTTTGAAACAATGTTCCAGGAATCCAGTATCTC","26G0T105",2,52,"GTc/ACc","mnv"
1324,"GT","AC",7786,468,468,"V/T","missense_variant","133M","GGAATTGACCTGTCCCAGGTGTATGAGCTGCTAGAGAAGGACTACCGCATGGAGCGCCCAGAAGGCTGCCCAGAGAAGACCTATGAACTCATGCGAGCATGTTGGCAGTGGAATCCCTCTGACCGGCCCTCCT","78G0T53",2,52,"GTc/ACc","mnv"
1279,"GT","AC",7224,468,468,"V/T","missense_variant","133M","GTATTGCTTTGGGAAATTGCTACCTATGGCATGTCCCCTTACCCGGGAATTGACCTGTCCCAGGTGTATGAGCTGCTAGAGAAGGACTACCGCATGGAGCGCCCAGAAGGCTGCCCAGAGAAGACCTATGAAC","123G0T8",2,52,"GTc/ACc","mnv"
1304,"GT","AC",7441,468,468,"V/T","missense_variant","133M","ATGGCATGTCCCCTTACCCGGGAATTGACCTGTCCCAGGTGTATGAGCTGCTAGAGAAGGACTACCGCATGGAGCGCCCAGAAGGCTGCCCAGAGAAGACCTATGAACTCATGCGAGCATGTTGGCAGTGGAA","98G0T33",2,52,"GTc/ACc","mnv"
1382,"GT","AC",7939,468,468,"V/T","missense_variant","133M","CAGAAGGCTGCCCAGAGAAGACCTATGAACTCATGCGAGCATGTTGGCAGTGGAATCCCTCTGACCGGCCCTCCTTTGCTGAAATCCACCAAGCCTTTGAAACAATGTTCCAGGAATCCAGTATCTCAGACGA","20G0T111",2,52,"GTc/ACc","mnv"
1341,"GT","AC",7915,468,468,"V/T","missense_variant","133M","GGTGTATGAGCTGCTAGAGAAGGACTACCGCATGGAGCGCCCAGAAGGCTGCCCAGAGAAGACCTATGAACTCATGCGAGCATGTTGGCAGTGGAATCCCTCTGACCGGCCCTCCTTTGCTGAAATCCACCAA","61G0T70",2,52,"GTc/ACc","mnv"
1317,"GT","AC",7634,468,468,"V/T","missense_variant","133M","TTACCCGGGAATTGACCTGTCCCAGGTGTATGAGCTGCTAGAGAAGGACTACCGCATGGAGCGCCCAGAAGGCTGCCCAGAGAAGACCTATGAACTCATGCGAGCATGTTGGCAGTGGAATCCCTCTGACCGG","85G0T46",2,52,"GTc/ACc","mnv"
1360,"GT","AC",8072,468,468,"V/T","missense_variant","133M","AAGGACTACCGCATGGAGCGCCCAGAAGGCTGCCCAGAGAAGACCTATGAACTCATGCGAGCATGTTGGCAGTGGAATCCCTCTGACCGGCCCTCCTTTGCTGAAATCCACCAAGCCTTTGAAACAATGTTCC","42G0T89",2,52,"GTc/ACc","mnv"
1327,"GT","AC",7875,468,468,"V/T","missense_variant","133M","ATTGACCTGTCCCAGGTGTATGAGCTGCTAGAGAAGGACTACCGCATGGAGCGCCCAGAAGGCTGCCCAGAGAAGACCTATGAACTCATGCGAGCATGTTGGCAGTGGAATCCCTCTGACCGGCCCTCCTTTG","75G0T56",2,52,"GTc/ACc","mnv"
1378,"GT","AC",8006,468,468,"V/T","missense_variant","133M","CGCCCAGAAGGCTGCCCAGAGAAGACCTATGAACTCATGCGAGCATGTTGGCAGTGGAATCCCTCTGACCGGCCCTCCTTTGCTGAAATCCACCAAGCCTTTGAAACAATGTTCCAGGAATCCAGTATCTCAG","24G0T107",2,52,"GTc/ACc","mnv"
1338,"GT","AC",7961,468,468,"V/T","missense_variant","133M","CCAGGTGTATGAGCTGCTAGAGAAGGACTACCGCATGGAGCGCCCAGAAGGCTGCCCAGAGAAGACCTATGAACTCATGCGAGCATGTTGGCAGTGGAATCCCTCTGACCGGCCCTCCTTTGCTGAAATCCAC","64G0T67",2,52,"GTc/ACc","mnv"
1353,"GT","AC",8049,468,468,"V/T","missense_variant","133M","GCTAGAGAAGGACTACCGCATGGAGCGCCCAGAAGGCTGCCCAGAGAAGACCTATGAACTCATGCGAGCATGTTGGCAGTGGAATCCCTCTGACCGGCCCTCCTTTGCTGAAATCCACCAAGCCTTTGAAACA","49G0T82",2,52,"GTc/ACc","mnv"
1295,"GT","AC",7375,468,468,"V/T","missense_variant","133M","TTGCTACCTATGGCATGTCCCCTTACCCGGGAATTGACCTGTCCCAGGTGTATGAGCTGCTAGAGAAGGACTACCGCATGGAGCGCCCAGAAGGCTGCCCAGAGAAGACCTATGAACTCATGCGAGCATGTTG","107G0T24",2,52,"GTc/ACc","mnv"
1316,"GT","AC",7574,468,468,"V/T","missense_variant","133M","CTTACCCGGGAATTGACCTGTCCCAGGTGTATGAGCTGCTAGAGAAGGACTACCGCATGGAGCGCCCAGAAGGCTGCCCAGAGAAGACCTATGAACTCATGCGAGCATGTTGGCAGTGGAATCCCTCTGACCG","86G0T45",2,52,"GTc/ACc","mnv"
1339,"GT","AC",7919,468,468,"V/T","missense_variant","133M","CAGGTGTATGAGCTGCTAGAGAAGGACTACCGCATGGAGCGCCCAGAAGGCTGCCCAGAGAAGACCTATGAACTCATGCGAGCATGTTGGCAGTGGAATCCCTCTGACCGGCCCTCCTTTGCTGAAATCCACC","63G0T68",2,52,"GTc/ACc","mnv"
1363,"GT","AC",8052,468,468,"V/T","missense_variant","133M","GACTACCGCATGGAGCGCCCAGAAGGCTGCCCAGAGAAGACCTATGAACTCATGCGAGCATGTTGGCAGTGGAATCCCTCTGACCGGCCCTCCTTTGCTGAAATCCACCAAGCCTTTGAAACAATGTTCCAGG","39G0T92",2,52,"GTc/ACc","mnv"
1297,"GT","AC",7412,468,468,"V/T","missense_variant","133M","GCTACCTATGGCATGTCCCCTTACCCGGGAATTGACCTGTCCCAGGTGTATGAGCTGCTAGAGAAGGACTACCGCATGGAGCGCCCAGAAGGCTGCCCAGAGAAGACCTATGAACTCATGCGAGCATGTTGGC","105G0T26",2,52,"GTc/ACc","mnv"
1346,"GT","AC",8030,468,468,"V/T","missense_variant","133M","ATGAGCTGCTAGAGAAGGACTACCGCATGGAGCGCCCAGAAGGCTGCCCAGAGAAGACCTATGAACTCATGCGAGCATGTTGGCAGTGGAATCCCTCTGACCGGCCCTCCTTTGCTGAAATCCACCAAGCCTT","56G0T75",2,52,"GTc/ACc","mnv"
1361,"GT","AC",8057,468,468,"V/T","missense_variant","133M","AGGACTACCGCATGGAGCGCCCAGAAGGCTGCCCAGAGAAGACCTATGAACTCATGCGAGCATGTTGGCAGTGGAATCCCTCTGACCGGCCCTCCTTTGCTGAAATCCACCAAGCCTTTGAAACAATGTTCCA","41G0T90",2,52,"GTc/ACc","mnv"
1373,"GT","AC",8039,468,468,"V/T","missense_variant","133M","TGGAGCGCCCAGAAGGCTGCCCAGAGAAGACCTATGAACTCATGCGAGCATGTTGGCAGTGGAATCCCTCTGACCGGCCCTCCTTTGCTGAAATCCACCAAGCCTTTGAAACAATGTTCCAGGAATCCAGTAT","29G0T102",2,52,"GTc/ACc","mnv"
1390,"GT","AC",7942,468,468,"V/T","missense_variant","133M","TGCCCAGAGAAGACCTATGAACTCATGCGAGCATGTTGGCAGTGGAATCCCTCTGACCGGCCCTCCTTTGCTGAAATCCACCAAGCCTTTGAAACAATGTTCCAGGAATCCAGTATCTCAGACGAAGTGGAAA","12G0T119",2,52,"GTc/ACc","mnv"
1387,"GT","AC",7822,468,468,"V/T","missense_variant","133M","GGCTGCCCAGAGAAGACCTATGAACTCATGCGAGCATGTTGGCAGTGGAATCCCTCTGACCGGCCCTCCTTTGCTGAAATCCACCAAGCCTTTGAAACAATGTTCCAGGAATCCAGTATCTCAGACGAAGTGG","15G0T116",2,52,"GTc/ACc","mnv"
1362,"GT","AC",8029,468,468,"V/T","missense_variant","133M","GGACTACCGCATGGAGCGCCCAGAAGGCTGCCCAGAGAAGACCTATGAACTCATGCGAGCATGTTGGCAGTGGAATCCCTCTGACCGGCCCTCCTTTGCTGAAATCCACCAAGCCTTTGAAACAATGTTCCAG","40G0T91",2,52,"GTc/ACc","mnv"
1335,"GT","AC",7937,468,468,"V/T","missense_variant","133M","GTCCCAGGTGTATGAGCTGCTAGAGAAGGACTACCGCATGGAGCGCCCAGAAGGCTGCCCAGAGAAGACCTATGAACTCATGCGAGCATGTTGGCAGTGGAATCCCTCTGACCGGCCCTCCTTTGCTGAAATC","67G0T64",2,52,"GTc/ACc","mnv"
1379,"GT","AC",7967,468,468,"V/T","missense_variant","133M","GCCCAGAAGGCTGCCCAGAGAAGACCTATGAACTCATGCGAGCATGTTGGCAGTGGAATCCCTCTGACCGGCCCTCCTTTGCTGAAATCCACCAAGCCTTTGAAACAATGTTCCAGGAATCCAGTATCTCAGA","23G0T108",2,52,"GTc/ACc","mnv"
1291,"GT","TA",7355,468,468,"V/Y","missense_variant","133M","GAAATTGCTACCTATGGCATGTCCCCTTACCCGGGAATTGACCTGTCCCAGGTGTATGAGCTGCTAGAGAAGGACTACCGCATGGAGCGCCCAGAAGGCTGCCCAGAGAAGTACTATGAACTCATGCGAGCAT","111G0T20",2,1,"GTc/TAc","mnv"
1309,"GTC","CTG",7520,468,468,"V/L","missense_variant","133M","ATGTCCCCTTACCCGGGAATTGACCTGTCCCAGGTGTATGAGCTGCTAGAGAAGGACTACCGCATGGAGCGCCCAGAAGGCTGCCCAGAGAAGCTGTATGAACTCATGCGAGCATGTTGGCAGTGGAATCCCT","93G1C37",2,2,"GTC/CTG","mnv"
1324,"GTC","CTG",7786,468,468,"V/L","missense_variant","133M","GGAATTGACCTGTCCCAGGTGTATGAGCTGCTAGAGAAGGACTACCGCATGGAGCGCCCAGAAGGCTGCCCAGAGAAGCTGTATGAACTCATGCGAGCATGTTGGCAGTGGAATCCCTCTGACCGGCCCTCCT","78G1C52",2,2,"GTC/CTG","mnv"
1313,"TAT","ACC",7556,469,469,"Y/T","missense_variant","133M","CCCCTTACCCGGGAATTGACCTGTCCCAGGTGTATGAGCTGCTAGAGAAGGACTACCGCATGGAGCGCCCAGAAGGCTGCCCAGAGAAGGTCACCGAACTCATGCGAGCATGTTGGCAGTGGAATCCCTCTGA","92T0A0T38",3,1,"TAT/ACC","mnv"
1372,"TAT","CAG",8037,469,469,"Y/Q","missense_variant","133M","ATGGAGCGCCCAGAAGGCTGCCCAGAGAAGGTCCAGGAACTCATGCGAGCATGTTGGCAGTGGAATCCCTCTGACCGGCCCTCCTTTGCTGAAATCCACCAAGCCTTTGAAACAATGTTCCAGGAATCCAGTA","33T1T97",2,10,"TAT/CAG","mnv"
1310,"TAT","CAG",7524,469,469,"Y/Q","missense_variant","133M","TGTCCCCTTACCCGGGAATTGACCTGTCCCAGGTGTATGAGCTGCTAGAGAAGGACTACCGCATGGAGCGCCCAGAAGGCTGCCCAGAGAAGGTCCAGGAACTCATGCGAGCATGTTGGCAGTGGAATCCCTC","95T1T35",2,10,"TAT/CAG","mnv"
1355,"TAT","CAG",7984,469,469,"Y/Q","missense_variant","133M","TAGAGAAGGACTACCGCATGGAGCGCCCAGAAGGCTGCCCAGAGAAGGTCCAGGAACTCATGCGAGCATGTTGGCAGTGGAATCCCTCTGACCGGCCCTCCTTTGCTGAAATCCACCAAGCCTTTGAAACAAT","50T1T80",2,10,"TAT/CAG","mnv"
1324,"TAT","CAG",7786,469,469,"Y/Q","missense_variant","133M","GGAATTGACCTGTCCCAGGTGTATGAGCTGCTAGAGAAGGACTACCGCATGGAGCGCCCAGAAGGCTGCCCAGAGAAGGTCCAGGAACTCATGCGAGCATGTTGGCAGTGGAATCCCTCTGACCGGCCCTCCT","81T1T49",2,10,"TAT/CAG","mnv"
1278,"TAT","CAG",7159,469,469,"Y/Q","missense_variant","133M","AGTATTGCTTTGGGAAATTGCTACCTATGGCATGTCCCCTTACCCGGGAATTGACCTGTCCCAGGTGTATGAGCTGCTAGAGAAGGACTACCGCATGGAGCGCCCAGAAGGCTGCCCAGAGAAGGTCCAGGAA","127T1T3",2,10,"TAT/CAG","mnv"
1356,"TAT","CAG",7998,469,469,"Y/Q","missense_variant","133M","AGAGAAGGACTACCGCATGGAGCGCCCAGAAGGCTGCCCAGAGAAGGTCCAGGAACTCATGCGAGCATGTTGGCAGTGGAATCCCTCTGACCGGCCCTCCTTTGCTGAAATCCACCAAGCCTTTGAAACAATG","49T1T81",2,10,"TAT/CAG","mnv"
1358,"TAT","CAG",8016,469,469,"Y/Q","missense_variant","133M","AGAAGGACTACCGCATGGAGCGCCCAGAAGGCTGCCCAGAGAAGGTCCAGGAACTCATGCGAGCATGTTGGCAGTGGAATCCCTCTGACCGGCCCTCCTTTGCTGAAATCCACCAAGCCTTTGAAACAATGTT","47T1T83",2,10,"TAT/CAG","mnv"
1297,"TAT","CAG",7412,469,469,"Y/Q","missense_variant","133M","GCTACCTATGGCATGTCCCCTTACCCGGGAATTGACCTGTCCCAGGTGTATGAGCTGCTAGAGAAGGACTACCGCATGGAGCGCCCAGAAGGCTGCCCAGAGAAGGTCCAGGAACTCATGCGAGCATGTTGGC","108T1T22",2,10,"TAT/CAG","mnv"
1288,"TAT","CAG",7276,469,469,"Y/Q","missense_variant","133M","TGGGAAATTGCTACCTATGGCATGTCCCCTTACCCGGGAATTGACCTGTCCCAGGTGTATGAGCTGCTAGAGAAGGACTACCGCATGGAGCGCCCAGAAGGCTGCCCAGAGAAGGTCCAGGAACTCATGCGAG","117T1T13",2,10,"TAT/CAG","mnv"
1322,"TAT","CAG",7760,469,469,"Y/Q","missense_variant","133M","CGGGAATTGACCTGTCCCAGGTGTATGAGCTGCTAGAGAAGGACTACCGCATGGAGCGCCCAGAAGGCTGCCCAGAGAAGGTCCAGGAACTCATGCGAGCATGTTGGCAGTGGAATCCCTCTGACCGGCCCTC","83T1T47",2,10,"TAT/CAG","mnv"
1279,"TAT","GAG",7224,469,469,"Y/E","missense_variant","133M","GTATTGCTTTGGGAAATTGCTACCTATGGCATGTCCCCTTACCCGGGAATTGACCTGTCCCAGGTGTATGAGCTGCTAGAGAAGGACTACCGCATGGAGCGCCCAGAAGGCTGCCCAGAGAAGGTCGAGGAAC","126T1T4",2,2,"TAT/GAG","mnv"
1310,"TAT","GAG",7524,469,469,"Y/E","missense_variant","133M","TGTCCCCTTACCCGGGAATTGACCTGTCCCAGGTGTATGAGCTGCTAGAGAAGGACTACCGCATGGAGCGCCCAGAAGGCTGCCCAGAGAAGGTCGAGGAACTCATGCGAGCATGTTGGCAGTGGAATCCCTC","95T1T35",2,2,"TAT/GAG","mnv"
1377,"GAA","AAG",8036,470,470,"E/K","missense_variant","133M","GCGCCCAGAAGGCTGCCCAGAGAAGGTCTATAAGCTCATGCGAGCATGTTGGCAGTGGAATCCCTCTGACCGGCCCTCCTTTGCTGAAATCCACCAAGCCTTTGAAACAATGTTCCAGGAATCCAGTATCTCA","31G1A99",2,17,"GAA/AAG","mnv"
1380,"GAA","AAG",7917,470,470,"E/K","missense_variant","133M","CCCAGAAGGCTGCCCAGAGAAGGTCTATAAGCTCATGCGAGCATGTTGGCAGTGGAATCCCTCTGACCGGCCCTCCTTTGCTGAAATCCACCAAGCCTTTGAAACAATGTTCCAGGAATCCAGTATCTCAGAC","28G1A102",2,17,"GAA/AAG","mnv"
1319,"GAA","AAG",7728,470,470,"E/K","missense_variant","133M","ACCCGGGAATTGACCTGTCCCAGGTGTATGAGCTGCTAGAGAAGGACTACCGCATGGAGCGCCCAGAAGGCTGCCCAGAGAAGGTCTATAAGCTCATGCGAGCATGTTGGCAGTGGAATCCCTCTGACCGGCC","89G1A41",2,17,"GAA/AAG","mnv"
1312,"GAA","AAG",7548,470,470,"E/K","missense_variant","133M","TCCCCTTACCCGGGAATTGACCTGTCCCAGGTGTATGAGCTGCTAGAGAAGGACTACCGCATGGAGCGCCCAGAAGGCTGCCCAGAGAAGGTCTATAAGCTCATGCGAGCATGTTGGCAGTGGAATCCCTCTG","96G1A34",2,17,"GAA/AAG","mnv"
1317,"GAA","AAG",7634,470,470,"E/K","missense_variant","133M","TTACCCGGGAATTGACCTGTCCCAGGTGTATGAGCTGCTAGAGAAGGACTACCGCATGGAGCGCCCAGAAGGCTGCCCAGAGAAGGTCTATAAGCTCATGCGAGCATGTTGGCAGTGGAATCCCTCTGACCGG","91G1A39",2,17,"GAA/AAG","mnv"
1360,"GAA","AAG",8072,470,470,"E/K","missense_variant","133M","AAGGACTACCGCATGGAGCGCCCAGAAGGCTGCCCAGAGAAGGTCTATAAGCTCATGCGAGCATGTTGGCAGTGGAATCCCTCTGACCGGCCCTCCTTTGCTGAAATCCACCAAGCCTTTGAAACAATGTTCC","48G1A82",2,17,"GAA/AAG","mnv"
1338,"GAA","AAG",7961,470,470,"E/K","missense_variant","133M","CCAGGTGTATGAGCTGCTAGAGAAGGACTACCGCATGGAGCGCCCAGAAGGCTGCCCAGAGAAGGTCTATAAGCTCATGCGAGCATGTTGGCAGTGGAATCCCTCTGACCGGCCCTCCTTTGCTGAAATCCAC","70G1A60",2,17,"GAA/AAG","mnv"
1325,"GAA","AAG",7798,470,470,"E/K","missense_variant","132M","GAATTGACCTGTCCCAGGTGTATGAGCTGCTAGAGAAGGACTACCGCATGGAGCGCCCAGAAGGCTGCCCAGAGAAGGTCTATAAGCTCATGCGAGCATGTTGGCAGTGGAATCCCTCTGACCGGCCCTCCT","83G1A46",2,17,"GAA/AAG","mnv"
1364,"GAA","AAG",8046,470,470,"E/K","missense_variant","133M","ACTACCGCATGGAGCGCCCAGAAGGCTGCCCAGAGAAGGTCTATAAGCTCATGCGAGCATGTTGGCAGTGGAATCCCTCTGACCGGCCCTCCTTTGCTGAAATCCACCAAGCCTTTGAAACAATGTTCCAGGA","44G1A86",2,17,"GAA/AAG","mnv"
1282,"GAA","AAG",7165,470,470,"E/K","missense_variant","133M","TTGCTTTGGGAAATTGCTACCTATGGCATGTCCCCTTACCCGGGAATTGACCTGTCCCAGGTGTATGAGCTGCTAGAGAAGGACTACCGCATGGAGCGCCCAGAAGGCTGCCCAGAGAAGGTCTATAAGCTCA","126G1A4",2,17,"GAA/AAG","mnv"
1334,"GAA","AAG",7962,470,470,"E/K","missense_variant","133M","TGTCCCAGGTGTATGAGCTGCTAGAGAAGGACTACCGCATGGAGCGCCCAGAAGGCTGCCCAGAGAAGGTCTATAAGCTCATGCGAGCATGTTGGCAGTGGAATCCCTCTGACCGGCCCTCCTTTGCTGAAAT","74G1A56",2,17,"GAA/AAG","mnv"
1365,"GAA","AAG",8049,470,470,"E/K","missense_variant","133M","CTACCGCATGGAGCGCCCAGAAGGCTGCCCAGAGAAGGTCTATAAGCTCATGCGAGCATGTTGGCAGTGGAATCCCTCTGACCGGCCCTCCTTTGCTGAAATCCACCAAGCCTTTGAAACAATGTTCCAGGAA","43G1A87",2,17,"GAA/AAG","mnv"
1324,"GAA","AAG",7786,470,470,"E/K","missense_variant","133M","GGAATTGACCTGTCCCAGGTGTATGAGCTGCTAGAGAAGGACTACCGCATGGAGCGCCCAGAAGGCTGCCCAGAGAAGGTCTATAAGCTCATGCGAGCATGTTGGCAGTGGAATCCCTCTGACCGGCCCTCCT","84G1A46",2,17,"GAA/AAG","mnv"
1349,"GAA","AAG",8014,470,470,"E/K","missense_variant","133M","AGCTGCTAGAGAAGGACTACCGCATGGAGCGCCCAGAAGGCTGCCCAGAGAAGGTCTATAAGCTCATGCGAGCATGTTGGCAGTGGAATCCCTCTGACCGGCCCTCCTTTGCTGAAATCCACCAAGCCTTTGA","59G1A71",2,17,"GAA/AAG","mnv"
1314,"GAA","AAG",7566,470,470,"E/K","missense_variant","133M","CCCTTACCCGGGAATTGACCTGTCCCAGGTGTATGAGCTGCTAGAGAAGGACTACCGCATGGAGCGCCCAGAAGGCTGCCCAGAGAAGGTCTATAAGCTCATGCGAGCATGTTGGCAGTGGAATCCCTCTGAC","94G1A36",2,17,"GAA/AAG","mnv"
1297,"GAA","AAG",7412,470,470,"E/K","missense_variant","133M","GCTACCTATGGCATGTCCCCTTACCCGGGAATTGACCTGTCCCAGGTGTATGAGCTGCTAGAGAAGGACTACCGCATGGAGCGCCCAGAAGGCTGCCCAGAGAAGGTCTATAAGCTCATGCGAGCATGTTGGC","111G1A19",2,17,"GAA/AAG","mnv"
1333,"GAA","AAG",8004,470,470,"E/K","missense_variant","133M","CTGTCCCAGGTGTATGAGCTGCTAGAGAAGGACTACCGCATGGAGCGCCCAGAAGGCTGCCCAGAGAAGGTCTATAAGCTCATGCGAGCATGTTGGCAGTGGAATCCCTCTGACCGGCCCTCCTTTGCTGAAA","75G1A55",2,17,"GAA/AAG","mnv"
1356,"GAA","ACC",7998,470,470,"E/T","missense_variant","133M","AGAGAAGGACTACCGCATGGAGCGCCCAGAAGGCTGCCCAGAGAAGGTCTATACCCTCATGCGAGCATGTTGGCAGTGGAATCCCTCTGACCGGCCCTCCTTTGCTGAAATCCACCAAGCCTTTGAAACAATG","52G0A0A78",3,1,"GAA/ACC","mnv"
1319,"GAA","CCT",7728,470,470,"E/P","missense_variant","133M","ACCCGGGAATTGACCTGTCCCAGGTGTATGAGCTGCTAGAGAAGGACTACCGCATGGAGCGCCCAGAAGGCTGCCCAGAGAAGGTCTATCCTCTCATGCGAGCATGTTGGCAGTGGAATCCCTCTGACCGGCC","89G0A0A41",3,3,"GAA/CCT","mnv"
1345,"GAA","CCT",8031,470,470,"E/P","missense_variant","133M","TATGAGCTGCTAGAGAAGGACTACCGCATGGAGCGCCCAGAAGGCTGCCCAGAGAAGGTCTATCCTCTCATGCGAGCATGTTGGCAGTGGAATCCCTCTGACCGGCCCTCCTTTGCTGAAATCCACCAAGCCT","63G0A0A67",3,3,"GAA/CCT","mnv"
1326,"GAA","CCT",7832,470,470,"E/P","missense_variant","133M","AATTGACCTGTCCCAGGTGTATGAGCTGCTAGAGAAGGACTACCGCATGGAGCGCCCAGAAGGCTGCCCAGAGAAGGTCTATCCTCTCATGCGAGCATGTTGGCAGTGGAATCCCTCTGACCGGCCCTCCTTT","82G0A0A48",3,3,"GAA/CCT","mnv"
1359,"CT","AC",8049,471,471,"L/T","missense_variant","133M","GAAGGACTACCGCATGGAGCGCCCAGAAGGCTGCCCAGAGAAGGTCTATGAAACCATGCGAGCATGTTGGCAGTGGAATCCCTCTGACCGGCCCTCCTTTGCTGAAATCCACCAAGCCTTTGAAACAATGTTC","52C0T79",2,1,"CTc/ACc","mnv"
1344,"CTC","AAG",8008,471,471,"L/K","missense_variant","133M","GTATGAGCTGCTAGAGAAGGACTACCGCATGGAGCGCCCAGAAGGCTGCCCAGAGAAGGTCTATGAAAAGATGCGAGCATGTTGGCAGTGGAATCCCTCTGACCGGCCCTCCTTTGCTGAAATCCACCAAGCC","67C0T0C63",3,2,"CTC/AAG","mnv"
1337,"CTC","AAG",7964,471,471,"L/K","missense_variant","133M","CCCAGGTGTATGAGCTGCTAGAGAAGGACTACCGCATGGAGCGCCCAGAAGGCTGCCCAGAGAAGGTCTATGAAAAGATGCGAGCATGTTGGCAGTGGAATCCCTCTGACCGGCCCTCCTTTGCTGAAATCCA","74C0T0C56",3,2,"CTC/AAG","mnv"
1344,"CTC","GAG",8008,471,471,"L/E","missense_variant","133M","GTATGAGCTGCTAGAGAAGGACTACCGCATGGAGCGCCCAGAAGGCTGCCCAGAGAAGGTCTATGAAGAGATGCGAGCATGTTGGCAGTGGAATCCCTCTGACCGGCCCTCCTTTGCTGAAATCCACCAAGCC","67C0T0C63",3,3,"CTC/GAG","mnv"
1334,"CTC","GAG",7962,471,471,"L/E","missense_variant","133M","TGTCCCAGGTGTATGAGCTGCTAGAGAAGGACTACCGCATGGAGCGCCCAGAAGGCTGCCCAGAGAAGGTCTATGAAGAGATGCGAGCATGTTGGCAGTGGAATCCCTCTGACCGGCCCTCCTTTGCTGAAAT","77C0T0C53",3,3,"CTC/GAG","mnv"
1314,"CTC","GAG",7566,471,471,"L/E","missense_variant","133M","CCCTTACCCGGGAATTGACCTGTCCCAGGTGTATGAGCTGCTAGAGAAGGACTACCGCATGGAGCGCCCAGAAGGCTGCCCAGAGAAGGTCTATGAAGAGATGCGAGCATGTTGGCAGTGGAATCCCTCTGAC","97C0T0C33",3,3,"CTC/GAG","mnv"
1367,"CTC","GCT",8017,471,471,"L/A","missense_variant","133M","ACCGCATGGAGCGCCCAGAAGGCTGCCCAGAGAAGGTCTATGAAGCTATGCGAGCATGTTGGCAGTGGAATCCCTCTGACCGGCCCTCCTTTGCTGAAATCCACCAAGCCTTTGAAACAATGTTCCAGGAATC","44C0T0C86",3,2,"CTC/GCT","mnv"
1374,"CTC","GCT",8014,471,471,"L/A","missense_variant","133M","GGAGCGCCCAGAAGGCTGCCCAGAGAAGGTCTATGAAGCTATGCGAGCATGTTGGCAGTGGAATCCCTCTGACCGGCCCTCCTTTGCTGAAATCCACCAAGCCTTTGAAACAATGTTCCAGGAATCCAGTATC","37C0T0C93",3,2,"CTC/GCT","mnv"
1299,"CTC","GTG",7406,471,471,"L/V","missense_variant","133M","TACCTATGGCATGTCCCCTTACCCGGGAATTGACCTGTCCCAGGTGTATGAGCTGCTAGAGAAGGACTACCGCATGGAGCGCCCAGAAGGCTGCCCAGAGAAGGTCTATGAAGTGATGCGAGCATGTTGGCAG","112C1C18",2,16,"CTC/GTG","mnv"
1301,"CTC","GTG",7481,471,471,"L/V","missense_variant","133M","CCTATGGCATGTCCCCTTACCCGGGAATTGACCTGTCCCAGGTGTATGAGCTGCTAGAGAAGGACTACCGCATGGAGCGCCCAGAAGGCTGCCCAGAGAAGGTCTATGAAGTGATGCGAGCATGTTGGCAGTG","110C1C20",2,16,"CTC/GTG","mnv"
1328,"CTC","GTG",7901,471,471,"L/V","missense_variant","133M","TTGACCTGTCCCAGGTGTATGAGCTGCTAGAGAAGGACTACCGCATGGAGCGCCCAGAAGGCTGCCCAGAGAAGGTCTATGAAGTGATGCGAGCATGTTGGCAGTGGAATCCCTCTGACCGGCCCTCCTTTGC","83C1C47",2,16,"CTC/GTG","mnv"
1315,"CTC","GTG",7555,471,471,"L/V","missense_variant","133M","CCTTACCCGGGAATTGACCTGTCCCAGGTGTATGAGCTGCTAGAGAAGGACTACCGCATGGAGCGCCCAGAAGGCTGCCCAGAGAAGGTCTATGAAGTGATGCGAGCATGTTGGCAGTGGAATCCCTCTGACC","96C1C34",2,16,"CTC/GTG","mnv"
1362,"CTC","GTG",8029,471,471,"L/V","missense_variant","133M","GGACTACCGCATGGAGCGCCCAGAAGGCTGCCCAGAGAAGGTCTATGAAGTGATGCGAGCATGTTGGCAGTGGAATCCCTCTGACCGGCCCTCCTTTGCTGAAATCCACCAAGCCTTTGAAACAATGTTCCAG","49C1C81",2,16,"CTC/GTG","mnv"
1373,"CTC","GTG",8039,471,471,"L/V","missense_variant","133M","TGGAGCGCCCAGAAGGCTGCCCAGAGAAGGTCTATGAAGTGATGCGAGCATGTTGGCAGTGGAATCCCTCTGACCGGCCCTCCTTTGCTGAAATCCACCAAGCCTTTGAAACAATGTTCCAGGAATCCAGTAT","38C1C92",2,16,"CTC/GTG","mnv"
1324,"CTC","GTG",7786,471,471,"L/V","missense_variant","133M","GGAATTGACCTGTCCCAGGTGTATGAGCTGCTAGAGAAGGACTACCGCATGGAGCGCCCAGAAGGCTGCCCAGAGAAGGTCTATGAAGTGATGCGAGCATGTTGGCAGTGGAATCCCTCTGACCGGCCCTCCT","87C1C43",2,16,"CTC/GTG","mnv"
1338,"CTC","GTG",7961,471,471,"L/V","missense_variant","133M","CCAGGTGTATGAGCTGCTAGAGAAGGACTACCGCATGGAGCGCCCAGAAGGCTGCCCAGAGAAGGTCTATGAAGTGATGCGAGCATGTTGGCAGTGGAATCCCTCTGACCGGCCCTCCTTTGCTGAAATCCAC","73C1C57",2,16,"CTC/GTG","mnv"
1361,"CTC","GTG",8057,471,471,"L/V","missense_variant","133M","AGGACTACCGCATGGAGCGCCCAGAAGGCTGCCCAGAGAAGGTCTATGAAGTGATGCGAGCATGTTGGCAGTGGAATCCCTCTGACCGGCCCTCCTTTGCTGAAATCCACCAAGCCTTTGAAACAATGTTCCA","50C1C80",2,16,"CTC/GTG","mnv"
1375,"CTC","GTG",8005,471,471,"L/V","missense_variant","133M","GAGCGCCCAGAAGGCTGCCCAGAGAAGGTCTATGAAGTGATGCGAGCATGTTGGCAGTGGAATCCCTCTGACCGGCCCTCCTTTGCTGAAATCCACCAAGCCTTTGAAACAATGTTCCAGGAATCCAGTATCT","36C1C94",2,16,"CTC/GTG","mnv"
1308,"CTC","GTG",7489,471,471,"L/V","missense_variant","133M","CATGTCCCCTTACCCGGGAATTGACCTGTCCCAGGTGTATGAGCTGCTAGAGAAGGACTACCGCATGGAGCGCCCAGAAGGCTGCCCAGAGAAGGTCTATGAAGTGATGCGAGCATGTTGGCAGTGGAATCCC","103C1C27",2,16,"CTC/GTG","mnv"
1327,"CTC","GTG",7875,471,471,"L/V","missense_variant","133M","ATTGACCTGTCCCAGGTGTATGAGCTGCTAGAGAAGGACTACCGCATGGAGCGCCCAGAAGGCTGCCCAGAGAAGGTCTATGAAGTGATGCGAGCATGTTGGCAGTGGAATCCCTCTGACCGGCCCTCCTTTG","84C1C46",2,16,"CTC/GTG","mnv"
1384,"CTC","GTG",7824,471,471,"L/V","missense_variant","133M","GAAGGCTGCCCAGAGAAGGTCTATGAAGTGATGCGAGCATGTTGGCAGTGGAATCCCTCTGACCGGCCCTCCTTTGCTGAAATCCACCAAGCCTTTGAAACAATGTTCCAGGAATCCAGTATCTCAGACGAAG","27C1C103",2,16,"CTC/GTG","mnv"
1357,"CTC","GTG",8009,471,471,"L/V","missense_variant","133M","GAGAAGGACTACCGCATGGAGCGCCCAGAAGGCTGCCCAGAGAAGGTCTATGAAGTGATGCGAGCATGTTGGCAGTGGAATCCCTCTGACCGGCCCTCCTTTGCTGAAATCCACCAAGCCTTTGAAACAATGT","54C1C76",2,16,"CTC/GTG","mnv"
1377,"CTC","GTG",8036,471,471,"L/V","missense_variant","133M","GCGCCCAGAAGGCTGCCCAGAGAAGGTCTATGAAGTGATGCGAGCATGTTGGCAGTGGAATCCCTCTGACCGGCCCTCCTTTGCTGAAATCCACCAAGCCTTTGAAACAATGTTCCAGGAATCCAGTATCTCA","34C1C96",2,16,"CTC/GTG","mnv"
1360,"CTC","GTG",8072,471,471,"L/V","missense_variant","133M","AAGGACTACCGCATGGAGCGCCCAGAAGGCTGCCCAGAGAAGGTCTATGAAGTGATGCGAGCATGTTGGCAGTGGAATCCCTCTGACCGGCCCTCCTTTGCTGAAATCCACCAAGCCTTTGAAACAATGTTCC","51C1C79",2,16,"CTC/GTG","mnv"
1331,"CTC","TGG",7898,471,471,"L/W","missense_variant","133M","ACCTGTCCCAGGTGTATGAGCTGCTAGAGAAGGACTACCGCATGGAGCGCCCAGAAGGCTGCCCAGAGAAGGTCTATGAATGGATGCGAGCATGTTGGCAGTGGAATCCCTCTGACCGGCCCTCCTTTGCTGA","80C0T0C50",3,2,"CTC/TGG","mnv"
1334,"CTC","TGG",7962,471,471,"L/W","missense_variant","133M","TGTCCCAGGTGTATGAGCTGCTAGAGAAGGACTACCGCATGGAGCGCCCAGAAGGCTGCCCAGAGAAGGTCTATGAATGGATGCGAGCATGTTGGCAGTGGAATCCCTCTGACCGGCCCTCCTTTGCTGAAAT","77C0T0C53",3,2,"CTC/TGG","mnv"
1339,"CGA","AAG",7919,473,473,"R/K","missense_variant","133M","CAGGTGTATGAGCTGCTAGAGAAGGACTACCGCATGGAGCGCCCAGAAGGCTGCCCAGAGAAGGTCTATGAACTCATGAAGGCATGTTGGCAGTGGAATCCCTCTGACCGGCCCTCCTTTGCTGAAATCCACC","78C0G0A52",3,10,"CGA/AAG","mnv"
1365,"CGA","AAG",8049,473,473,"R/K","missense_variant","132M","CTACCGCATGGAGCGCCCAGAAGGCTGCCCAGAGAAGGTCTATGAACTCATGAAGGCATGTTGGCAGTGGAATCCCTCTGACCGGCCCTCCTTTGCTGAAATCCACCAAGCCTTTGAAACAATGTTCCAGGA","52C0G0A77",3,10,"CGA/AAG","mnv"
1349,"CGA","AAG",8014,473,473,"R/K","missense_variant","133M","AGCTGCTAGAGAAGGACTACCGCATGGAGCGCCCAGAAGGCTGCCCAGAGAAGGTCTATGAACTCATGAAGGCATGTTGGCAGTGGAATCCCTCTGACCGGCCCTCCTTTGCTGAAATCCACCAAGCCTTTGA","68C0G0A62",3,10,"CGA/AAG","mnv"
1376,"CGA","AAG",7988,473,473,"R/K","missense_variant","133M","AGCGCCCAGAAGGCTGCCCAGAGAAGGTCTATGAACTCATGAAGGCATGTTGGCAGTGGAATCCCTCTGACCGGCCCTCCTTTGCTGAAATCCACCAAGCCTTTGAAACAATGTTCCAGGAATCCAGTATCTC","41C0G0A89",3,10,"CGA/AAG","mnv"
1370,"CGA","AAG",8055,473,473,"R/K","missense_variant","133M","GCATGGAGCGCCCAGAAGGCTGCCCAGAGAAGGTCTATGAACTCATGAAGGCATGTTGGCAGTGGAATCCCTCTGACCGGCCCTCCTTTGCTGAAATCCACCAAGCCTTTGAAACAATGTTCCAGGAATCCAG","47C0G0A83",3,10,"CGA/AAG","mnv"
1377,"CGA","AAG",8036,473,473,"R/K","missense_variant","133M","GCGCCCAGAAGGCTGCCCAGAGAAGGTCTATGAACTCATGAAGGCATGTTGGCAGTGGAATCCCTCTGACCGGCCCTCCTTTGCTGAAATCCACCAAGCCTTTGAAACAATGTTCCAGGAATCCAGTATCTCA","40C0G0A90",3,10,"CGA/AAG","mnv"
1327,"CGA","AAG",7875,473,473,"R/K","missense_variant","133M","ATTGACCTGTCCCAGGTGTATGAGCTGCTAGAGAAGGACTACCGCATGGAGCGCCCAGAAGGCTGCCCAGAGAAGGTCTATGAACTCATGAAGGCATGTTGGCAGTGGAATCCCTCTGACCGGCCCTCCTTTG","90C0G0A40",3,10,"CGA/AAG","mnv"
1331,"CGA","AAG",7898,473,473,"R/K","missense_variant","133M","ACCTGTCCCAGGTGTATGAGCTGCTAGAGAAGGACTACCGCATGGAGCGCCCAGAAGGCTGCCCAGAGAAGGTCTATGAACTCATGAAGGCATGTTGGCAGTGGAATCCCTCTGACCGGCCCTCCTTTGCTGA","86C0G0A44",3,10,"CGA/AAG","mnv"
1365,"CGA","AAG",8049,473,473,"R/K","missense_variant","133M","CTACCGCATGGAGCGCCCAGAAGGCTGCCCAGAGAAGGTCTATGAACTCATGAAGGCATGTTGGCAGTGGAATCCCTCTGACCGGCCCTCCTTTGCTGAAATCCACCAAGCCTTTGAAACAATGTTCCAGGAA","52C0G0A78",3,10,"CGA/AAG","mnv"
1375,"CGA","AAG",8005,473,473,"R/K","missense_variant","133M","GAGCGCCCAGAAGGCTGCCCAGAGAAGGTCTATGAACTCATGAAGGCATGTTGGCAGTGGAATCCCTCTGACCGGCCCTCCTTTGCTGAAATCCACCAAGCCTTTGAAACAATGTTCCAGGAATCCAGTATCT","42C0G0A88",3,10,"CGA/AAG","mnv"
1319,"CGA","TGG",7728,473,473,"R/W","missense_variant","133M","ACCCGGGAATTGACCTGTCCCAGGTGTATGAGCTGCTAGAGAAGGACTACCGCATGGAGCGCCCAGAAGGCTGCCCAGAGAAGGTCTATGAACTCATGTGGGCATGTTGGCAGTGGAATCCCTCTGACCGGCC","98C1A32",2,4,"CGA/TGG","mnv"
1328,"CGA","TGG",7901,473,473,"R/W","missense_variant","133M","TTGACCTGTCCCAGGTGTATGAGCTGCTAGAGAAGGACTACCGCATGGAGCGCCCAGAAGGCTGCCCAGAGAAGGTCTATGAACTCATGTGGGCATGTTGGCAGTGGAATCCCTCTGACCGGCCCTCCTTTGC","89C1A41",2,4,"CGA/TGG","mnv"
1400,"CGA","TGG",8122,473,473,"R/W","missense_variant","133M","AGGTCTATGAACTCATGTGGGCATGTTGGCAGTGGAATCCCTCTGACCGGCCCTCCTTTGCTGAAATCCACCAAGCCTTTGAAACAATGTTCCAGGAATCCAGTATCTCAGACGAAGTGGAAAAGGAGCTGGG","17C1A113",2,4,"CGA/TGG","mnv"
1350,"CGA","TGG",8001,473,473,"R/W","missense_variant","133M","GCTGCTAGAGAAGGACTACCGCATGGAGCGCCCAGAAGGCTGCCCAGAGAAGGTCTATGAACTCATGTGGGCATGTTGGCAGTGGAATCCCTCTGACCGGCCCTCCTTTGCTGAAATCCACCAAGCCTTTGAA","67C1A63",2,4,"CGA/TGG","mnv"
1326,"CGA","TTC",7832,473,473,"R/F","missense_variant","133M","AATTGACCTGTCCCAGGTGTATGAGCTGCTAGAGAAGGACTACCGCATGGAGCGCCCAGAAGGCTGCCCAGAGAAGGTCTATGAACTCATGTTCGCATGTTGGCAGTGGAATCCCTCTGACCGGCCCTCCTTT","91C0G0A39",3,1,"CGA/TTC","mnv"
1339,"GCA","CAG",7919,474,474,"A/Q","missense_variant","133M","CAGGTGTATGAGCTGCTAGAGAAGGACTACCGCATGGAGCGCCCAGAAGGCTGCCCAGAGAAGGTCTATGAACTCATGCGACAGTGTTGGCAGTGGAATCCCTCTGACCGGCCCTCCTTTGCTGAAATCCACC","81G0C0A49",3,2,"GCA/CAG","mnv"
1323,"GCA","CAG",7792,474,474,"A/Q","missense_variant","133M","GGGAATTGACCTGTCCCAGGTGTATGAGCTGCTAGAGAAGGACTACCGCATGGAGCGCCCAGAAGGCTGCCCAGAGAAGGTCTATGAACTCATGCGACAGTGTTGGCAGTGGAATCCCTCTGACCGGCCCTCC","97G0C0A33",3,2,"GCA/CAG","mnv"
1329,"TGT","ATG",7903,475,475,"NaN","splice_donor_variant","133M","TGACCTGTCCCAGGTGTATGAGCTGCTAGAGAAGGACTACCGCATGGAGCGCCCAGAAGGCTGCCCAGAGAAGGTCTATGAACTCATGCGAGCAATGTGGCAGTGGAATCCCTCTGACCGGCCCTCCTTTGCT","94T0G0T36",3,3,"NaN","mnv"
1336,"TGT","ATG",7945,475,475,"NaN","splice_donor_variant","133M","TCCCAGGTGTATGAGCTGCTAGAGAAGGACTACCGCATGGAGCGCCCAGAAGGCTGCCCAGAGAAGGTCTATGAACTCATGCGAGCAATGTGGCAGTGGAATCCCTCTGACCGGCCCTCCTTTGCTGAAATCC","87T0G0T43",3,3,"NaN","mnv"
1360,"TGT","ATG",8072,475,475,"NaN","splice_donor_variant","133M","AAGGACTACCGCATGGAGCGCCCAGAAGGCTGCCCAGAGAAGGTCTATGAACTCATGCGAGCAATGTGGCAGTGGAATCCCTCTGACCGGCCCTCCTTTGCTGAAATCCACCAAGCCTTTGAAACAATGTTCC","63T0G0T67",3,3,"NaN","mnv"
1338,"CA","AT",7961,477,477,"Q/M","missense_variant","133M","CCAGGTGTATGAGCTGCTAGAGAAGGACTACCGCATGGAGCGCCCAGAAGGCTGCCCAGAGAAGGTCTATGAACTCATGCGAGCATGTTGGATGTGGAATCCCTCTGACCGGCCCTCCTTTGCTGAAATCCAC","91C0A40",2,7,"CAg/ATg","mnv"
1323,"CA","AT",7792,477,477,"Q/M","missense_variant","133M","GGGAATTGACCTGTCCCAGGTGTATGAGCTGCTAGAGAAGGACTACCGCATGGAGCGCCCAGAAGGCTGCCCAGAGAAGGTCTATGAACTCATGCGAGCATGTTGGATGTGGAATCCCTCTGACCGGCCCTCC","106C0A25",2,7,"CAg/ATg","mnv"
1306,"CA","AT",7452,477,477,"Q/M","missense_variant","133M","GGCATGTCCCCTTACCCGGGAATTGACCTGTCCCAGGTGTATGAGCTGCTAGAGAAGGACTACCGCATGGAGCGCCCAGAAGGCTGCCCAGAGAAGGTCTATGAACTCATGCGAGCATGTTGGATGTGGAATC","123C0A8",2,7,"CAg/ATg","mnv"
1417,"CA","AT",8181,477,477,"Q/M","missense_variant","133M","CGAGCATGTTGGATGTGGAATCCCTCTGACCGGCCCTCCTTTGCTGAAATCCACCAAGCCTTTGAAACAATGTTCCAGGAATCCAGTATCTCAGACGAAGTGGAAAAGGAGCTGGGGAAACAAGGCGTCCGTG","12C0A119",2,7,"CAg/ATg","mnv"
1399,"CA","AT",8099,477,477,"Q/M","missense_variant","133M","AAGGTCTATGAACTCATGCGAGCATGTTGGATGTGGAATCCCTCTGACCGGCCCTCCTTTGCTGAAATCCACCAAGCCTTTGAAACAATGTTCCAGGAATCCAGTATCTCAGACGAAGTGGAAAAGGAGCTGG","30C0A101",2,7,"CAg/ATg","mnv"
1327,"CA","AT",7875,477,477,"Q/M","missense_variant","133M","ATTGACCTGTCCCAGGTGTATGAGCTGCTAGAGAAGGACTACCGCATGGAGCGCCCAGAAGGCTGCCCAGAGAAGGTCTATGAACTCATGCGAGCATGTTGGATGTGGAATCCCTCTGACCGGCCCTCCTTTG","102C0A29",2,7,"CAg/ATg","mnv"
1344,"CA","AT",8008,477,477,"Q/M","missense_variant","133M","GTATGAGCTGCTAGAGAAGGACTACCGCATGGAGCGCCCAGAAGGCTGCCCAGAGAAGGTCTATGAACTCATGCGAGCATGTTGGATGTGGAATCCCTCTGACCGGCCCTCCTTTGCTGAAATCCACCAAGCC","85C0A46",2,7,"CAg/ATg","mnv"
1397,"CAG","ATC",7941,477,477,"Q/I","missense_variant","133M","AGAAGGTCTATGAACTCATGCGAGCATGTTGGATCTGGAATCCCTCTGACCGGCCCTCCTTTGCTGAAATCCACCAAGCCTTTGAAACAATGTTCCAGGAATCCAGTATCTCAGACGAAGTGGAAAAGGAGCT","32C0A0G98",3,2,"CAG/ATC","mnv"
1365,"CAG","ATC",8049,477,477,"Q/I","missense_variant","132M","CTACCGCATGGAGCGCCCAGAAGGCTGCCCAGAGAAGGTCTATGAACTCATGCGAGCATGTTGGATCTGGAATCCCTCTGACCGGCCCTCCTTTGCTGAAATCCACCAAGCCTTTGAAACAATGTTCCAGGA","64C0A0G65",3,2,"CAG/ATC","mnv"
1357,"TG","AT",8009,478,478,"W/M","missense_variant","133M","GAGAAGGACTACCGCATGGAGCGCCCAGAAGGCTGCCCAGAGAAGGTCTATGAACTCATGCGAGCATGTTGGCAGATGAATCCCTCTGACCGGCCCTCCTTTGCTGAAATCCACCAAGCCTTTGAAACAATGT","75T0G56",2,3,"TGg/ATg","mnv"
1371,"TG","AT",8050,478,478,"W/M","missense_variant","133M","CATGGAGCGCCCAGAAGGCTGCCCAGAGAAGGTCTATGAACTCATGCGAGCATGTTGGCAGATGAATCCCTCTGACCGGCCCTCCTTTGCTGAAATCCACCAAGCCTTTGAAACAATGTTCCAGGAATCCAGT","61T0G70",2,3,"TGg/ATg","mnv"
1366,"TG","AT",8020,478,478,"W/M","missense_variant","133M","TACCGCATGGAGCGCCCAGAAGGCTGCCCAGAGAAGGTCTATGAACTCATGCGAGCATGTTGGCAGATGAATCCCTCTGACCGGCCCTCCTTTGCTGAAATCCACCAAGCCTTTGAAACAATGTTCCAGGAAT","66T0G65",2,3,"TGg/ATg","mnv"
1425,"TGG","AGC",7963,478,478,"W/S","missense_variant","133M","TTGGCAGAGCAATCCCTCTGACCGGCCCTCCTTTGCTGAAATCCACCAAGCCTTTGAAACAATGTTCCAGGAATCCAGTATCTCAGACGAAGTGGAAAAGGAGCTGGGGAAACAAGGCGTCCGTGGGGCTGTG","7T1G123",2,3,"TGG/AGC","mnv"
1415,"TGG","AGC",8075,478,478,"W/S","missense_variant","133M","TGCGAGCATGTTGGCAGAGCAATCCCTCTGACCGGCCCTCCTTTGCTGAAATCCACCAAGCCTTTGAAACAATGTTCCAGGAATCCAGTATCTCAGACGAAGTGGAAAAGGAGCTGGGGAAACAAGGCGTCCG","17T1G113",2,3,"TGG/AGC","mnv"
1317,"TGG","AGC",7634,478,478,"W/S","missense_variant","133M","TTACCCGGGAATTGACCTGTCCCAGGTGTATGAGCTGCTAGAGAAGGACTACCGCATGGAGCGCCCAGAAGGCTGCCCAGAGAAGGTCTATGAACTCATGCGAGCATGTTGGCAGAGCAATCCCTCTGACCGG","115T1G15",2,3,"TGG/AGC","mnv"
1348,"TGG","GCT",8015,478,478,"W/A","missense_variant","133M","GAGCTGCTAGAGAAGGACTACCGCATGGAGCGCCCAGAAGGCTGCCCAGAGAAGGTCTATGAACTCATGCGAGCATGTTGGCAGGCTAATCCCTCTGACCGGCCCTCCTTTGCTGAAATCCACCAAGCCTTTG","84T0G0G46",3,1,"TGG/GCT","mnv"
1309,"AA","GC",7520,479,479,"N/A","missense_variant","133M","ATGTCCCCTTACCCGGGAATTGACCTGTCCCAGGTGTATGAGCTGCTAGAGAAGGACTACCGCATGGAGCGCCCAGAAGGCTGCCCAGAGAAGGTCTATGAACTCATGCGAGCATGTTGGCAGTGGGCTCCCT","126A0A5",2,4,"AAt/GCt","mnv"
1376,"AA","GC",7988,479,479,"N/A","missense_variant","133M","AGCGCCCAGAAGGCTGCCCAGAGAAGGTCTATGAACTCATGCGAGCATGTTGGCAGTGGGCTCCCTCTGACCGGCCCTCCTTTGCTGAAATCCACCAAGCCTTTGAAACAATGTTCCAGGAATCCAGTATCTC","59A0A72",2,4,"AAt/GCt","mnv"
1331,"AA","GC",7898,479,479,"N/A","missense_variant","133M","ACCTGTCCCAGGTGTATGAGCTGCTAGAGAAGGACTACCGCATGGAGCGCCCAGAAGGCTGCCCAGAGAAGGTCTATGAACTCATGCGAGCATGTTGGCAGTGGGCTCCCTCTGACCGGCCCTCCTTTGCTGA","104A0A27",2,4,"AAt/GCt","mnv"
1430,"AA","GC",7926,479,479,"N/A","missense_variant","133M","AGTGGGCTCCCTCTGACCGGCCCTCCTTTGCTGAAATCCACCAAGCCTTTGAAACAATGTTCCAGGAATCCAGTATCTCAGACGAAGTGGAAAAGGAGCTGGGGAAACAAGGCGTCCGTGGGGCTGTGAGTAC","5A0A126",2,4,"AAt/GCt","mnv"
1364,"CC","AG",8046,480,480,"P/S","missense_variant","133M","ACTACCGCATGGAGCGCCCAGAAGGCTGCCCAGAGAAGGTCTATGAACTCATGCGAGCATGTTGGCAGTGGAATAGCTCTGACCGGCCCTCCTTTGCTGAAATCCACCAAGCCTTTGAAACAATGTTCCAGGA","74C0C57",2,6,"CCc/AGc","mnv"
1356,"CC","AG",7998,480,480,"P/S","missense_variant","133M","AGAGAAGGACTACCGCATGGAGCGCCCAGAAGGCTGCCCAGAGAAGGTCTATGAACTCATGCGAGCATGTTGGCAGTGGAATAGCTCTGACCGGCCCTCCTTTGCTGAAATCCACCAAGCCTTTGAAACAATG","82C0C49",2,6,"CCc/AGc","mnv"
1360,"CC","AG",8072,480,480,"P/S","missense_variant","133M","AAGGACTACCGCATGGAGCGCCCAGAAGGCTGCCCAGAGAAGGTCTATGAACTCATGCGAGCATGTTGGCAGTGGAATAGCTCTGACCGGCCCTCCTTTGCTGAAATCCACCAAGCCTTTGAAACAATGTTCC","78C0C53",2,6,"CCc/AGc","mnv"
1415,"CC","AG",8075,480,480,"P/S","missense_variant","133M","TGCGAGCATGTTGGCAGTGGAATAGCTCTGACCGGCCCTCCTTTGCTGAAATCCACCAAGCCTTTGAAACAATGTTCCAGGAATCCAGTATCTCAGACGAAGTGGAAAAGGAGCTGGGGAAACAAGGCGTCCG","23C0C108",2,6,"CCc/AGc","mnv"
1390,"CC","AG",7942,480,480,"P/S","missense_variant","133M","TGCCCAGAGAAGGTCTATGAACTCATGCGAGCATGTTGGCAGTGGAATAGCTCTGACCGGCCCTCCTTTGCTGAAATCCACCAAGCCTTTGAAACAATGTTCCAGGAATCCAGTATCTCAGACGAAGTGGAAA","48C0C83",2,6,"CCc/AGc","mnv"
1408,"CC","AG",8154,480,480,"P/S","missense_variant","133M","GAACTCATGCGAGCATGTTGGCAGTGGAATAGCTCTGACCGGCCCTCCTTTGCTGAAATCCACCAAGCCTTTGAAACAATGTTCCAGGAATCCAGTATCTCAGACGAAGTGGAAAAGGAGCTGGGGAAACAAG","30C0C101",2,6,"CCc/AGc","mnv"
1314,"CC","TT",7566,480,480,"P/F","missense_variant","133M","CCCTTACCCGGGAATTGACCTGTCCCAGGTGTATGAGCTGCTAGAGAAGGACTACCGCATGGAGCGCCCAGAAGGCTGCCCAGAGAAGGTCTATGAACTCATGCGAGCATGTTGGCAGTGGAATTTCTCTGAC","124C0C7",2,2,"CCc/TTc","mnv"
1391,"CC","TT",8017,480,480,"P/F","missense_variant","133M","GCCCAGAGAAGGTCTATGAACTCATGCGAGCATGTTGGCAGTGGAATTTCTCTGACCGGCCCTCCTTTGCTGAAATCCACCAAGCCTTTGAAACAATGTTCCAGGAATCCAGTATCTCAGACGAAGTGGAAAA","47C0C84",2,2,"CCc/TTc","mnv"
1365,"TCT","AGA",8049,481,481,"S/R","missense_variant","133M","CTACCGCATGGAGCGCCCAGAAGGCTGCCCAGAGAAGGTCTATGAACTCATGCGAGCATGTTGGCAGTGGAATCCCAGAGACCGGCCCTCCTTTGCTGAAATCCACCAAGCCTTTGAAACAATGTTCCAGGAA","76T0C0T54",3,10,"TCT/AGA","mnv"
1368,"TCT","AGA",8004,481,481,"S/R","missense_variant","133M","CCGCATGGAGCGCCCAGAAGGCTGCCCAGAGAAGGTCTATGAACTCATGCGAGCATGTTGGCAGTGGAATCCCAGAGACCGGCCCTCCTTTGCTGAAATCCACCAAGCCTTTGAAACAATGTTCCAGGAATCC","73T0C0T57",3,10,"TCT/AGA","mnv"
1359,"TCT","AGA",8049,481,481,"S/R","missense_variant","133M","GAAGGACTACCGCATGGAGCGCCCAGAAGGCTGCCCAGAGAAGGTCTATGAACTCATGCGAGCATGTTGGCAGTGGAATCCCAGAGACCGGCCCTCCTTTGCTGAAATCCACCAAGCCTTTGAAACAATGTTC","82T0C0T48",3,10,"TCT/AGA","mnv"
1386,"TCT","AGA",7820,481,481,"S/R","missense_variant","133M","AGGCTGCCCAGAGAAGGTCTATGAACTCATGCGAGCATGTTGGCAGTGGAATCCCAGAGACCGGCCCTCCTTTGCTGAAATCCACCAAGCCTTTGAAACAATGTTCCAGGAATCCAGTATCTCAGACGAAGTG","55T0C0T75",3,10,"TCT/AGA","mnv"
1410,"TCT","AGA",8135,481,481,"S/R","missense_variant","133M","ACTCATGCGAGCATGTTGGCAGTGGAATCCCAGAGACCGGCCCTCCTTTGCTGAAATCCACCAAGCCTTTGAAACAATGTTCCAGGAATCCAGTATCTCAGACGAAGTGGAAAAGGAGCTGGGGAAACAAGGC","31T0C0T99",3,10,"TCT/AGA","mnv"
1432,"TCT","AGA",7971,481,481,"S/R","missense_variant","133M","TGGAATCCCAGAGACCGGCCCTCCTTTGCTGAAATCCACCAAGCCTTTGAAACAATGTTCCAGGAATCCAGTATCTCAGACGAAGTGGAAAAGGAGCTGGGGAAACAAGGCGTCCGTGGGGCTGTGAGTACCT","9T0C0T121",3,10,"TCT/AGA","mnv"
1344,"TCT","AGA",8008,481,481,"S/R","missense_variant","133M","GTATGAGCTGCTAGAGAAGGACTACCGCATGGAGCGCCCAGAAGGCTGCCCAGAGAAGGTCTATGAACTCATGCGAGCATGTTGGCAGTGGAATCCCAGAGACCGGCCCTCCTTTGCTGAAATCCACCAAGCC","97T0C0T33",3,10,"TCT/AGA","mnv"
1377,"TCT","AGA",8036,481,481,"S/R","missense_variant","133M","GCGCCCAGAAGGCTGCCCAGAGAAGGTCTATGAACTCATGCGAGCATGTTGGCAGTGGAATCCCAGAGACCGGCCCTCCTTTGCTGAAATCCACCAAGCCTTTGAAACAATGTTCCAGGAATCCAGTATCTCA","64T0C0T66",3,10,"TCT/AGA","mnv"
1388,"TCT","AGA",7843,481,481,"S/R","missense_variant","133M","GCTGCCCAGAGAAGGTCTATGAACTCATGCGAGCATGTTGGCAGTGGAATCCCAGAGACCGGCCCTCCTTTGCTGAAATCCACCAAGCCTTTGAAACAATGTTCCAGGAATCCAGTATCTCAGACGAAGTGGA","53T0C0T77",3,10,"TCT/AGA","mnv"
1358,"TCT","AGA",8016,481,481,"S/R","missense_variant","133M","AGAAGGACTACCGCATGGAGCGCCCAGAAGGCTGCCCAGAGAAGGTCTATGAACTCATGCGAGCATGTTGGCAGTGGAATCCCAGAGACCGGCCCTCCTTTGCTGAAATCCACCAAGCCTTTGAAACAATGTT","83T0C0T47",3,10,"TCT/AGA","mnv"
1370,"GA","AT",8055,482,482,"D/I","missense_variant","133M","GCATGGAGCGCCCAGAAGGCTGCCCAGAGAAGGTCTATGAACTCATGCGAGCATGTTGGCAGTGGAATCCCTCTATCCGGCCCTCCTTTGCTGAAATCCACCAAGCCTTTGAAACAATGTTCCAGGAATCCAG","74G0A57",2,1,"GAc/ATc","mnv"
1363,"GAC","ATG",8052,482,482,"D/M","missense_variant","133M","GACTACCGCATGGAGCGCCCAGAAGGCTGCCCAGAGAAGGTCTATGAACTCATGCGAGCATGTTGGCAGTGGAATCCCTCTATGCGGCCCTCCTTTGCTGAAATCCACCAAGCCTTTGAAACAATGTTCCAGG","81G0A0C49",3,1,"GAC/ATG","mnv"
1396,"CCC","AAG",7912,484,484,"P/K","missense_variant","133M","GAGAAGGTCTATGAACTCATGCGAGCATGTTGGCAGTGGAATCCCTCTGACCGGAAGTCCTTTGCTGAAATCCACCAAGCCTTTGAAACAATGTTCCAGGAATCCAGTATCTCAGACGAAGTGGAAAAGGAGC","54C0C0C76",3,17,"CCC/AAG","mnv"
1386,"CCC","AAG",7820,484,484,"P/K","missense_variant","133M","AGGCTGCCCAGAGAAGGTCTATGAACTCATGCGAGCATGTTGGCAGTGGAATCCCTCTGACCGGAAGTCCTTTGCTGAAATCCACCAAGCCTTTGAAACAATGTTCCAGGAATCCAGTATCTCAGACGAAGTG","64C0C0C66",3,17,"CCC/AAG","mnv"
1374,"CCC","AAG",8014,484,484,"P/K","missense_variant","133M","GGAGCGCCCAGAAGGCTGCCCAGAGAAGGTCTATGAACTCATGCGAGCATGTTGGCAGTGGAATCCCTCTGACCGGAAGTCCTTTGCTGAAATCCACCAAGCCTTTGAAACAATGTTCCAGGAATCCAGTATC","76C0C0C54",3,17,"CCC/AAG","mnv"
1363,"CCC","AAG",8052,484,484,"P/K","missense_variant","133M","GACTACCGCATGGAGCGCCCAGAAGGCTGCCCAGAGAAGGTCTATGAACTCATGCGAGCATGTTGGCAGTGGAATCCCTCTGACCGGAAGTCCTTTGCTGAAATCCACCAAGCCTTTGAAACAATGTTCCAGG","87C0C0C43",3,17,"CCC/AAG","mnv"
1408,"CCC","AAG",8154,484,484,"P/K","missense_variant","133M","GAACTCATGCGAGCATGTTGGCAGTGGAATCCCTCTGACCGGAAGTCCTTTGCTGAAATCCACCAAGCCTTTGAAACAATGTTCCAGGAATCCAGTATCTCAGACGAAGTGGAAAAGGAGCTGGGGAAACAAG","42C0C0C88",3,17,"CCC/AAG","mnv"
1391,"CCC","AAG",8017,484,484,"P/K","missense_variant","133M","GCCCAGAGAAGGTCTATGAACTCATGCGAGCATGTTGGCAGTGGAATCCCTCTGACCGGAAGTCCTTTGCTGAAATCCACCAAGCCTTTGAAACAATGTTCCAGGAATCCAGTATCTCAGACGAAGTGGAAAA","59C0C0C71",3,17,"CCC/AAG","mnv"
1359,"CCC","AAG",8049,484,484,"P/K","missense_variant","133M","GAAGGACTACCGCATGGAGCGCCCAGAAGGCTGCCCAGAGAAGGTCTATGAACTCATGCGAGCATGTTGGCAGTGGAATCCCTCTGACCGGAAGTCCTTTGCTGAAATCCACCAAGCCTTTGAAACAATGTTC","91C0C0C39",3,17,"CCC/AAG","mnv"
1417,"CCC","AAG",8181,484,484,"P/K","missense_variant","133M","CGAGCATGTTGGCAGTGGAATCCCTCTGACCGGAAGTCCTTTGCTGAAATCCACCAAGCCTTTGAAACAATGTTCCAGGAATCCAGTATCTCAGACGAAGTGGAAAAGGAGCTGGGGAAACAAGGCGTCCGTG","33C0C0C97",3,17,"CCC/AAG","mnv"
1417,"CCC","AAG",8181,484,484,"P/K","missense_variant","133M","CGAGCATGTTGGCAGTGGAATCCCTCTGACCGGAAGTCCTTTGCTGAAATCCACCAAGCCTTTGAAACAATGTTCCAGGAATCCAGTATCTCAGACGAAGTGGAAAAGGAGCTGGGGAAACAAGGCGTCCGTG","33C0C0C97",3,17,"CCC/AAG","mnv"
1442,"CCC","AAG",7748,484,484,"P/K","missense_variant","133M","CTGACCGGAAGTCCTTTGCTGAAATCCACCAAGCCTTTGAAACAATGTTCCAGGAATCCAGTATCTCAGACGAAGTGGAAAAGGAGCTGGGGAAACAAGGCGTCCGTGGGGCTGTGAGTACCTTGCTGCAGGC","8C0C0C122",3,17,"CCC/AAG","mnv"
1356,"CCC","AAG",7998,484,484,"P/K","missense_variant","133M","AGAGAAGGACTACCGCATGGAGCGCCCAGAAGGCTGCCCAGAGAAGGTCTATGAACTCATGCGAGCATGTTGGCAGTGGAATCCCTCTGACCGGAAGTCCTTTGCTGAAATCCACCAAGCCTTTGAAACAATG","94C0C0C36",3,17,"CCC/AAG","mnv"
1382,"CCC","AAG",7939,484,484,"P/K","missense_variant","133M","CAGAAGGCTGCCCAGAGAAGGTCTATGAACTCATGCGAGCATGTTGGCAGTGGAATCCCTCTGACCGGAAGTCCTTTGCTGAAATCCACCAAGCCTTTGAAACAATGTTCCAGGAATCCAGTATCTCAGACGA","68C0C0C62",3,17,"CCC/AAG","mnv"
1392,"CCC","AAG",8020,484,484,"P/K","missense_variant","133M","CCCAGAGAAGGTCTATGAACTCATGCGAGCATGTTGGCAGTGGAATCCCTCTGACCGGAAGTCCTTTGCTGAAATCCACCAAGCCTTTGAAACAATGTTCCAGGAATCCAGTATCTCAGACGAAGTGGAAAAG","58C0C0C72",3,17,"CCC/AAG","mnv"
1411,"CCC","AAG",8117,484,484,"P/K","missense_variant","133M","CTCATGCGAGCATGTTGGCAGTGGAATCCCTCTGACCGGAAGTCCTTTGCTGAAATCCACCAAGCCTTTGAAACAATGTTCCAGGAATCCAGTATCTCAGACGAAGTGGAAAAGGAGCTGGGGAAACAAGGCG","39C0C0C91",3,17,"CCC/AAG","mnv"
1353,"CCC","AAG",8049,484,484,"P/K","missense_variant","133M","GCTAGAGAAGGACTACCGCATGGAGCGCCCAGAAGGCTGCCCAGAGAAGGTCTATGAACTCATGCGAGCATGTTGGCAGTGGAATCCCTCTGACCGGAAGTCCTTTGCTGAAATCCACCAAGCCTTTGAAACA","97C0C0C33",3,17,"CCC/AAG","mnv"
1369,"CCC","AAG",8028,484,484,"P/K","missense_variant","133M","CGCATGGAGCGCCCAGAAGGCTGCCCAGAGAAGGTCTATGAACTCATGCGAGCATGTTGGCAGTGGAATCCCTCTGACCGGAAGTCCTTTGCTGAAATCCACCAAGCCTTTGAAACAATGTTCCAGGAATCCA","81C0C0C49",3,17,"CCC/AAG","mnv"
1399,"CCC","AAG",8099,484,484,"P/K","missense_variant","133M","AAGGTCTATGAACTCATGCGAGCATGTTGGCAGTGGAATCCCTCTGACCGGAAGTCCTTTGCTGAAATCCACCAAGCCTTTGAAACAATGTTCCAGGAATCCAGTATCTCAGACGAAGTGGAAAAGGAGCTGG","51C0C0C79",3,17,"CCC/AAG","mnv"
1400,"TCC","CAG",8122,485,485,"S/Q","missense_variant","133M","AGGTCTATGAACTCATGCGAGCATGTTGGCAGTGGAATCCCTCTGACCGGCCCCAGTTTGCTGAAATCCACCAAGCCTTTGAAACAATGTTCCAGGAATCCAGTATCTCAGACGAAGTGGAAAAGGAGCTGGG","53T0C0C77",3,5,"TCC/CAG","mnv"
1414,"TCC","CAG",8027,485,485,"S/Q","missense_variant","133M","ATGCGAGCATGTTGGCAGTGGAATCCCTCTGACCGGCCCCAGTTTGCTGAAATCCACCAAGCCTTTGAAACAATGTTCCAGGAATCCAGTATCTCAGACGAAGTGGAAAAGGAGCTGGGGAAACAAGGCGTCC","39T0C0C91",3,5,"TCC/CAG","mnv"
1404,"TCC","CAG",8108,485,485,"S/Q","missense_variant","133M","CTATGAACTCATGCGAGCATGTTGGCAGTGGAATCCCTCTGACCGGCCCCAGTTTGCTGAAATCCACCAAGCCTTTGAAACAATGTTCCAGGAATCCAGTATCTCAGACGAAGTGGAAAAGGAGCTGGGGAAA","49T0C0C81",3,5,"TCC/CAG","mnv"
1407,"TCC","CAG",8129,485,485,"S/Q","missense_variant","133M","TGAACTCATGCGAGCATGTTGGCAGTGGAATCCCTCTGACCGGCCCCAGTTTGCTGAAATCCACCAAGCCTTTGAAACAATGTTCCAGGAATCCAGTATCTCAGACGAAGTGGAAAAGGAGCTGGGGAAACAA","46T0C0C84",3,5,"TCC/CAG","mnv"
1380,"TCC","CAG",7917,485,485,"S/Q","missense_variant","133M","CCCAGAAGGCTGCCCAGAGAAGGTCTATGAACTCATGCGAGCATGTTGGCAGTGGAATCCCTCTGACCGGCCCCAGTTTGCTGAAATCCACCAAGCCTTTGAAACAATGTTCCAGGAATCCAGTATCTCAGAC","73T0C0C57",3,5,"TCC/CAG","mnv"
1412,"TCC","GAT",8037,485,485,"S/D","missense_variant","133M","TCATGCGAGCATGTTGGCAGTGGAATCCCTCTGACCGGCCCGATTTTGCTGAAATCCACCAAGCCTTTGAAACAATGTTCCAGGAATCCAGTATCTCAGACGAAGTGGAAAAGGAGCTGGGGAAACAAGGCGT","41T0C0C89",3,1,"TCC/GAT","mnv"
1398,"TCC","GGT",8028,485,485,"S/G","missense_variant","133M","GAAGGTCTATGAACTCATGCGAGCATGTTGGCAGTGGAATCCCTCTGACCGGCCCGGTTTTGCTGAAATCCACCAAGCCTTTGAAACAATGTTCCAGGAATCCAGTATCTCAGACGAAGTGGAAAAGGAGCTG","55T0C0C75",3,3,"TCC/GGT","mnv"
1400,"TCC","GGT",8122,485,485,"S/G","missense_variant","133M","AGGTCTATGAACTCATGCGAGCATGTTGGCAGTGGAATCCCTCTGACCGGCCCGGTTTTGCTGAAATCCACCAAGCCTTTGAAACAATGTTCCAGGAATCCAGTATCTCAGACGAAGTGGAAAAGGAGCTGGG","53T0C0C77",3,3,"TCC/GGT","mnv"
1401,"TCC","GGT",8146,485,485,"S/G","missense_variant","133M","GGTCTATGAACTCATGCGAGCATGTTGGCAGTGGAATCCCTCTGACCGGCCCGGTTTTGCTGAAATCCACCAAGCCTTTGAAACAATGTTCCAGGAATCCAGTATCTCAGACGAAGTGGAAAAGGAGCTGGGG","52T0C0C78",3,3,"TCC/GGT","mnv"
1436,"GC","TG",7808,487,487,"A/C","missense_variant","133M","ATCCCTCTGACCGGCCCTCCTTTTGTGAAATCCACCAAGCCTTTGAAACAATGTTCCAGGAATCCAGTATCTCAGACGAAGTGGAAAAGGAGCTGGGGAAACAAGGCGTCCGTGGGGCTGTGAGTACCTTGCT","23G0C108",2,9,"GCt/TGt","mnv"
1408,"GC","TG",8154,487,487,"A/C","missense_variant","133M","GAACTCATGCGAGCATGTTGGCAGTGGAATCCCTCTGACCGGCCCTCCTTTTGTGAAATCCACCAAGCCTTTGAAACAATGTTCCAGGAATCCAGTATCTCAGACGAAGTGGAAAAGGAGCTGGGGAAACAAG","51G0C80",2,9,"GCt/TGt","mnv"
1430,"GC","TG",7926,487,487,"A/C","missense_variant","133M","AGTGGAATCCCTCTGACCGGCCCTCCTTTTGTGAAATCCACCAAGCCTTTGAAACAATGTTCCAGGAATCCAGTATCTCAGACGAAGTGGAAAAGGAGCTGGGGAAACAAGGCGTCCGTGGGGCTGTGAGTAC","29G0C102",2,9,"GCt/TGt","mnv"
1396,"GC","TG",7912,487,487,"A/C","missense_variant","133M","GAGAAGGTCTATGAACTCATGCGAGCATGTTGGCAGTGGAATCCCTCTGACCGGCCCTCCTTTTGTGAAATCCACCAAGCCTTTGAAACAATGTTCCAGGAATCCAGTATCTCAGACGAAGTGGAAAAGGAGC","63G0C68",2,9,"GCt/TGt","mnv"
1407,"GC","TG",8129,487,487,"A/C","missense_variant","133M","TGAACTCATGCGAGCATGTTGGCAGTGGAATCCCTCTGACCGGCCCTCCTTTTGTGAAATCCACCAAGCCTTTGAAACAATGTTCCAGGAATCCAGTATCTCAGACGAAGTGGAAAAGGAGCTGGGGAAACAA","52G0C79",2,9,"GCt/TGt","mnv"
1442,"GC","TG",7748,487,487,"A/C","missense_variant","133M","CTGACCGGCCCTCCTTTTGTGAAATCCACCAAGCCTTTGAAACAATGTTCCAGGAATCCAGTATCTCAGACGAAGTGGAAAAGGAGCTGGGGAAACAAGGCGTCCGTGGGGCTGTGAGTACCTTGCTGCAGGC","17G0C114",2,9,"GCt/TGt","mnv"
1390,"GC","TG",7942,487,487,"A/C","missense_variant","133M","TGCCCAGAGAAGGTCTATGAACTCATGCGAGCATGTTGGCAGTGGAATCCCTCTGACCGGCCCTCCTTTTGTGAAATCCACCAAGCCTTTGAAACAATGTTCCAGGAATCCAGTATCTCAGACGAAGTGGAAA","69G0C62",2,9,"GCt/TGt","mnv"
1390,"GC","TG",7942,487,487,"A/C","missense_variant","133M","TGCCCAGAGAAGGTCTATGAACTCATGCGAGCATGTTGGCAGTGGAATCCCTCTGACCGGCCCTCCTTTTGTGAAATCCACCAAGCCTTTGAAACAATGTTCCAGGAATCCAGTATCTCAGACGAAGTGGAAA","69G0C62",2,9,"GCt/TGt","mnv"
1353,"GC","TG",8049,487,487,"A/C","missense_variant","133M","GCTAGAGAAGGACTACCGCATGGAGCGCCCAGAAGGCTGCCCAGAGAAGGTCTATGAACTCATGCGAGCATGTTGGCAGTGGAATCCCTCTGACCGGCCCTCCTTTTGTGAAATCCACCAAGCCTTTGAAACA","106G0C25",2,9,"GCt/TGt","mnv"
1397,"GCT","AGC",7941,487,487,"A/S","missense_variant","133M","AGAAGGTCTATGAACTCATGCGAGCATGTTGGCAGTGGAATCCCTCTGACCGGCCCTCCTTTAGCGAAATCCACCAAGCCTTTGAAACAATGTTCCAGGAATCCAGTATCTCAGACGAAGTGGAAAAGGAGCT","62G0C0T68",3,5,"GCT/AGC","mnv"
1399,"GCT","AGC",8099,487,487,"A/S","missense_variant","133M","AAGGTCTATGAACTCATGCGAGCATGTTGGCAGTGGAATCCCTCTGACCGGCCCTCCTTTAGCGAAATCCACCAAGCCTTTGAAACAATGTTCCAGGAATCCAGTATCTCAGACGAAGTGGAAAAGGAGCTGG","60G0C0T70",3,5,"GCT/AGC","mnv"
1395,"GCT","AGC",7964,487,487,"A/S","missense_variant","133M","AGAGAAGGTCTATGAACTCATGCGAGCATGTTGGCAGTGGAATCCCTCTGACCGGCCCTCCTTTAGCGAAATCCACCAAGCCTTTGAAACAATGTTCCAGGAATCCAGTATCTCAGACGAAGTGGAAAAGGAG","64G0C0T66",3,5,"GCT/AGC","mnv"
1420,"GCT","AGC",8116,487,487,"A/S","missense_variant","133M","GCATGTTGGCAGTGGAATCCCTCTGACCGGCCCTCCTTTAGCGAAATCCACCAAGCCTTTGAAACAATGTTCCAGGAATCCAGTATCTCAGACGAAGTGGAAAAGGAGCTGGGGAAACAAGGCGTCCGTGGGG","39G0C0T91",3,5,"GCT/AGC","mnv"
1379,"GCT","AGC",7967,487,487,"A/S","missense_variant","133M","GCCCAGAAGGCTGCCCAGAGAAGGTCTATGAACTCATGCGAGCATGTTGGCAGTGGAATCCCTCTGACCGGCCCTCCTTTAGCGAAATCCACCAAGCCTTTGAAACAATGTTCCAGGAATCCAGTATCTCAGA","80G0C0T50",3,5,"GCT/AGC","mnv"
1385,"GCT","ATC",7824,487,487,"A/I","missense_variant","133M","AAGGCTGCCCAGAGAAGGTCTATGAACTCATGCGAGCATGTTGGCAGTGGAATCCCTCTGACCGGCCCTCCTTTATCGAAATCCACCAAGCCTTTGAAACAATGTTCCAGGAATCCAGTATCTCAGACGAAGT","74G0C0T56",3,15,"GCT/ATC","mnv"
1375,"GCT","ATC",8005,487,487,"A/I","missense_variant","133M","GAGCGCCCAGAAGGCTGCCCAGAGAAGGTCTATGAACTCATGCGAGCATGTTGGCAGTGGAATCCCTCTGACCGGCCCTCCTTTATCGAAATCCACCAAGCCTTTGAAACAATGTTCCAGGAATCCAGTATCT","84G0C0T46",3,15,"GCT/ATC","mnv"
1406,"GCT","ATC",8101,487,487,"A/I","missense_variant","133M","ATGAACTCATGCGAGCATGTTGGCAGTGGAATCCCTCTGACCGGCCCTCCTTTATCGAAATCCACCAAGCCTTTGAAACAATGTTCCAGGAATCCAGTATCTCAGACGAAGTGGAAAAGGAGCTGGGGAAACA","53G0C0T77",3,15,"GCT/ATC","mnv"
1395,"GCT","ATC",7964,487,487,"A/I","missense_variant","133M","AGAGAAGGTCTATGAACTCATGCGAGCATGTTGGCAGTGGAATCCCTCTGACCGGCCCTCCTTTATCGAAATCCACCAAGCCTTTGAAACAATGTTCCAGGAATCCAGTATCTCAGACGAAGTGGAAAAGGAG","64G0C0T66",3,15,"GCT/ATC","mnv"
1402,"GCT","ATC",8157,487,487,"A/I","missense_variant","133M","GTCTATGAACTCATGCGAGCATGTTGGCAGTGGAATCCCTCTGACCGGCCCTCCTTTATCGAAATCCACCAAGCCTTTGAAACAATGTTCCAGGAATCCAGTATCTCAGACGAAGTGGAAAAGGAGCTGGGGA","57G0C0T73",3,15,"GCT/ATC","mnv"
1418,"GCT","ATC",8164,487,487,"A/I","missense_variant","133M","GAGCATGTTGGCAGTGGAATCCCTCTGACCGGCCCTCCTTTATCGAAATCCACCAAGCCTTTGAAACAATGTTCCAGGAATCCAGTATCTCAGACGAAGTGGAAAAGGAGCTGGGGAAACAAGGCGTCCGTGG","41G0C0T89",3,15,"GCT/ATC","mnv"
1428,"GCT","ATC",7951,487,487,"A/I","missense_variant","133M","GCAGTGGAATCCCTCTGACCGGCCCTCCTTTATCGAAATCCACCAAGCCTTTGAAACAATGTTCCAGGAATCCAGTATCTCAGACGAAGTGGAAAAGGAGCTGGGGAAACAAGGCGTCCGTGGGGCTGTGAGT","31G0C0T99",3,15,"GCT/ATC","mnv"
1412,"GCT","ATC",8037,487,487,"A/I","missense_variant","133M","TCATGCGAGCATGTTGGCAGTGGAATCCCTCTGACCGGCCCTCCTTTATCGAAATCCACCAAGCCTTTGAAACAATGTTCCAGGAATCCAGTATCTCAGACGAAGTGGAAAAGGAGCTGGGGAAACAAGGCGT","47G0C0T83",3,15,"GCT/ATC","mnv"
1376,"GCT","ATC",7988,487,487,"A/I","missense_variant","133M","AGCGCCCAGAAGGCTGCCCAGAGAAGGTCTATGAACTCATGCGAGCATGTTGGCAGTGGAATCCCTCTGACCGGCCCTCCTTTATCGAAATCCACCAAGCCTTTGAAACAATGTTCCAGGAATCCAGTATCTC","83G0C0T47",3,15,"GCT/ATC","mnv"
1398,"GCT","ATC",8028,487,487,"A/I","missense_variant","133M","GAAGGTCTATGAACTCATGCGAGCATGTTGGCAGTGGAATCCCTCTGACCGGCCCTCCTTTATCGAAATCCACCAAGCCTTTGAAACAATGTTCCAGGAATCCAGTATCTCAGACGAAGTGGAAAAGGAGCTG","61G0C0T69",3,15,"GCT/ATC","mnv"
1408,"GCT","ATC",8154,487,487,"A/I","missense_variant","133M","GAACTCATGCGAGCATGTTGGCAGTGGAATCCCTCTGACCGGCCCTCCTTTATCGAAATCCACCAAGCCTTTGAAACAATGTTCCAGGAATCCAGTATCTCAGACGAAGTGGAAAAGGAGCTGGGGAAACAAG","51G0C0T79",3,15,"GCT/ATC","mnv"
1373,"GCT","ATC",8039,487,487,"A/I","missense_variant","133M","TGGAGCGCCCAGAAGGCTGCCCAGAGAAGGTCTATGAACTCATGCGAGCATGTTGGCAGTGGAATCCCTCTGACCGGCCCTCCTTTATCGAAATCCACCAAGCCTTTGAAACAATGTTCCAGGAATCCAGTAT","86G0C0T44",3,15,"GCT/ATC","mnv"
1362,"GCT","ATC",8029,487,487,"A/I","missense_variant","133M","GGACTACCGCATGGAGCGCCCAGAAGGCTGCCCAGAGAAGGTCTATGAACTCATGCGAGCATGTTGGCAGTGGAATCCCTCTGACCGGCCCTCCTTTATCGAAATCCACCAAGCCTTTGAAACAATGTTCCAG","97G0C0T33",3,15,"GCT/ATC","mnv"
1423,"GCT","ATC",8011,487,487,"A/I","missense_variant","133M","TGTTGGCAGTGGAATCCCTCTGACCGGCCCTCCTTTATCGAAATCCACCAAGCCTTTGAAACAATGTTCCAGGAATCCAGTATCTCAGACGAAGTGGAAAAGGAGCTGGGGAAACAAGGCGTCCGTGGGGCTG","36G0C0T94",3,15,"GCT/ATC","mnv"
1385,"GCT","ATC",7824,487,487,"A/I","missense_variant","133M","AAGGCTGCCCAGAGAAGGTCTATGAACTCATGCGAGCATGTTGGCAGTGGAATCCCTCTGACCGGCCCTCCTTTATCGAAATCCACCAAGCCTTTGAAACAATGTTCCAGGAATCCAGTATCTCAGACGAAGT","74G0C0T56",3,15,"GCT/ATC","mnv"
1365,"GCT","ATG",8049,487,487,"A/M","missense_variant","133M","CTACCGCATGGAGCGCCCAGAAGGCTGCCCAGAGAAGGTCTATGAACTCATGCGAGCATGTTGGCAGTGGAATCCCTCTGACCGGCCCTCCTTTATGGAAATCCACCAAGCCTTTGAAACAATGTTCCAGGAA","94G0C0T36",3,1,"GCT/ATG","mnv"
1382,"GCT","CAC",7939,487,487,"A/H","missense_variant","133M","CAGAAGGCTGCCCAGAGAAGGTCTATGAACTCATGCGAGCATGTTGGCAGTGGAATCCCTCTGACCGGCCCTCCTTTCACGAAATCCACCAAGCCTTTGAAACAATGTTCCAGGAATCCAGTATCTCAGACGA","77G0C0T53",3,2,"GCT/CAC","mnv"
1400,"GCT","CAC",8122,487,487,"A/H","missense_variant","133M","AGGTCTATGAACTCATGCGAGCATGTTGGCAGTGGAATCCCTCTGACCGGCCCTCCTTTCACGAAATCCACCAAGCCTTTGAAACAATGTTCCAGGAATCCAGTATCTCAGACGAAGTGGAAAAGGAGCTGGG","59G0C0T71",3,2,"GCT/CAC","mnv"
1337,"GCT","TGC",7964,487,487,"A/C","missense_variant","133M","CCCAGGTGTATGAGCTGCTAGAGAAGGACTACCGCATGGAGCGCCCAGAAGGCTGCCCAGAGAAGGTCTATGAACTCATGCGAGCATGTTGGCAGTGGAATCCCTCTGACCGGCCCTCCTTTTGCGAAATCCA","122G0C0T8",3,33,"GCT/TGC","mnv"
1394,"GCT","TGC",8003,487,487,"A/C","missense_variant","133M","CAGAGAAGGTCTATGAACTCATGCGAGCATGTTGGCAGTGGAATCCCTCTGACCGGCCCTCCTTTTGCGAAATCCACCAAGCCTTTGAAACAATGTTCCAGGAATCCAGTATCTCAGACGAAGTGGAAAAGGA","65G0C0T65",3,33,"GCT/TGC","mnv"
1404,"GCT","TGC",8108,487,487,"A/C","missense_variant","133M","CTATGAACTCATGCGAGCATGTTGGCAGTGGAATCCCTCTGACCGGCCCTCCTTTTGCGAAATCCACCAAGCCTTTGAAACAATGTTCCAGGAATCCAGTATCTCAGACGAAGTGGAAAAGGAGCTGGGGAAA","55G0C0T75",3,33,"GCT/TGC","mnv"
1373,"GCT","TGC",8039,487,487,"A/C","missense_variant","133M","TGGAGCGCCCAGAAGGCTGCCCAGAGAAGGTCTATGAACTCATGCGAGCATGTTGGCAGTGGAATCCCTCTGACCGGCCCTCCTTTTGCGAAATCCACCAAGCCTTTGAAACAATGTTCCAGGAATCCAGTAT","86G0C0T44",3,33,"GCT/TGC","mnv"
1400,"GCT","TGC",8122,487,487,"A/C","missense_variant","133M","AGGTCTATGAACTCATGCGAGCATGTTGGCAGTGGAATCCCTCTGACCGGCCCTCCTTTTGCGAAATCCACCAAGCCTTTGAAACAATGTTCCAGGAATCCAGTATCTCAGACGAAGTGGAAAAGGAGCTGGG","59G0C0T71",3,33,"GCT/TGC","mnv"
1419,"GCT","TGC",8116,487,487,"A/C","missense_variant","133M","AGCATGTTGGCAGTGGAATCCCTCTGACCGGCCCTCCTTTTGCGAAATCCACCAAGCCTTTGAAACAATGTTCCAGGAATCCAGTATCTCAGACGAAGTGGAAAAGGAGCTGGGGAAACAAGGCGTCCGTGGG","40G0C0T90",3,33,"GCT/TGC","mnv"
1364,"GCT","TGC",8046,487,487,"A/C","missense_variant","133M","ACTACCGCATGGAGCGCCCAGAAGGCTGCCCAGAGAAGGTCTATGAACTCATGCGAGCATGTTGGCAGTGGAATCCCTCTGACCGGCCCTCCTTTTGCGAAATCCACCAAGCCTTTGAAACAATGTTCCAGGA","95G0C0T35",3,33,"GCT/TGC","mnv"
1413,"GCT","TGC",7977,487,487,"A/C","missense_variant","133M","CATGCGAGCATGTTGGCAGTGGAATCCCTCTGACCGGCCCTCCTTTTGCGAAATCCACCAAGCCTTTGAAACAATGTTCCAGGAATCCAGTATCTCAGACGAAGTGGAAAAGGAGCTGGGGAAACAAGGCGTC","46G0C0T84",3,33,"GCT/TGC","mnv"
1398,"GCT","TGC",8028,487,487,"A/C","missense_variant","133M","GAAGGTCTATGAACTCATGCGAGCATGTTGGCAGTGGAATCCCTCTGACCGGCCCTCCTTTTGCGAAATCCACCAAGCCTTTGAAACAATGTTCCAGGAATCCAGTATCTCAGACGAAGTGGAAAAGGAGCTG","61G0C0T69",3,33,"GCT/TGC","mnv"
1403,"GCT","TGC",8147,487,487,"A/C","missense_variant","133M","TCTATGAACTCATGCGAGCATGTTGGCAGTGGAATCCCTCTGACCGGCCCTCCTTTTGCGAAATCCACCAAGCCTTTGAAACAATGTTCCAGGAATCCAGTATCTCAGACGAAGTGGAAAAGGAGCTGGGGAA","56G0C0T74",3,33,"GCT/TGC","mnv"
1413,"GCT","TGC",7977,487,487,"A/C","missense_variant","133M","CATGCGAGCATGTTGGCAGTGGAATCCCTCTGACCGGCCCTCCTTTTGCGAAATCCACCAAGCCTTTGAAACAATGTTCCAGGAATCCAGTATCTCAGACGAAGTGGAAAAGGAGCTGGGGAAACAAGGCGTC","46G0C0T84",3,33,"GCT/TGC","mnv"
1398,"GCT","TGC",8028,487,487,"A/C","missense_variant","133M","GAAGGTCTATGAACTCATGCGAGCATGTTGGCAGTGGAATCCCTCTGACCGGCCCTCCTTTTGCGAAATCCACCAAGCCTTTGAAACAATGTTCCAGGAATCCAGTATCTCAGACGAAGTGGAAAAGGAGCTG","61G0C0T69",3,33,"GCT/TGC","mnv"
1401,"GCT","TGC",8146,487,487,"A/C","missense_variant","133M","GGTCTATGAACTCATGCGAGCATGTTGGCAGTGGAATCCCTCTGACCGGCCCTCCTTTTGCGAAATCCACCAAGCCTTTGAAACAATGTTCCAGGAATCCAGTATCTCAGACGAAGTGGAAAAGGAGCTGGGG","58G0C0T72",3,33,"GCT/TGC","mnv"
1405,"GCT","TGC",8093,487,487,"A/C","missense_variant","133M","TATGAACTCATGCGAGCATGTTGGCAGTGGAATCCCTCTGACCGGCCCTCCTTTTGCGAAATCCACCAAGCCTTTGAAACAATGTTCCAGGAATCCAGTATCTCAGACGAAGTGGAAAAGGAGCTGGGGAAAC","54G0C0T76",3,33,"GCT/TGC","mnv"
1412,"GCT","TGC",8037,487,487,"A/C","missense_variant","133M","TCATGCGAGCATGTTGGCAGTGGAATCCCTCTGACCGGCCCTCCTTTTGCGAAATCCACCAAGCCTTTGAAACAATGTTCCAGGAATCCAGTATCTCAGACGAAGTGGAAAAGGAGCTGGGGAAACAAGGCGT","47G0C0T83",3,33,"GCT/TGC","mnv"
1424,"GCT","TGC",8003,487,487,"A/C","missense_variant","133M","GTTGGCAGTGGAATCCCTCTGACCGGCCCTCCTTTTGCGAAATCCACCAAGCCTTTGAAACAATGTTCCAGGAATCCAGTATCTCAGACGAAGTGGAAAAGGAGCTGGGGAAACAAGGCGTCCGTGGGGCTGT","35G0C0T95",3,33,"GCT/TGC","mnv"
1399,"GCT","TGC",8099,487,487,"A/C","missense_variant","133M","AAGGTCTATGAACTCATGCGAGCATGTTGGCAGTGGAATCCCTCTGACCGGCCCTCCTTTTGCGAAATCCACCAAGCCTTTGAAACAATGTTCCAGGAATCCAGTATCTCAGACGAAGTGGAAAAGGAGCTGG","60G0C0T70",3,33,"GCT/TGC","mnv"
1420,"GCT","TGC",8116,487,487,"A/C","missense_variant","133M","GCATGTTGGCAGTGGAATCCCTCTGACCGGCCCTCCTTTTGCGAAATCCACCAAGCCTTTGAAACAATGTTCCAGGAATCCAGTATCTCAGACGAAGTGGAAAAGGAGCTGGGGAAACAAGGCGTCCGTGGGG","39G0C0T91",3,33,"GCT/TGC","mnv"
1417,"GCT","TGC",8181,487,487,"A/C","missense_variant","133M","CGAGCATGTTGGCAGTGGAATCCCTCTGACCGGCCCTCCTTTTGCGAAATCCACCAAGCCTTTGAAACAATGTTCCAGGAATCCAGTATCTCAGACGAAGTGGAAAAGGAGCTGGGGAAACAAGGCGTCCGTG","42G0C0T88",3,33,"GCT/TGC","mnv"
1403,"GCT","TGC",8147,487,487,"A/C","missense_variant","133M","TCTATGAACTCATGCGAGCATGTTGGCAGTGGAATCCCTCTGACCGGCCCTCCTTTTGCGAAATCCACCAAGCCTTTGAAACAATGTTCCAGGAATCCAGTATCTCAGACGAAGTGGAAAAGGAGCTGGGGAA","56G0C0T74",3,33,"GCT/TGC","mnv"
1420,"GCT","TGC",8116,487,487,"A/C","missense_variant","133M","GCATGTTGGCAGTGGAATCCCTCTGACCGGCCCTCCTTTTGCGAAATCCACCAAGCCTTTGAAACAATGTTCCAGGAATCCAGTATCTCAGACGAAGTGGAAAAGGAGCTGGGGAAACAAGGCGTCCGTGGGG","39G0C0T91",3,33,"GCT/TGC","mnv"
1421,"GCT","TGC",8102,487,487,"A/C","missense_variant","133M","CATGTTGGCAGTGGAATCCCTCTGACCGGCCCTCCTTTTGCGAAATCCACCAAGCCTTTGAAACAATGTTCCAGGAATCCAGTATCTCAGACGAAGTGGAAAAGGAGCTGGGGAAACAAGGCGTCCGTGGGGC","38G0C0T92",3,33,"GCT/TGC","mnv"
1387,"GCT","TGC",7822,487,487,"A/C","missense_variant","133M","GGCTGCCCAGAGAAGGTCTATGAACTCATGCGAGCATGTTGGCAGTGGAATCCCTCTGACCGGCCCTCCTTTTGCGAAATCCACCAAGCCTTTGAAACAATGTTCCAGGAATCCAGTATCTCAGACGAAGTGG","72G0C0T58",3,33,"GCT/TGC","mnv"
1409,"GCT","TGC",8142,487,487,"A/C","missense_variant","133M","AACTCATGCGAGCATGTTGGCAGTGGAATCCCTCTGACCGGCCCTCCTTTTGCGAAATCCACCAAGCCTTTGAAACAATGTTCCAGGAATCCAGTATCTCAGACGAAGTGGAAAAGGAGCTGGGGAAACAAGG","50G0C0T80",3,33,"GCT/TGC","mnv"
1383,"GCT","TGC",7877,487,487,"A/C","missense_variant","133M","AGAAGGCTGCCCAGAGAAGGTCTATGAACTCATGCGAGCATGTTGGCAGTGGAATCCCTCTGACCGGCCCTCCTTTTGCGAAATCCACCAAGCCTTTGAAACAATGTTCCAGGAATCCAGTATCTCAGACGAA","76G0C0T54",3,33,"GCT/TGC","mnv"
1363,"GCT","TGC",8052,487,487,"A/C","missense_variant","133M","GACTACCGCATGGAGCGCCCAGAAGGCTGCCCAGAGAAGGTCTATGAACTCATGCGAGCATGTTGGCAGTGGAATCCCTCTGACCGGCCCTCCTTTTGCGAAATCCACCAAGCCTTTGAAACAATGTTCCAGG","96G0C0T34",3,33,"GCT/TGC","mnv"
1388,"GCT","TGC",7843,487,487,"A/C","missense_variant","133M","GCTGCCCAGAGAAGGTCTATGAACTCATGCGAGCATGTTGGCAGTGGAATCCCTCTGACCGGCCCTCCTTTTGCGAAATCCACCAAGCCTTTGAAACAATGTTCCAGGAATCCAGTATCTCAGACGAAGTGGA","71G0C0T59",3,33,"GCT/TGC","mnv"
1392,"GCT","TGC",8020,487,487,"A/C","missense_variant","133M","CCCAGAGAAGGTCTATGAACTCATGCGAGCATGTTGGCAGTGGAATCCCTCTGACCGGCCCTCCTTTTGCGAAATCCACCAAGCCTTTGAAACAATGTTCCAGGAATCCAGTATCTCAGACGAAGTGGAAAAG","67G0C0T63",3,33,"GCT/TGC","mnv"
1420,"GCT","TGC",8116,487,487,"A/C","missense_variant","133M","GCATGTTGGCAGTGGAATCCCTCTGACCGGCCCTCCTTTTGCGAAATCCACCAAGCCTTTGAAACAATGTTCCAGGAATCCAGTATCTCAGACGAAGTGGAAAAGGAGCTGGGGAAACAAGGCGTCCGTGGGG","39G0C0T91",3,33,"GCT/TGC","mnv"
1403,"GCT","TGC",8147,487,487,"A/C","missense_variant","133M","TCTATGAACTCATGCGAGCATGTTGGCAGTGGAATCCCTCTGACCGGCCCTCCTTTTGCGAAATCCACCAAGCCTTTGAAACAATGTTCCAGGAATCCAGTATCTCAGACGAAGTGGAAAAGGAGCTGGGGAA","56G0C0T74",3,33,"GCT/TGC","mnv"
1386,"GCT","TGC",7820,487,487,"A/C","missense_variant","133M","AGGCTGCCCAGAGAAGGTCTATGAACTCATGCGAGCATGTTGGCAGTGGAATCCCTCTGACCGGCCCTCCTTTTGCGAAATCCACCAAGCCTTTGAAACAATGTTCCAGGAATCCAGTATCTCAGACGAAGTG","73G0C0T57",3,33,"GCT/TGC","mnv"
1392,"GCT","TGC",8020,487,487,"A/C","missense_variant","133M","CCCAGAGAAGGTCTATGAACTCATGCGAGCATGTTGGCAGTGGAATCCCTCTGACCGGCCCTCCTTTTGCGAAATCCACCAAGCCTTTGAAACAATGTTCCAGGAATCCAGTATCTCAGACGAAGTGGAAAAG","67G0C0T63",3,33,"GCT/TGC","mnv"
1425,"GCT","TGC",7963,487,487,"A/C","missense_variant","133M","TTGGCAGTGGAATCCCTCTGACCGGCCCTCCTTTTGCGAAATCCACCAAGCCTTTGAAACAATGTTCCAGGAATCCAGTATCTCAGACGAAGTGGAAAAGGAGCTGGGGAAACAAGGCGTCCGTGGGGCTGTG","34G0C0T96",3,33,"GCT/TGC","mnv"
1400,"GCT","TGG",8122,487,487,"A/W","missense_variant","133M","AGGTCTATGAACTCATGCGAGCATGTTGGCAGTGGAATCCCTCTGACCGGCCCTCCTTTTGGGAAATCCACCAAGCCTTTGAAACAATGTTCCAGGAATCCAGTATCTCAGACGAAGTGGAAAAGGAGCTGGG","59G0C0T71",3,1,"GCT/TGG","mnv"
1372,"GAA","AAG",8037,488,488,"E/K","missense_variant","133M","ATGGAGCGCCCAGAAGGCTGCCCAGAGAAGGTCTATGAACTCATGCGAGCATGTTGGCAGTGGAATCCCTCTGACCGGCCCTCCTTTGCTAAGATCCACCAAGCCTTTGAAACAATGTTCCAGGAATCCAGTA","90G1A40",2,1,"GAA/AAG","mnv"
1404,"GAA","ACC",8108,488,488,"E/T","missense_variant","133M","CTATGAACTCATGCGAGCATGTTGGCAGTGGAATCCCTCTGACCGGCCCTCCTTTGCTACCATCCACCAAGCCTTTGAAACAATGTTCCAGGAATCCAGTATCTCAGACGAAGTGGAAAAGGAGCTGGGGAAA","58G0A0A72",3,4,"GAA/ACC","mnv"
1380,"GAA","ACC",7917,488,488,"E/T","missense_variant","133M","CCCAGAAGGCTGCCCAGAGAAGGTCTATGAACTCATGCGAGCATGTTGGCAGTGGAATCCCTCTGACCGGCCCTCCTTTGCTACCATCCACCAAGCCTTTGAAACAATGTTCCAGGAATCCAGTATCTCAGAC","82G0A0A48",3,4,"GAA/ACC","mnv"
1431,"GAA","ACC",7948,488,488,"E/T","missense_variant","133M","GTGGAATCCCTCTGACCGGCCCTCCTTTGCTACCATCCACCAAGCCTTTGAAACAATGTTCCAGGAATCCAGTATCTCAGACGAAGTGGAAAAGGAGCTGGGGAAACAAGGCGTCCGTGGGGCTGTGAGTACC","31G0A0A99",3,4,"GAA/ACC","mnv"
1379,"GAA","ACC",7967,488,488,"E/T","missense_variant","133M","GCCCAGAAGGCTGCCCAGAGAAGGTCTATGAACTCATGCGAGCATGTTGGCAGTGGAATCCCTCTGACCGGCCCTCCTTTGCTACCATCCACCAAGCCTTTGAAACAATGTTCCAGGAATCCAGTATCTCAGA","83G0A0A47",3,4,"GAA/ACC","mnv"
1414,"GAA","AGC",8027,488,488,"E/S","missense_variant","133M","ATGCGAGCATGTTGGCAGTGGAATCCCTCTGACCGGCCCTCCTTTGCTAGCATCCACCAAGCCTTTGAAACAATGTTCCAGGAATCCAGTATCTCAGACGAAGTGGAAAAGGAGCTGGGGAAACAAGGCGTCC","48G0A0A82",3,9,"GAA/AGC","mnv"
1420,"GAA","AGC",8116,488,488,"E/S","missense_variant","133M","GCATGTTGGCAGTGGAATCCCTCTGACCGGCCCTCCTTTGCTAGCATCCACCAAGCCTTTGAAACAATGTTCCAGGAATCCAGTATCTCAGACGAAGTGGAAAAGGAGCTGGGGAAACAAGGCGTCCGTGGGG","42G0A0A88",3,9,"GAA/AGC","mnv"
1389,"GAA","AGC",7859,488,488,"E/S","missense_variant","133M","CTGCCCAGAGAAGGTCTATGAACTCATGCGAGCATGTTGGCAGTGGAATCCCTCTGACCGGCCCTCCTTTGCTAGCATCCACCAAGCCTTTGAAACAATGTTCCAGGAATCCAGTATCTCAGACGAAGTGGAA","73G0A0A57",3,9,"GAA/AGC","mnv"
1391,"GAA","AGC",8017,488,488,"E/S","missense_variant","133M","GCCCAGAGAAGGTCTATGAACTCATGCGAGCATGTTGGCAGTGGAATCCCTCTGACCGGCCCTCCTTTGCTAGCATCCACCAAGCCTTTGAAACAATGTTCCAGGAATCCAGTATCTCAGACGAAGTGGAAAA","71G0A0A59",3,9,"GAA/AGC","mnv"
1407,"GAA","AGC",8129,488,488,"E/S","missense_variant","133M","TGAACTCATGCGAGCATGTTGGCAGTGGAATCCCTCTGACCGGCCCTCCTTTGCTAGCATCCACCAAGCCTTTGAAACAATGTTCCAGGAATCCAGTATCTCAGACGAAGTGGAAAAGGAGCTGGGGAAACAA","55G0A0A75",3,9,"GAA/AGC","mnv"
1383,"GAA","AGC",7877,488,488,"E/S","missense_variant","133M","AGAAGGCTGCCCAGAGAAGGTCTATGAACTCATGCGAGCATGTTGGCAGTGGAATCCCTCTGACCGGCCCTCCTTTGCTAGCATCCACCAAGCCTTTGAAACAATGTTCCAGGAATCCAGTATCTCAGACGAA","79G0A0A51",3,9,"GAA/AGC","mnv"
1408,"GAA","AGC",8154,488,488,"E/S","missense_variant","133M","GAACTCATGCGAGCATGTTGGCAGTGGAATCCCTCTGACCGGCCCTCCTTTGCTAGCATCCACCAAGCCTTTGAAACAATGTTCCAGGAATCCAGTATCTCAGACGAAGTGGAAAAGGAGCTGGGGAAACAAG","54G0A0A76",3,9,"GAA/AGC","mnv"
1372,"GAA","AGC",8037,488,488,"E/S","missense_variant","132M","ATGGAGCGCCCAGAAGGCTGCCCAGAGAAGGTCTATGAACTCATGCGAGCATGTTGGCAGTGGAATCCCTCTGACCGGCCCTCCTTTGCTAGCATCCACCAAGCCTTTGAAACAATGTTCCAGGAATCCAGT","90G0A0A39",3,9,"GAA/AGC","mnv"
1408,"GAA","AGC",8154,488,488,"E/S","missense_variant","133M","GAACTCATGCGAGCATGTTGGCAGTGGAATCCCTCTGACCGGCCCTCCTTTGCTAGCATCCACCAAGCCTTTGAAACAATGTTCCAGGAATCCAGTATCTCAGACGAAGTGGAAAAGGAGCTGGGGAAACAAG","54G0A0A76",3,9,"GAA/AGC","mnv"
1392,"GAA","ATG",8020,488,488,"E/M","missense_variant","133M","CCCAGAGAAGGTCTATGAACTCATGCGAGCATGTTGGCAGTGGAATCCCTCTGACCGGCCCTCCTTTGCTATGATCCACCAAGCCTTTGAAACAATGTTCCAGGAATCCAGTATCTCAGACGAAGTGGAAAAG","70G0A0A60",3,4,"GAA/ATG","mnv"
1364,"GAA","ATG",8046,488,488,"E/M","missense_variant","133M","ACTACCGCATGGAGCGCCCAGAAGGCTGCCCAGAGAAGGTCTATGAACTCATGCGAGCATGTTGGCAGTGGAATCCCTCTGACCGGCCCTCCTTTGCTATGATCCACCAAGCCTTTGAAACAATGTTCCAGGA","98G0A0A32",3,4,"GAA/ATG","mnv"
1384,"GAA","ATG",7824,488,488,"E/M","missense_variant","133M","GAAGGCTGCCCAGAGAAGGTCTATGAACTCATGCGAGCATGTTGGCAGTGGAATCCCTCTGACCGGCCCTCCTTTGCTATGATCCACCAAGCCTTTGAAACAATGTTCCAGGAATCCAGTATCTCAGACGAAG","78G0A0A52",3,4,"GAA/ATG","mnv"
1429,"GAA","ATG",7920,488,488,"E/M","missense_variant","133M","CAGTGGAATCCCTCTGACCGGCCCTCCTTTGCTATGATCCACCAAGCCTTTGAAACAATGTTCCAGGAATCCAGTATCTCAGACGAAGTGGAAAAGGAGCTGGGGAAACAAGGCGTCCGTGGGGCTGTGAGTA","33G0A0A97",3,4,"GAA/ATG","mnv"
1341,"GAA","TAC",7915,488,488,"E/Y","missense_variant","133M","GGTGTATGAGCTGCTAGAGAAGGACTACCGCATGGAGCGCCCAGAAGGCTGCCCAGAGAAGGTCTATGAACTCATGCGAGCATGTTGGCAGTGGAATCCCTCTGACCGGCCCTCCTTTGCTTACATCCACCAA","121G1A9",2,1,"GAA/TAC","mnv"
1343,"AT","TG",7993,489,489,"I/C","missense_variant","133M","TGTATGAGCTGCTAGAGAAGGACTACCGCATGGAGCGCCCAGAAGGCTGCCCAGAGAAGGTCTATGAACTCATGCGAGCATGTTGGCAGTGGAATCCCTCTGACCGGCCCTCCTTTGCTGAATGCCACCAAGC","122A0T9",2,21,"ATc/TGc","mnv"
1383,"AT","TG",7877,489,489,"I/C","missense_variant","133M","AGAAGGCTGCCCAGAGAAGGTCTATGAACTCATGCGAGCATGTTGGCAGTGGAATCCCTCTGACCGGCCCTCCTTTGCTGAATGCCACCAAGCCTTTGAAACAATGTTCCAGGAATCCAGTATCTCAGACGAA","82A0T49",2,21,"ATc/TGc","mnv"
1379,"AT","TG",7967,489,489,"I/C","missense_variant","133M","GCCCAGAAGGCTGCCCAGAGAAGGTCTATGAACTCATGCGAGCATGTTGGCAGTGGAATCCCTCTGACCGGCCCTCCTTTGCTGAATGCCACCAAGCCTTTGAAACAATGTTCCAGGAATCCAGTATCTCAGA","86A0T45",2,21,"ATc/TGc","mnv"
1403,"AT","TG",8147,489,489,"I/C","missense_variant","132M","TCTATGAACTCATGCGAGCATGTTGGCAGTGGAATCCCTCTGACCGGCCCTCCTTTGCTGAATGCCACCAAGCCTTTGAAACAATGTTCCAGGAATCCAGTATCTCAGACGAAGTGGAAAAGGAGCTGGGGA","62A0T68",2,21,"ATc/TGc","mnv"
1416,"AT","TG",8138,489,489,"I/C","missense_variant","133M","GCGAGCATGTTGGCAGTGGAATCCCTCTGACCGGCCCTCCTTTGCTGAATGCCACCAAGCCTTTGAAACAATGTTCCAGGAATCCAGTATCTCAGACGAAGTGGAAAAGGAGCTGGGGAAACAAGGCGTCCGT","49A0T82",2,21,"ATc/TGc","mnv"
1416,"AT","TG",8138,489,489,"I/C","missense_variant","133M","GCGAGCATGTTGGCAGTGGAATCCCTCTGACCGGCCCTCCTTTGCTGAATGCCACCAAGCCTTTGAAACAATGTTCCAGGAATCCAGTATCTCAGACGAAGTGGAAAAGGAGCTGGGGAAACAAGGCGTCCGT","49A0T82",2,21,"ATc/TGc","mnv"
1339,"AT","TG",7919,489,489,"I/C","missense_variant","133M","CAGGTGTATGAGCTGCTAGAGAAGGACTACCGCATGGAGCGCCCAGAAGGCTGCCCAGAGAAGGTCTATGAACTCATGCGAGCATGTTGGCAGTGGAATCCCTCTGACCGGCCCTCCTTTGCTGAATGCCACC","126A0T5",2,21,"ATc/TGc","mnv"
1424,"AT","TG",8003,489,489,"I/C","missense_variant","133M","GTTGGCAGTGGAATCCCTCTGACCGGCCCTCCTTTGCTGAATGCCACCAAGCCTTTGAAACAATGTTCCAGGAATCCAGTATCTCAGACGAAGTGGAAAAGGAGCTGGGGAAACAAGGCGTCCGTGGGGCTGT","41A0T90",2,21,"ATc/TGc","mnv"
1384,"AT","TG",7824,489,489,"I/C","missense_variant","133M","GAAGGCTGCCCAGAGAAGGTCTATGAACTCATGCGAGCATGTTGGCAGTGGAATCCCTCTGACCGGCCCTCCTTTGCTGAATGCCACCAAGCCTTTGAAACAATGTTCCAGGAATCCAGTATCTCAGACGAAG","81A0T50",2,21,"ATc/TGc","mnv"
1390,"AT","TG",7942,489,489,"I/C","missense_variant","133M","TGCCCAGAGAAGGTCTATGAACTCATGCGAGCATGTTGGCAGTGGAATCCCTCTGACCGGCCCTCCTTTGCTGAATGCCACCAAGCCTTTGAAACAATGTTCCAGGAATCCAGTATCTCAGACGAAGTGGAAA","75A0T56",2,21,"ATc/TGc","mnv"
1414,"AT","TG",8027,489,489,"I/C","missense_variant","133M","ATGCGAGCATGTTGGCAGTGGAATCCCTCTGACCGGCCCTCCTTTGCTGAATGCCACCAAGCCTTTGAAACAATGTTCCAGGAATCCAGTATCTCAGACGAAGTGGAAAAGGAGCTGGGGAAACAAGGCGTCC","51A0T80",2,21,"ATc/TGc","mnv"
1399,"AT","TG",8099,489,489,"I/C","missense_variant","133M","AAGGTCTATGAACTCATGCGAGCATGTTGGCAGTGGAATCCCTCTGACCGGCCCTCCTTTGCTGAATGCCACCAAGCCTTTGAAACAATGTTCCAGGAATCCAGTATCTCAGACGAAGTGGAAAAGGAGCTGG","66A0T65",2,21,"ATc/TGc","mnv"
1346,"AT","TG",8030,489,489,"I/C","missense_variant","133M","ATGAGCTGCTAGAGAAGGACTACCGCATGGAGCGCCCAGAAGGCTGCCCAGAGAAGGTCTATGAACTCATGCGAGCATGTTGGCAGTGGAATCCCTCTGACCGGCCCTCCTTTGCTGAATGCCACCAAGCCTT","119A0T12",2,21,"ATc/TGc","mnv"
1341,"AT","TG",7915,489,489,"I/C","missense_variant","133M","GGTGTATGAGCTGCTAGAGAAGGACTACCGCATGGAGCGCCCAGAAGGCTGCCCAGAGAAGGTCTATGAACTCATGCGAGCATGTTGGCAGTGGAATCCCTCTGACCGGCCCTCCTTTGCTGAATGCCACCAA","124A0T7",2,21,"ATc/TGc","mnv"
1364,"AT","TG",8046,489,489,"I/C","missense_variant","133M","ACTACCGCATGGAGCGCCCAGAAGGCTGCCCAGAGAAGGTCTATGAACTCATGCGAGCATGTTGGCAGTGGAATCCCTCTGACCGGCCCTCCTTTGCTGAATGCCACCAAGCCTTTGAAACAATGTTCCAGGA","101A0T30",2,21,"ATc/TGc","mnv"
1398,"AT","TG",8028,489,489,"I/C","missense_variant","133M","GAAGGTCTATGAACTCATGCGAGCATGTTGGCAGTGGAATCCCTCTGACCGGCCCTCCTTTGCTGAATGCCACCAAGCCTTTGAAACAATGTTCCAGGAATCCAGTATCTCAGACGAAGTGGAAAAGGAGCTG","67A0T64",2,21,"ATc/TGc","mnv"
1398,"AT","TG",8028,489,489,"I/C","missense_variant","133M","GAAGGTCTATGAACTCATGCGAGCATGTTGGCAGTGGAATCCCTCTGACCGGCCCTCCTTTGCTGAATGCCACCAAGCCTTTGAAACAATGTTCCAGGAATCCAGTATCTCAGACGAAGTGGAAAAGGAGCTG","67A0T64",2,21,"ATc/TGc","mnv"
1360,"AT","TG",8072,489,489,"I/C","missense_variant","133M","AAGGACTACCGCATGGAGCGCCCAGAAGGCTGCCCAGAGAAGGTCTATGAACTCATGCGAGCATGTTGGCAGTGGAATCCCTCTGACCGGCCCTCCTTTGCTGAATGCCACCAAGCCTTTGAAACAATGTTCC","105A0T26",2,21,"ATc/TGc","mnv"
1399,"AT","TG",8099,489,489,"I/C","missense_variant","133M","AAGGTCTATGAACTCATGCGAGCATGTTGGCAGTGGAATCCCTCTGACCGGCCCTCCTTTGCTGAATGCCACCAAGCCTTTGAAACAATGTTCCAGGAATCCAGTATCTCAGACGAAGTGGAAAAGGAGCTGG","66A0T65",2,21,"ATc/TGc","mnv"
1444,"AT","TG",7767,489,489,"I/C","missense_variant","133M","GACCGGCCCTCCTTTGCTGAATGCCACCAAGCCTTTGAAACAATGTTCCAGGAATCCAGTATCTCAGACGAAGTGGAAAAGGAGCTGGGGAAACAAGGCGTCCGTGGGGCTGTGAGTACCTTGCTGCAGGCCC","21A0T110",2,21,"ATc/TGc","mnv"
1352,"AT","TG",8076,489,489,"I/C","missense_variant","133M","TGCTAGAGAAGGACTACCGCATGGAGCGCCCAGAAGGCTGCCCAGAGAAGGTCTATGAACTCATGCGAGCATGTTGGCAGTGGAATCCCTCTGACCGGCCCTCCTTTGCTGAATGCCACCAAGCCTTTGAAAC","113A0T18",2,21,"ATc/TGc","mnv"
1414,"CAA","AAG",8027,491,491,"Q/K","missense_variant","133M","ATGCGAGCATGTTGGCAGTGGAATCCCTCTGACCGGCCCTCCTTTGCTGAAATCCACAAGGCCTTTGAAACAATGTTCCAGGAATCCAGTATCTCAGACGAAGTGGAAAAGGAGCTGGGGAAACAAGGCGTCC","57C1A73",2,13,"CAA/AAG","mnv"
1373,"CAA","AAG",8039,491,491,"Q/K","missense_variant","133M","TGGAGCGCCCAGAAGGCTGCCCAGAGAAGGTCTATGAACTCATGCGAGCATGTTGGCAGTGGAATCCCTCTGACCGGCCCTCCTTTGCTGAAATCCACAAGGCCTTTGAAACAATGTTCCAGGAATCCAGTAT","98C1A32",2,13,"CAA/AAG","mnv"
1384,"CAA","AAG",7824,491,491,"Q/K","missense_variant","133M","GAAGGCTGCCCAGAGAAGGTCTATGAACTCATGCGAGCATGTTGGCAGTGGAATCCCTCTGACCGGCCCTCCTTTGCTGAAATCCACAAGGCCTTTGAAACAATGTTCCAGGAATCCAGTATCTCAGACGAAG","87C1A43",2,13,"CAA/AAG","mnv"
1455,"CAA","AAG",7429,491,491,"Q/K","missense_variant","133M","CTTTGCTGAAATCCACAAGGCCTTTGAAACAATGTTCCAGGAATCCAGTATCTCAGACGAAGTGGAAAAGGAGCTGGGGAAACAAGGCGTCCGTGGGGCTGTGAGTACCTTGCTGCAGGCCCCAGAGCTGCCC","16C1A114",2,13,"CAA/AAG","mnv"
1399,"CAA","AAG",8099,491,491,"Q/K","missense_variant","133M","AAGGTCTATGAACTCATGCGAGCATGTTGGCAGTGGAATCCCTCTGACCGGCCCTCCTTTGCTGAAATCCACAAGGCCTTTGAAACAATGTTCCAGGAATCCAGTATCTCAGACGAAGTGGAAAAGGAGCTGG","72C1A58",2,13,"CAA/AAG","mnv"
1384,"CAA","AAG",7824,491,491,"Q/K","missense_variant","133M","GAAGGCTGCCCAGAGAAGGTCTATGAACTCATGCGAGCATGTTGGCAGTGGAATCCCTCTGACCGGCCCTCCTTTGCTGAAATCCACAAGGCCTTTGAAACAATGTTCCAGGAATCCAGTATCTCAGACGAAG","87C1A43",2,13,"CAA/AAG","mnv"
1383,"CAA","AAG",7877,491,491,"Q/K","missense_variant","133M","AGAAGGCTGCCCAGAGAAGGTCTATGAACTCATGCGAGCATGTTGGCAGTGGAATCCCTCTGACCGGCCCTCCTTTGCTGAAATCCACAAGGCCTTTGAAACAATGTTCCAGGAATCCAGTATCTCAGACGAA","88C1A42",2,13,"CAA/AAG","mnv"
1379,"CAA","AAG",7967,491,491,"Q/K","missense_variant","133M","GCCCAGAAGGCTGCCCAGAGAAGGTCTATGAACTCATGCGAGCATGTTGGCAGTGGAATCCCTCTGACCGGCCCTCCTTTGCTGAAATCCACAAGGCCTTTGAAACAATGTTCCAGGAATCCAGTATCTCAGA","92C1A38",2,13,"CAA/AAG","mnv"
1390,"CAA","AAG",7942,491,491,"Q/K","missense_variant","133M","TGCCCAGAGAAGGTCTATGAACTCATGCGAGCATGTTGGCAGTGGAATCCCTCTGACCGGCCCTCCTTTGCTGAAATCCACAAGGCCTTTGAAACAATGTTCCAGGAATCCAGTATCTCAGACGAAGTGGAAA","81C1A49",2,13,"CAA/AAG","mnv"
1377,"CAA","AAG",8036,491,491,"Q/K","missense_variant","133M","GCGCCCAGAAGGCTGCCCAGAGAAGGTCTATGAACTCATGCGAGCATGTTGGCAGTGGAATCCCTCTGACCGGCCCTCCTTTGCTGAAATCCACAAGGCCTTTGAAACAATGTTCCAGGAATCCAGTATCTCA","94C1A36",2,13,"CAA/AAG","mnv"
1391,"CAA","AAG",8017,491,491,"Q/K","missense_variant","133M","GCCCAGAGAAGGTCTATGAACTCATGCGAGCATGTTGGCAGTGGAATCCCTCTGACCGGCCCTCCTTTGCTGAAATCCACAAGGCCTTTGAAACAATGTTCCAGGAATCCAGTATCTCAGACGAAGTGGAAAA","80C1A50",2,13,"CAA/AAG","mnv"
1415,"CAA","AAG",8075,491,491,"Q/K","missense_variant","133M","TGCGAGCATGTTGGCAGTGGAATCCCTCTGACCGGCCCTCCTTTGCTGAAATCCACAAGGCCTTTGAAACAATGTTCCAGGAATCCAGTATCTCAGACGAAGTGGAAAAGGAGCTGGGGAAACAAGGCGTCCG","56C1A74",2,13,"CAA/AAG","mnv"
1428,"CAA","AAG",7951,491,491,"Q/K","missense_variant","133M","GCAGTGGAATCCCTCTGACCGGCCCTCCTTTGCTGAAATCCACAAGGCCTTTGAAACAATGTTCCAGGAATCCAGTATCTCAGACGAAGTGGAAAAGGAGCTGGGGAAACAAGGCGTCCGTGGGGCTGTGAGT","43C1A87",2,13,"CAA/AAG","mnv"
1399,"CAA","GAT",8099,491,491,"Q/D","missense_variant","133M","AAGGTCTATGAACTCATGCGAGCATGTTGGCAGTGGAATCCCTCTGACCGGCCCTCCTTTGCTGAAATCCACGATGCCTTTGAAACAATGTTCCAGGAATCCAGTATCTCAGACGAAGTGGAAAAGGAGCTGG","72C1A58",2,5,"CAA/GAT","mnv"
1385,"CAA","GAT",7824,491,491,"Q/D","missense_variant","133M","AAGGCTGCCCAGAGAAGGTCTATGAACTCATGCGAGCATGTTGGCAGTGGAATCCCTCTGACCGGCCCTCCTTTGCTGAAATCCACGATGCCTTTGAAACAATGTTCCAGGAATCCAGTATCTCAGACGAAGT","86C1A44",2,5,"CAA/GAT","mnv"
1381,"CAA","GAT",7927,491,491,"Q/D","missense_variant","133M","CCAGAAGGCTGCCCAGAGAAGGTCTATGAACTCATGCGAGCATGTTGGCAGTGGAATCCCTCTGACCGGCCCTCCTTTGCTGAAATCCACGATGCCTTTGAAACAATGTTCCAGGAATCCAGTATCTCAGACG","90C1A40",2,5,"CAA/GAT","mnv"
1440,"CAA","GAT",7809,491,491,"Q/D","missense_variant","133M","CTCTGACCGGCCCTCCTTTGCTGAAATCCACGATGCCTTTGAAACAATGTTCCAGGAATCCAGTATCTCAGACGAAGTGGAAAAGGAGCTGGGGAAACAAGGCGTCCGTGGGGCTGTGAGTACCTTGCTGCAG","31C1A99",2,5,"CAA/GAT","mnv"
1372,"CAA","GAT",8037,491,491,"Q/D","missense_variant","133M","ATGGAGCGCCCAGAAGGCTGCCCAGAGAAGGTCTATGAACTCATGCGAGCATGTTGGCAGTGGAATCCCTCTGACCGGCCCTCCTTTGCTGAAATCCACGATGCCTTTGAAACAATGTTCCAGGAATCCAGTA","99C1A31",2,5,"CAA/GAT","mnv"
1431,"AAG","CTG",7948,491,492,"QA/PA","missense_variant","133M","GTGGAATCCCTCTGACCGGCCCTCCTTTGCTGAAATCCACCCTGTCTTTGAAACAATGTTCCAGGAATCCAGTATCTCAGACGAAGTGGAAAAGGAGCTGGGGAAACAAGGCGTCCGTGGGGCTGTGAGTACC","41A0A1C88",3,2,"cAAGcc/cCTGcc","mnv"
1382,"AAG","CTG",7939,491,492,"QA/PA","missense_variant","133M","CAGAAGGCTGCCCAGAGAAGGTCTATGAACTCATGCGAGCATGTTGGCAGTGGAATCCCTCTGACCGGCCCTCCTTTGCTGAAATCCACCCTGTCTTTGAAACAATGTTCCAGGAATCCAGTATCTCAGACGA","90A0A1C39",3,2,"cAAGcc/cCTGcc","mnv"
1387,"GC","AT",7822,492,492,"A/I","missense_variant","133M","GGCTGCCCAGAGAAGGTCTATGAACTCATGCGAGCATGTTGGCAGTGGAATCCCTCTGACCGGCCCTCCTTTGCTGAAATCCACCAAATCTTTGAAACAATGTTCCAGGAATCCAGTATCTCAGACGAAGTGG","87G0C44",2,3,"GCc/ATc","mnv"
1444,"GC","AT",7767,492,492,"A/I","missense_variant","133M","GACCGGCCCTCCTTTGCTGAAATCCACCAAATCTTTGAAACAATGTTCCAGGAATCCAGTATCTCAGACGAAGTGGAAAAGGAGCTGGGGAAACAAGGCGTCCGTGGGGCTGTGAGTACCTTGCTGCAGGCCC","30G0C101",2,3,"GCc/ATc","mnv"
1388,"GC","AT",7843,492,492,"A/I","missense_variant","133M","GCTGCCCAGAGAAGGTCTATGAACTCATGCGAGCATGTTGGCAGTGGAATCCCTCTGACCGGCCCTCCTTTGCTGAAATCCACCAAATCTTTGAAACAATGTTCCAGGAATCCAGTATCTCAGACGAAGTGGA","86G0C45",2,3,"GCc/ATc","mnv"
1357,"GC","TA",8009,492,492,"A/Y","missense_variant","133M","GAGAAGGACTACCGCATGGAGCGCCCAGAAGGCTGCCCAGAGAAGGTCTATGAACTCATGCGAGCATGTTGGCAGTGGAATCCCTCTGACCGGCCCTCCTTTGCTGAAATCCACCAATACTTTGAAACAATGT","117G0C14",2,4,"GCc/TAc","mnv"
1374,"GC","TA",8014,492,492,"A/Y","missense_variant","133M","GGAGCGCCCAGAAGGCTGCCCAGAGAAGGTCTATGAACTCATGCGAGCATGTTGGCAGTGGAATCCCTCTGACCGGCCCTCCTTTGCTGAAATCCACCAATACTTTGAAACAATGTTCCAGGAATCCAGTATC","100G0C31",2,4,"GCc/TAc","mnv"
1470,"GC","TA",6995,492,492,"A/Y","missense_variant","133M","CCAATACTTTGAAACAATGTTCCAGGAATCCAGTATCTCAGACGAAGTGGAAAAGGAGCTGGGGAAACAAGGCGTCCGTGGGGCTGTGAGTACCTTGCTGCAGGCCCCAGAGCTGCCCACCAAGACGAGGACC","4G0C127",2,4,"GCc/TAc","mnv"
1359,"GC","TA",8049,492,492,"A/Y","missense_variant","133M","GAAGGACTACCGCATGGAGCGCCCAGAAGGCTGCCCAGAGAAGGTCTATGAACTCATGCGAGCATGTTGGCAGTGGAATCCCTCTGACCGGCCCTCCTTTGCTGAAATCCACCAATACTTTGAAACAATGTTC","115G0C16",2,4,"GCc/TAc","mnv"
1408,"GCC","AAG",8154,492,492,"A/K","missense_variant","133M","GAACTCATGCGAGCATGTTGGCAGTGGAATCCCTCTGACCGGCCCTCCTTTGCTGAAATCCACCAAAAGTTTGAAACAATGTTCCAGGAATCCAGTATCTCAGACGAAGTGGAAAAGGAGCTGGGGAAACAAG","66G0C0C64",3,131,"GCC/AAG","mnv"
1352,"GCC","AAG",8076,492,492,"A/K","missense_variant","133M","TGCTAGAGAAGGACTACCGCATGGAGCGCCCAGAAGGCTGCCCAGAGAAGGTCTATGAACTCATGCGAGCATGTTGGCAGTGGAATCCCTCTGACCGGCCCTCCTTTGCTGAAATCCACCAAAAGTTTGAAAC","122G0C0C8",3,131,"GCC/AAG","mnv"
1397,"GCC","AAG",7941,492,492,"A/K","missense_variant","133M","AGAAGGTCTATGAACTCATGCGAGCATGTTGGCAGTGGAATCCCTCTGACCGGCCCTCCTTTGCTGAAATCCACCAAAAGTTTGAAACAATGTTCCAGGAATCCAGTATCTCAGACGAAGTGGAAAAGGAGCT","77G0C0C53",3,131,"GCC/AAG","mnv"
1379,"GCC","AAG",7967,492,492,"A/K","missense_variant","133M","GCCCAGAAGGCTGCCCAGAGAAGGTCTATGAACTCATGCGAGCATGTTGGCAGTGGAATCCCTCTGACCGGCCCTCCTTTGCTGAAATCCACCAAAAGTTTGAAACAATGTTCCAGGAATCCAGTATCTCAGA","95G0C0C35",3,131,"GCC/AAG","mnv"
1352,"GCC","AAG",8076,492,492,"A/K","missense_variant","133M","TGCTAGAGAAGGACTACCGCATGGAGCGCCCAGAAGGCTGCCCAGAGAAGGTCTATGAACTCATGCGAGCATGTTGGCAGTGGAATCCCTCTGACCGGCCCTCCTTTGCTGAAATCCACCAAAAGTTTGAAAC","122G0C0C8",3,131,"GCC/AAG","mnv"
1376,"GCC","AAG",7988,492,492,"A/K","missense_variant","133M","AGCGCCCAGAAGGCTGCCCAGAGAAGGTCTATGAACTCATGCGAGCATGTTGGCAGTGGAATCCCTCTGACCGGCCCTCCTTTGCTGAAATCCACCAAAAGTTTGAAACAATGTTCCAGGAATCCAGTATCTC","98G0C0C32",3,131,"GCC/AAG","mnv"
1429,"GCC","AAG",7920,492,492,"A/K","missense_variant","133M","CAGTGGAATCCCTCTGACCGGCCCTCCTTTGCTGAAATCCACCAAAAGTTTGAAACAATGTTCCAGGAATCCAGTATCTCAGACGAAGTGGAAAAGGAGCTGGGGAAACAAGGCGTCCGTGGGGCTGTGAGTA","45G0C0C85",3,131,"GCC/AAG","mnv"
1352,"GCC","AAG",8076,492,492,"A/K","missense_variant","133M","TGCTAGAGAAGGACTACCGCATGGAGCGCCCAGAAGGCTGCCCAGAGAAGGTCTATGAACTCATGCGAGCATGTTGGCAGTGGAATCCCTCTGACCGGCCCTCCTTTGCTGAAATCCACCAAAAGTTTGAAAC","122G0C0C8",3,131,"GCC/AAG","mnv"
1427,"GCC","AAG",7971,492,492,"A/K","missense_variant","133M","GGCAGTGGAATCCCTCTGACCGGCCCTCCTTTGCTGAAATCCACCAAAAGTTTGAAACAATGTTCCAGGAATCCAGTATCTCAGACGAAGTGGAAAAGGAGCTGGGGAAACAAGGCGTCCGTGGGGCTGTGAG","47G0C0C83",3,131,"GCC/AAG","mnv"
1398,"GCC","AAG",8028,492,492,"A/K","missense_variant","133M","GAAGGTCTATGAACTCATGCGAGCATGTTGGCAGTGGAATCCCTCTGACCGGCCCTCCTTTGCTGAAATCCACCAAAAGTTTGAAACAATGTTCCAGGAATCCAGTATCTCAGACGAAGTGGAAAAGGAGCTG","76G0C0C54",3,131,"GCC/AAG","mnv"
1432,"GCC","AAG",7971,492,492,"A/K","missense_variant","133M","TGGAATCCCTCTGACCGGCCCTCCTTTGCTGAAATCCACCAAAAGTTTGAAACAATGTTCCAGGAATCCAGTATCTCAGACGAAGTGGAAAAGGAGCTGGGGAAACAAGGCGTCCGTGGGGCTGTGAGTACCT","42G0C0C88",3,131,"GCC/AAG","mnv"
1391,"GCC","AAG",8017,492,492,"A/K","missense_variant","133M","GCCCAGAGAAGGTCTATGAACTCATGCGAGCATGTTGGCAGTGGAATCCCTCTGACCGGCCCTCCTTTGCTGAAATCCACCAAAAGTTTGAAACAATGTTCCAGGAATCCAGTATCTCAGACGAAGTGGAAAA","83G0C0C47",3,131,"GCC/AAG","mnv"
1390,"GCC","AAG",7942,492,492,"A/K","missense_variant","133M","TGCCCAGAGAAGGTCTATGAACTCATGCGAGCATGTTGGCAGTGGAATCCCTCTGACCGGCCCTCCTTTGCTGAAATCCACCAAAAGTTTGAAACAATGTTCCAGGAATCCAGTATCTCAGACGAAGTGGAAA","84G0C0C46",3,131,"GCC/AAG","mnv"
1430,"GCC","AAG",7926,492,492,"A/K","missense_variant","133M","AGTGGAATCCCTCTGACCGGCCCTCCTTTGCTGAAATCCACCAAAAGTTTGAAACAATGTTCCAGGAATCCAGTATCTCAGACGAAGTGGAAAAGGAGCTGGGGAAACAAGGCGTCCGTGGGGCTGTGAGTAC","44G0C0C86",3,131,"GCC/AAG","mnv"
1387,"GCC","AAG",7822,492,492,"A/K","missense_variant","133M","GGCTGCCCAGAGAAGGTCTATGAACTCATGCGAGCATGTTGGCAGTGGAATCCCTCTGACCGGCCCTCCTTTGCTGAAATCCACCAAAAGTTTGAAACAATGTTCCAGGAATCCAGTATCTCAGACGAAGTGG","87G0C0C43",3,131,"GCC/AAG","mnv"
1415,"GCC","AAG",8075,492,492,"A/K","missense_variant","133M","TGCGAGCATGTTGGCAGTGGAATCCCTCTGACCGGCCCTCCTTTGCTGAAATCCACCAAAAGTTTGAAACAATGTTCCAGGAATCCAGTATCTCAGACGAAGTGGAAAAGGAGCTGGGGAAACAAGGCGTCCG","59G0C0C71",3,131,"GCC/AAG","mnv"
1403,"GCC","AAG",8147,492,492,"A/K","missense_variant","133M","TCTATGAACTCATGCGAGCATGTTGGCAGTGGAATCCCTCTGACCGGCCCTCCTTTGCTGAAATCCACCAAAAGTTTGAAACAATGTTCCAGGAATCCAGTATCTCAGACGAAGTGGAAAAGGAGCTGGGGAA","71G0C0C59",3,131,"GCC/AAG","mnv"
1439,"GCC","AAG",7835,492,492,"A/K","missense_variant","133M","CCTCTGACCGGCCCTCCTTTGCTGAAATCCACCAAAAGTTTGAAACAATGTTCCAGGAATCCAGTATCTCAGACGAAGTGGAAAAGGAGCTGGGGAAACAAGGCGTCCGTGGGGCTGTGAGTACCTTGCTGCA","35G0C0C95",3,131,"GCC/AAG","mnv"
1375,"GCC","AAG",8005,492,492,"A/K","missense_variant","133M","GAGCGCCCAGAAGGCTGCCCAGAGAAGGTCTATGAACTCATGCGAGCATGTTGGCAGTGGAATCCCTCTGACCGGCCCTCCTTTGCTGAAATCCACCAAAAGTTTGAAACAATGTTCCAGGAATCCAGTATCT","99G0C0C31",3,131,"GCC/AAG","mnv"
1375,"GCC","AAG",8005,492,492,"A/K","missense_variant","133M","GAGCGCCCAGAAGGCTGCCCAGAGAAGGTCTATGAACTCATGCGAGCATGTTGGCAGTGGAATCCCTCTGACCGGCCCTCCTTTGCTGAAATCCACCAAAAGTTTGAAACAATGTTCCAGGAATCCAGTATCT","99G0C0C31",3,131,"GCC/AAG","mnv"
1394,"GCC","AAG",8003,492,492,"A/K","missense_variant","133M","CAGAGAAGGTCTATGAACTCATGCGAGCATGTTGGCAGTGGAATCCCTCTGACCGGCCCTCCTTTGCTGAAATCCACCAAAAGTTTGAAACAATGTTCCAGGAATCCAGTATCTCAGACGAAGTGGAAAAGGA","80G0C0C50",3,131,"GCC/AAG","mnv"
1384,"GCC","AAG",7824,492,492,"A/K","missense_variant","133M","GAAGGCTGCCCAGAGAAGGTCTATGAACTCATGCGAGCATGTTGGCAGTGGAATCCCTCTGACCGGCCCTCCTTTGCTGAAATCCACCAAAAGTTTGAAACAATGTTCCAGGAATCCAGTATCTCAGACGAAG","90G0C0C40",3,131,"GCC/AAG","mnv"
1430,"GCC","AAG",7926,492,492,"A/K","missense_variant","133M","AGTGGAATCCCTCTGACCGGCCCTCCTTTGCTGAAATCCACCAAAAGTTTGAAACAATGTTCCAGGAATCCAGTATCTCAGACGAAGTGGAAAAGGAGCTGGGGAAACAAGGCGTCCGTGGGGCTGTGAGTAC","44G0C0C86",3,131,"GCC/AAG","mnv"
1430,"GCC","AAG",7926,492,492,"A/K","missense_variant","133M","AGTGGAATCCCTCTGACCGGCCCTCCTTTGCTGAAATCCACCAAAAGTTTGAAACAATGTTCCAGGAATCCAGTATCTCAGACGAAGTGGAAAAGGAGCTGGGGAAACAAGGCGTCCGTGGGGCTGTGAGTAC","44G0C0C86",3,131,"GCC/AAG","mnv"
1391,"GCC","AAG",8017,492,492,"A/K","missense_variant","133M","GCCCAGAGAAGGTCTATGAACTCATGCGAGCATGTTGGCAGTGGAATCCCTCTGACCGGCCCTCCTTTGCTGAAATCCACCAAAAGTTTGAAACAATGTTCCAGGAATCCAGTATCTCAGACGAAGTGGAAAA","83G0C0C47",3,131,"GCC/AAG","mnv"
1409,"GCC","AAG",8142,492,492,"A/K","missense_variant","133M","AACTCATGCGAGCATGTTGGCAGTGGAATCCCTCTGACCGGCCCTCCTTTGCTGAAATCCACCAAAAGTTTGAAACAATGTTCCAGGAATCCAGTATCTCAGACGAAGTGGAAAAGGAGCTGGGGAAACAAGG","65G0C0C65",3,131,"GCC/AAG","mnv"
1409,"GCC","AAG",8142,492,492,"A/K","missense_variant","133M","AACTCATGCGAGCATGTTGGCAGTGGAATCCCTCTGACCGGCCCTCCTTTGCTGAAATCCACCAAAAGTTTGAAACAATGTTCCAGGAATCCAGTATCTCAGACGAAGTGGAAAAGGAGCTGGGGAAACAAGG","65G0C0C65",3,131,"GCC/AAG","mnv"
1396,"GCC","AAG",7912,492,492,"A/K","missense_variant","133M","GAGAAGGTCTATGAACTCATGCGAGCATGTTGGCAGTGGAATCCCTCTGACCGGCCCTCCTTTGCTGAAATCCACCAAAAGTTTGAAACAATGTTCCAGGAATCCAGTATCTCAGACGAAGTGGAAAAGGAGC","78G0C0C52",3,131,"GCC/AAG","mnv"
1392,"GCC","AAG",8020,492,492,"A/K","missense_variant","133M","CCCAGAGAAGGTCTATGAACTCATGCGAGCATGTTGGCAGTGGAATCCCTCTGACCGGCCCTCCTTTGCTGAAATCCACCAAAAGTTTGAAACAATGTTCCAGGAATCCAGTATCTCAGACGAAGTGGAAAAG","82G0C0C48",3,131,"GCC/AAG","mnv"
1405,"GCC","AAG",8093,492,492,"A/K","missense_variant","133M","TATGAACTCATGCGAGCATGTTGGCAGTGGAATCCCTCTGACCGGCCCTCCTTTGCTGAAATCCACCAAAAGTTTGAAACAATGTTCCAGGAATCCAGTATCTCAGACGAAGTGGAAAAGGAGCTGGGGAAAC","69G0C0C61",3,131,"GCC/AAG","mnv"
1385,"GCC","AAG",7824,492,492,"A/K","missense_variant","133M","AAGGCTGCCCAGAGAAGGTCTATGAACTCATGCGAGCATGTTGGCAGTGGAATCCCTCTGACCGGCCCTCCTTTGCTGAAATCCACCAAAAGTTTGAAACAATGTTCCAGGAATCCAGTATCTCAGACGAAGT","89G0C0C41",3,131,"GCC/AAG","mnv"
1399,"GCC","AAG",8099,492,492,"A/K","missense_variant","133M","AAGGTCTATGAACTCATGCGAGCATGTTGGCAGTGGAATCCCTCTGACCGGCCCTCCTTTGCTGAAATCCACCAAAAGTTTGAAACAATGTTCCAGGAATCCAGTATCTCAGACGAAGTGGAAAAGGAGCTGG","75G0C0C55",3,131,"GCC/AAG","mnv"
1382,"GCC","AAG",7939,492,492,"A/K","missense_variant","133M","CAGAAGGCTGCCCAGAGAAGGTCTATGAACTCATGCGAGCATGTTGGCAGTGGAATCCCTCTGACCGGCCCTCCTTTGCTGAAATCCACCAAAAGTTTGAAACAATGTTCCAGGAATCCAGTATCTCAGACGA","92G0C0C38",3,131,"GCC/AAG","mnv"
1427,"GCC","AAG",7971,492,492,"A/K","missense_variant","133M","GGCAGTGGAATCCCTCTGACCGGCCCTCCTTTGCTGAAATCCACCAAAAGTTTGAAACAATGTTCCAGGAATCCAGTATCTCAGACGAAGTGGAAAAGGAGCTGGGGAAACAAGGCGTCCGTGGGGCTGTGAG","47G0C0C83",3,131,"GCC/AAG","mnv"
1399,"GCC","AAG",8099,492,492,"A/K","missense_variant","133M","AAGGTCTATGAACTCATGCGAGCATGTTGGCAGTGGAATCCCTCTGACCGGCCCTCCTTTGCTGAAATCCACCAAAAGTTTGAAACAATGTTCCAGGAATCCAGTATCTCAGACGAAGTGGAAAAGGAGCTGG","75G0C0C55",3,131,"GCC/AAG","mnv"
1427,"GCC","AAG",7971,492,492,"A/K","missense_variant","133M","GGCAGTGGAATCCCTCTGACCGGCCCTCCTTTGCTGAAATCCACCAAAAGTTTGAAACAATGTTCCAGGAATCCAGTATCTCAGACGAAGTGGAAAAGGAGCTGGGGAAACAAGGCGTCCGTGGGGCTGTGAG","47G0C0C83",3,131,"GCC/AAG","mnv"
1436,"GCC","AAG",7808,492,492,"A/K","missense_variant","133M","ATCCCTCTGACCGGCCCTCCTTTGCTGAAATCCACCAAAAGTTTGAAACAATGTTCCAGGAATCCAGTATCTCAGACGAAGTGGAAAAGGAGCTGGGGAAACAAGGCGTCCGTGGGGCTGTGAGTACCTTGCT","38G0C0C92",3,131,"GCC/AAG","mnv"
1421,"GCC","AAG",8102,492,492,"A/K","missense_variant","133M","CATGTTGGCAGTGGAATCCCTCTGACCGGCCCTCCTTTGCTGAAATCCACCAAAAGTTTGAAACAATGTTCCAGGAATCCAGTATCTCAGACGAAGTGGAAAAGGAGCTGGGGAAACAAGGCGTCCGTGGGGC","53G0C0C77",3,131,"GCC/AAG","mnv"
1411,"GCC","AAG",8117,492,492,"A/K","missense_variant","133M","CTCATGCGAGCATGTTGGCAGTGGAATCCCTCTGACCGGCCCTCCTTTGCTGAAATCCACCAAAAGTTTGAAACAATGTTCCAGGAATCCAGTATCTCAGACGAAGTGGAAAAGGAGCTGGGGAAACAAGGCG","63G0C0C67",3,131,"GCC/AAG","mnv"
1387,"GCC","AAG",7822,492,492,"A/K","missense_variant","133M","GGCTGCCCAGAGAAGGTCTATGAACTCATGCGAGCATGTTGGCAGTGGAATCCCTCTGACCGGCCCTCCTTTGCTGAAATCCACCAAAAGTTTGAAACAATGTTCCAGGAATCCAGTATCTCAGACGAAGTGG","87G0C0C43",3,131,"GCC/AAG","mnv"
1353,"GCC","AAG",8049,492,492,"A/K","missense_variant","133M","GCTAGAGAAGGACTACCGCATGGAGCGCCCAGAAGGCTGCCCAGAGAAGGTCTATGAACTCATGCGAGCATGTTGGCAGTGGAATCCCTCTGACCGGCCCTCCTTTGCTGAAATCCACCAAAAGTTTGAAACA","121G0C0C9",3,131,"GCC/AAG","mnv"
1425,"GCC","AAG",7963,492,492,"A/K","missense_variant","133M","TTGGCAGTGGAATCCCTCTGACCGGCCCTCCTTTGCTGAAATCCACCAAAAGTTTGAAACAATGTTCCAGGAATCCAGTATCTCAGACGAAGTGGAAAAGGAGCTGGGGAAACAAGGCGTCCGTGGGGCTGTG","49G0C0C81",3,131,"GCC/AAG","mnv"
1415,"GCC","AAG",8075,492,492,"A/K","missense_variant","133M","TGCGAGCATGTTGGCAGTGGAATCCCTCTGACCGGCCCTCCTTTGCTGAAATCCACCAAAAGTTTGAAACAATGTTCCAGGAATCCAGTATCTCAGACGAAGTGGAAAAGGAGCTGGGGAAACAAGGCGTCCG","59G0C0C71",3,131,"GCC/AAG","mnv"
1439,"GCC","AAG",7835,492,492,"A/K","missense_variant","133M","CCTCTGACCGGCCCTCCTTTGCTGAAATCCACCAAAAGTTTGAAACAATGTTCCAGGAATCCAGTATCTCAGACGAAGTGGAAAAGGAGCTGGGGAAACAAGGCGTCCGTGGGGCTGTGAGTACCTTGCTGCA","35G0C0C95",3,131,"GCC/AAG","mnv"
1415,"GCC","AAG",8075,492,492,"A/K","missense_variant","133M","TGCGAGCATGTTGGCAGTGGAATCCCTCTGACCGGCCCTCCTTTGCTGAAATCCACCAAAAGTTTGAAACAATGTTCCAGGAATCCAGTATCTCAGACGAAGTGGAAAAGGAGCTGGGGAAACAAGGCGTCCG","59G0C0C71",3,131,"GCC/AAG","mnv"
1411,"GCC","AAG",8117,492,492,"A/K","missense_variant","133M","CTCATGCGAGCATGTTGGCAGTGGAATCCCTCTGACCGGCCCTCCTTTGCTGAAATCCACCAAAAGTTTGAAACAATGTTCCAGGAATCCAGTATCTCAGACGAAGTGGAAAAGGAGCTGGGGAAACAAGGCG","63G0C0C67",3,131,"GCC/AAG","mnv"
1430,"GCC","AAG",7926,492,492,"A/K","missense_variant","133M","AGTGGAATCCCTCTGACCGGCCCTCCTTTGCTGAAATCCACCAAAAGTTTGAAACAATGTTCCAGGAATCCAGTATCTCAGACGAAGTGGAAAAGGAGCTGGGGAAACAAGGCGTCCGTGGGGCTGTGAGTAC","44G0C0C86",3,131,"GCC/AAG","mnv"
1427,"GCC","AAG",7971,492,492,"A/K","missense_variant","133M","GGCAGTGGAATCCCTCTGACCGGCCCTCCTTTGCTGAAATCCACCAAAAGTTTGAAACAATGTTCCAGGAATCCAGTATCTCAGACGAAGTGGAAAAGGAGCTGGGGAAACAAGGCGTCCGTGGGGCTGTGAG","47G0C0C83",3,131,"GCC/AAG","mnv"
1415,"GCC","AAG",8075,492,492,"A/K","missense_variant","133M","TGCGAGCATGTTGGCAGTGGAATCCCTCTGACCGGCCCTCCTTTGCTGAAATCCACCAAAAGTTTGAAACAATGTTCCAGGAATCCAGTATCTCAGACGAAGTGGAAAAGGAGCTGGGGAAACAAGGCGTCCG","59G0C0C71",3,131,"GCC/AAG","mnv"
1389,"GCC","AAG",7859,492,492,"A/K","missense_variant","133M","CTGCCCAGAGAAGGTCTATGAACTCATGCGAGCATGTTGGCAGTGGAATCCCTCTGACCGGCCCTCCTTTGCTGAAATCCACCAAAAGTTTGAAACAATGTTCCAGGAATCCAGTATCTCAGACGAAGTGGAA","85G0C0C45",3,131,"GCC/AAG","mnv"
1383,"GCC","AAG",7877,492,492,"A/K","missense_variant","133M","AGAAGGCTGCCCAGAGAAGGTCTATGAACTCATGCGAGCATGTTGGCAGTGGAATCCCTCTGACCGGCCCTCCTTTGCTGAAATCCACCAAAAGTTTGAAACAATGTTCCAGGAATCCAGTATCTCAGACGAA","91G0C0C39",3,131,"GCC/AAG","mnv"
1376,"GCC","AAG",7988,492,492,"A/K","missense_variant","133M","AGCGCCCAGAAGGCTGCCCAGAGAAGGTCTATGAACTCATGCGAGCATGTTGGCAGTGGAATCCCTCTGACCGGCCCTCCTTTGCTGAAATCCACCAAAAGTTTGAAACAATGTTCCAGGAATCCAGTATCTC","98G0C0C32",3,131,"GCC/AAG","mnv"
1397,"GCC","AAG",7941,492,492,"A/K","missense_variant","133M","AGAAGGTCTATGAACTCATGCGAGCATGTTGGCAGTGGAATCCCTCTGACCGGCCCTCCTTTGCTGAAATCCACCAAAAGTTTGAAACAATGTTCCAGGAATCCAGTATCTCAGACGAAGTGGAAAAGGAGCT","77G0C0C53",3,131,"GCC/AAG","mnv"
1395,"GCC","AAG",7964,492,492,"A/K","missense_variant","133M","AGAGAAGGTCTATGAACTCATGCGAGCATGTTGGCAGTGGAATCCCTCTGACCGGCCCTCCTTTGCTGAAATCCACCAAAAGTTTGAAACAATGTTCCAGGAATCCAGTATCTCAGACGAAGTGGAAAAGGAG","79G0C0C51",3,131,"GCC/AAG","mnv"
1409,"GCC","AAG",8142,492,492,"A/K","missense_variant","133M","AACTCATGCGAGCATGTTGGCAGTGGAATCCCTCTGACCGGCCCTCCTTTGCTGAAATCCACCAAAAGTTTGAAACAATGTTCCAGGAATCCAGTATCTCAGACGAAGTGGAAAAGGAGCTGGGGAAACAAGG","65G0C0C65",3,131,"GCC/AAG","mnv"
1430,"GCC","AAG",7926,492,492,"A/K","missense_variant","133M","AGTGGAATCCCTCTGACCGGCCCTCCTTTGCTGAAATCCACCAAAAGTTTGAAACAATGTTCCAGGAATCCAGTATCTCAGACGAAGTGGAAAAGGAGCTGGGGAAACAAGGCGTCCGTGGGGCTGTGAGTAC","44G0C0C86",3,131,"GCC/AAG","mnv"
1410,"GCC","AAG",8135,492,492,"A/K","missense_variant","133M","ACTCATGCGAGCATGTTGGCAGTGGAATCCCTCTGACCGGCCCTCCTTTGCTGAAATCCACCAAAAGTTTGAAACAATGTTCCAGGAATCCAGTATCTCAGACGAAGTGGAAAAGGAGCTGGGGAAACAAGGC","64G0C0C66",3,131,"GCC/AAG","mnv"
1443,"GCC","AAG",7746,492,492,"A/K","missense_variant","133M","TGACCGGCCCTCCTTTGCTGAAATCCACCAAAAGTTTGAAACAATGTTCCAGGAATCCAGTATCTCAGACGAAGTGGAAAAGGAGCTGGGGAAACAAGGCGTCCGTGGGGCTGTGAGTACCTTGCTGCAGGCC","31G0C0C99",3,131,"GCC/AAG","mnv"
1427,"GCC","AAG",7971,492,492,"A/K","missense_variant","133M","GGCAGTGGAATCCCTCTGACCGGCCCTCCTTTGCTGAAATCCACCAAAAGTTTGAAACAATGTTCCAGGAATCCAGTATCTCAGACGAAGTGGAAAAGGAGCTGGGGAAACAAGGCGTCCGTGGGGCTGTGAG","47G0C0C83",3,131,"GCC/AAG","mnv"
1439,"GCC","AAG",7835,492,492,"A/K","missense_variant","133M","CCTCTGACCGGCCCTCCTTTGCTGAAATCCACCAAAAGTTTGAAACAATGTTCCAGGAATCCAGTATCTCAGACGAAGTGGAAAAGGAGCTGGGGAAACAAGGCGTCCGTGGGGCTGTGAGTACCTTGCTGCA","35G0C0C95",3,131,"GCC/AAG","mnv"
1403,"GCC","AAG",8147,492,492,"A/K","missense_variant","133M","TCTATGAACTCATGCGAGCATGTTGGCAGTGGAATCCCTCTGACCGGCCCTCCTTTGCTGAAATCCACCAAAAGTTTGAAACAATGTTCCAGGAATCCAGTATCTCAGACGAAGTGGAAAAGGAGCTGGGGAA","71G0C0C59",3,131,"GCC/AAG","mnv"
1391,"GCC","AAG",8017,492,492,"A/K","missense_variant","133M","GCCCAGAGAAGGTCTATGAACTCATGCGAGCATGTTGGCAGTGGAATCCCTCTGACCGGCCCTCCTTTGCTGAAATCCACCAAAAGTTTGAAACAATGTTCCAGGAATCCAGTATCTCAGACGAAGTGGAAAA","83G0C0C47",3,131,"GCC/AAG","mnv"
1465,"GCC","AAG",7135,492,492,"A/K","missense_variant","133M","ATCCACCAAAAGTTTGAAACAATGTTCCAGGAATCCAGTATCTCAGACGAAGTGGAAAAGGAGCTGGGGAAACAAGGCGTCCGTGGGGCTGTGAGTACCTTGCTGCAGGCCCCAGAGCTGCCCACCAAGACGA","9G0C0C121",3,131,"GCC/AAG","mnv"
1377,"GCC","AAG",8036,492,492,"A/K","missense_variant","133M","GCGCCCAGAAGGCTGCCCAGAGAAGGTCTATGAACTCATGCGAGCATGTTGGCAGTGGAATCCCTCTGACCGGCCCTCCTTTGCTGAAATCCACCAAAAGTTTGAAACAATGTTCCAGGAATCCAGTATCTCA","97G0C0C33",3,131,"GCC/AAG","mnv"
1377,"GCC","AAG",8036,492,492,"A/K","missense_variant","133M","GCGCCCAGAAGGCTGCCCAGAGAAGGTCTATGAACTCATGCGAGCATGTTGGCAGTGGAATCCCTCTGACCGGCCCTCCTTTGCTGAAATCCACCAAAAGTTTGAAACAATGTTCCAGGAATCCAGTATCTCA","97G0C0C33",3,131,"GCC/AAG","mnv"
1420,"GCC","AAG",8116,492,492,"A/K","missense_variant","133M","GCATGTTGGCAGTGGAATCCCTCTGACCGGCCCTCCTTTGCTGAAATCCACCAAAAGTTTGAAACAATGTTCCAGGAATCCAGTATCTCAGACGAAGTGGAAAAGGAGCTGGGGAAACAAGGCGTCCGTGGGG","54G0C0C76",3,131,"GCC/AAG","mnv"
1397,"GCC","AAG",7941,492,492,"A/K","missense_variant","133M","AGAAGGTCTATGAACTCATGCGAGCATGTTGGCAGTGGAATCCCTCTGACCGGCCCTCCTTTGCTGAAATCCACCAAAAGTTTGAAACAATGTTCCAGGAATCCAGTATCTCAGACGAAGTGGAAAAGGAGCT","77G0C0C53",3,131,"GCC/AAG","mnv"
1385,"GCC","AAG",7824,492,492,"A/K","missense_variant","133M","AAGGCTGCCCAGAGAAGGTCTATGAACTCATGCGAGCATGTTGGCAGTGGAATCCCTCTGACCGGCCCTCCTTTGCTGAAATCCACCAAAAGTTTGAAACAATGTTCCAGGAATCCAGTATCTCAGACGAAGT","89G0C0C41",3,131,"GCC/AAG","mnv"
1431,"GCC","AAG",7948,492,492,"A/K","missense_variant","133M","GTGGAATCCCTCTGACCGGCCCTCCTTTGCTGAAATCCACCAAAAGTTTGAAACAATGTTCCAGGAATCCAGTATCTCAGACGAAGTGGAAAAGGAGCTGGGGAAACAAGGCGTCCGTGGGGCTGTGAGTACC","43G0C0C87",3,131,"GCC/AAG","mnv"
1437,"GCC","AAG",7822,492,492,"A/K","missense_variant","133M","TCCCTCTGACCGGCCCTCCTTTGCTGAAATCCACCAAAAGTTTGAAACAATGTTCCAGGAATCCAGTATCTCAGACGAAGTGGAAAAGGAGCTGGGGAAACAAGGCGTCCGTGGGGCTGTGAGTACCTTGCTG","37G0C0C93",3,131,"GCC/AAG","mnv"
1396,"GCC","AAG",7912,492,492,"A/K","missense_variant","133M","GAGAAGGTCTATGAACTCATGCGAGCATGTTGGCAGTGGAATCCCTCTGACCGGCCCTCCTTTGCTGAAATCCACCAAAAGTTTGAAACAATGTTCCAGGAATCCAGTATCTCAGACGAAGTGGAAAAGGAGC","78G0C0C52",3,131,"GCC/AAG","mnv"
1405,"GCC","AAG",8093,492,492,"A/K","missense_variant","133M","TATGAACTCATGCGAGCATGTTGGCAGTGGAATCCCTCTGACCGGCCCTCCTTTGCTGAAATCCACCAAAAGTTTGAAACAATGTTCCAGGAATCCAGTATCTCAGACGAAGTGGAAAAGGAGCTGGGGAAAC","69G0C0C61",3,131,"GCC/AAG","mnv"
1398,"GCC","AAG",8028,492,492,"A/K","missense_variant","133M","GAAGGTCTATGAACTCATGCGAGCATGTTGGCAGTGGAATCCCTCTGACCGGCCCTCCTTTGCTGAAATCCACCAAAAGTTTGAAACAATGTTCCAGGAATCCAGTATCTCAGACGAAGTGGAAAAGGAGCTG","76G0C0C54",3,131,"GCC/AAG","mnv"
1406,"GCC","AAG",8101,492,492,"A/K","missense_variant","133M","ATGAACTCATGCGAGCATGTTGGCAGTGGAATCCCTCTGACCGGCCCTCCTTTGCTGAAATCCACCAAAAGTTTGAAACAATGTTCCAGGAATCCAGTATCTCAGACGAAGTGGAAAAGGAGCTGGGGAAACA","68G0C0C62",3,131,"GCC/AAG","mnv"
1394,"GCC","AAG",8003,492,492,"A/K","missense_variant","133M","CAGAGAAGGTCTATGAACTCATGCGAGCATGTTGGCAGTGGAATCCCTCTGACCGGCCCTCCTTTGCTGAAATCCACCAAAAGTTTGAAACAATGTTCCAGGAATCCAGTATCTCAGACGAAGTGGAAAAGGA","80G0C0C50",3,131,"GCC/AAG","mnv"
1421,"GCC","AAG",8102,492,492,"A/K","missense_variant","133M","CATGTTGGCAGTGGAATCCCTCTGACCGGCCCTCCTTTGCTGAAATCCACCAAAAGTTTGAAACAATGTTCCAGGAATCCAGTATCTCAGACGAAGTGGAAAAGGAGCTGGGGAAACAAGGCGTCCGTGGGGC","53G0C0C77",3,131,"GCC/AAG","mnv"
1380,"GCC","AAG",7917,492,492,"A/K","missense_variant","133M","CCCAGAAGGCTGCCCAGAGAAGGTCTATGAACTCATGCGAGCATGTTGGCAGTGGAATCCCTCTGACCGGCCCTCCTTTGCTGAAATCCACCAAAAGTTTGAAACAATGTTCCAGGAATCCAGTATCTCAGAC","94G0C0C36",3,131,"GCC/AAG","mnv"
1399,"GCC","AAG",8099,492,492,"A/K","missense_variant","133M","AAGGTCTATGAACTCATGCGAGCATGTTGGCAGTGGAATCCCTCTGACCGGCCCTCCTTTGCTGAAATCCACCAAAAGTTTGAAACAATGTTCCAGGAATCCAGTATCTCAGACGAAGTGGAAAAGGAGCTGG","75G0C0C55",3,131,"GCC/AAG","mnv"
1395,"GCC","AAG",7964,492,492,"A/K","missense_variant","133M","AGAGAAGGTCTATGAACTCATGCGAGCATGTTGGCAGTGGAATCCCTCTGACCGGCCCTCCTTTGCTGAAATCCACCAAAAGTTTGAAACAATGTTCCAGGAATCCAGTATCTCAGACGAAGTGGAAAAGGAG","79G0C0C51",3,131,"GCC/AAG","mnv"
1395,"GCC","AAG",7964,492,492,"A/K","missense_variant","133M","AGAGAAGGTCTATGAACTCATGCGAGCATGTTGGCAGTGGAATCCCTCTGACCGGCCCTCCTTTGCTGAAATCCACCAAAAGTTTGAAACAATGTTCCAGGAATCCAGTATCTCAGACGAAGTGGAAAAGGAG","79G0C0C51",3,131,"GCC/AAG","mnv"
1414,"GCC","AAG",8027,492,492,"A/K","missense_variant","133M","ATGCGAGCATGTTGGCAGTGGAATCCCTCTGACCGGCCCTCCTTTGCTGAAATCCACCAAAAGTTTGAAACAATGTTCCAGGAATCCAGTATCTCAGACGAAGTGGAAAAGGAGCTGGGGAAACAAGGCGTCC","60G0C0C70",3,131,"GCC/AAG","mnv"
1408,"GCC","AAG",8154,492,492,"A/K","missense_variant","133M","GAACTCATGCGAGCATGTTGGCAGTGGAATCCCTCTGACCGGCCCTCCTTTGCTGAAATCCACCAAAAGTTTGAAACAATGTTCCAGGAATCCAGTATCTCAGACGAAGTGGAAAAGGAGCTGGGGAAACAAG","66G0C0C64",3,131,"GCC/AAG","mnv"
1416,"GCC","AAG",8138,492,492,"A/K","missense_variant","133M","GCGAGCATGTTGGCAGTGGAATCCCTCTGACCGGCCCTCCTTTGCTGAAATCCACCAAAAGTTTGAAACAATGTTCCAGGAATCCAGTATCTCAGACGAAGTGGAAAAGGAGCTGGGGAAACAAGGCGTCCGT","58G0C0C72",3,131,"GCC/AAG","mnv"
1417,"GCC","AAG",8181,492,492,"A/K","missense_variant","133M","CGAGCATGTTGGCAGTGGAATCCCTCTGACCGGCCCTCCTTTGCTGAAATCCACCAAAAGTTTGAAACAATGTTCCAGGAATCCAGTATCTCAGACGAAGTGGAAAAGGAGCTGGGGAAACAAGGCGTCCGTG","57G0C0C73",3,131,"GCC/AAG","mnv"
1381,"GCC","AAG",7927,492,492,"A/K","missense_variant","133M","CCAGAAGGCTGCCCAGAGAAGGTCTATGAACTCATGCGAGCATGTTGGCAGTGGAATCCCTCTGACCGGCCCTCCTTTGCTGAAATCCACCAAAAGTTTGAAACAATGTTCCAGGAATCCAGTATCTCAGACG","93G0C0C37",3,131,"GCC/AAG","mnv"
1413,"GCC","AAG",7977,492,492,"A/K","missense_variant","133M","CATGCGAGCATGTTGGCAGTGGAATCCCTCTGACCGGCCCTCCTTTGCTGAAATCCACCAAAAGTTTGAAACAATGTTCCAGGAATCCAGTATCTCAGACGAAGTGGAAAAGGAGCTGGGGAAACAAGGCGTC","61G0C0C69",3,131,"GCC/AAG","mnv"
1397,"GCC","AAG",7941,492,492,"A/K","missense_variant","133M","AGAAGGTCTATGAACTCATGCGAGCATGTTGGCAGTGGAATCCCTCTGACCGGCCCTCCTTTGCTGAAATCCACCAAAAGTTTGAAACAATGTTCCAGGAATCCAGTATCTCAGACGAAGTGGAAAAGGAGCT","77G0C0C53",3,131,"GCC/AAG","mnv"
1393,"GCC","AAG",8014,492,492,"A/K","missense_variant","133M","CCAGAGAAGGTCTATGAACTCATGCGAGCATGTTGGCAGTGGAATCCCTCTGACCGGCCCTCCTTTGCTGAAATCCACCAAAAGTTTGAAACAATGTTCCAGGAATCCAGTATCTCAGACGAAGTGGAAAAGG","81G0C0C49",3,131,"GCC/AAG","mnv"
1432,"GCC","AAG",7971,492,492,"A/K","missense_variant","133M","TGGAATCCCTCTGACCGGCCCTCCTTTGCTGAAATCCACCAAAAGTTTGAAACAATGTTCCAGGAATCCAGTATCTCAGACGAAGTGGAAAAGGAGCTGGGGAAACAAGGCGTCCGTGGGGCTGTGAGTACCT","42G0C0C88",3,131,"GCC/AAG","mnv"
1375,"GCC","AAG",8005,492,492,"A/K","missense_variant","133M","GAGCGCCCAGAAGGCTGCCCAGAGAAGGTCTATGAACTCATGCGAGCATGTTGGCAGTGGAATCCCTCTGACCGGCCCTCCTTTGCTGAAATCCACCAAAAGTTTGAAACAATGTTCCAGGAATCCAGTATCT","99G0C0C31",3,131,"GCC/AAG","mnv"
1440,"GCC","AAG",7809,492,492,"A/K","missense_variant","133M","CTCTGACCGGCCCTCCTTTGCTGAAATCCACCAAAAGTTTGAAACAATGTTCCAGGAATCCAGTATCTCAGACGAAGTGGAAAAGGAGCTGGGGAAACAAGGCGTCCGTGGGGCTGTGAGTACCTTGCTGCAG","34G0C0C96",3,131,"GCC/AAG","mnv"
1401,"GCC","AAG",8146,492,492,"A/K","missense_variant","133M","GGTCTATGAACTCATGCGAGCATGTTGGCAGTGGAATCCCTCTGACCGGCCCTCCTTTGCTGAAATCCACCAAAAGTTTGAAACAATGTTCCAGGAATCCAGTATCTCAGACGAAGTGGAAAAGGAGCTGGGG","73G0C0C57",3,131,"GCC/AAG","mnv"
1383,"GCC","AAG",7877,492,492,"A/K","missense_variant","133M","AGAAGGCTGCCCAGAGAAGGTCTATGAACTCATGCGAGCATGTTGGCAGTGGAATCCCTCTGACCGGCCCTCCTTTGCTGAAATCCACCAAAAGTTTGAAACAATGTTCCAGGAATCCAGTATCTCAGACGAA","91G0C0C39",3,131,"GCC/AAG","mnv"
1441,"GCC","AAG",7764,492,492,"A/K","missense_variant","133M","TCTGACCGGCCCTCCTTTGCTGAAATCCACCAAAAGTTTGAAACAATGTTCCAGGAATCCAGTATCTCAGACGAAGTGGAAAAGGAGCTGGGGAAACAAGGCGTCCGTGGGGCTGTGAGTACCTTGCTGCAGG","33G0C0C97",3,131,"GCC/AAG","mnv"
1442,"GCC","AAG",7748,492,492,"A/K","missense_variant","133M","CTGACCGGCCCTCCTTTGCTGAAATCCACCAAAAGTTTGAAACAATGTTCCAGGAATCCAGTATCTCAGACGAAGTGGAAAAGGAGCTGGGGAAACAAGGCGTCCGTGGGGCTGTGAGTACCTTGCTGCAGGC","32G0C0C98",3,131,"GCC/AAG","mnv"
1416,"GCC","AAG",8138,492,492,"A/K","missense_variant","133M","GCGAGCATGTTGGCAGTGGAATCCCTCTGACCGGCCCTCCTTTGCTGAAATCCACCAAAAGTTTGAAACAATGTTCCAGGAATCCAGTATCTCAGACGAAGTGGAAAAGGAGCTGGGGAAACAAGGCGTCCGT","58G0C0C72",3,131,"GCC/AAG","mnv"
1402,"GCC","AAG",8157,492,492,"A/K","missense_variant","133M","GTCTATGAACTCATGCGAGCATGTTGGCAGTGGAATCCCTCTGACCGGCCCTCCTTTGCTGAAATCCACCAAAAGTTTGAAACAATGTTCCAGGAATCCAGTATCTCAGACGAAGTGGAAAAGGAGCTGGGGA","72G0C0C58",3,131,"GCC/AAG","mnv"
1398,"GCC","AAG",8028,492,492,"A/K","missense_variant","133M","GAAGGTCTATGAACTCATGCGAGCATGTTGGCAGTGGAATCCCTCTGACCGGCCCTCCTTTGCTGAAATCCACCAAAAGTTTGAAACAATGTTCCAGGAATCCAGTATCTCAGACGAAGTGGAAAAGGAGCTG","76G0C0C54",3,131,"GCC/AAG","mnv"
1389,"GCC","AAG",7859,492,492,"A/K","missense_variant","133M","CTGCCCAGAGAAGGTCTATGAACTCATGCGAGCATGTTGGCAGTGGAATCCCTCTGACCGGCCCTCCTTTGCTGAAATCCACCAAAAGTTTGAAACAATGTTCCAGGAATCCAGTATCTCAGACGAAGTGGAA","85G0C0C45",3,131,"GCC/AAG","mnv"
1390,"GCC","AAG",7942,492,492,"A/K","missense_variant","133M","TGCCCAGAGAAGGTCTATGAACTCATGCGAGCATGTTGGCAGTGGAATCCCTCTGACCGGCCCTCCTTTGCTGAAATCCACCAAAAGTTTGAAACAATGTTCCAGGAATCCAGTATCTCAGACGAAGTGGAAA","84G0C0C46",3,131,"GCC/AAG","mnv"
1408,"GCC","AAG",8154,492,492,"A/K","missense_variant","133M","GAACTCATGCGAGCATGTTGGCAGTGGAATCCCTCTGACCGGCCCTCCTTTGCTGAAATCCACCAAAAGTTTGAAACAATGTTCCAGGAATCCAGTATCTCAGACGAAGTGGAAAAGGAGCTGGGGAAACAAG","66G0C0C64",3,131,"GCC/AAG","mnv"
1411,"GCC","AAG",8117,492,492,"A/K","missense_variant","133M","CTCATGCGAGCATGTTGGCAGTGGAATCCCTCTGACCGGCCCTCCTTTGCTGAAATCCACCAAAAGTTTGAAACAATGTTCCAGGAATCCAGTATCTCAGACGAAGTGGAAAAGGAGCTGGGGAAACAAGGCG","63G0C0C67",3,131,"GCC/AAG","mnv"
1411,"GCC","AAG",8117,492,492,"A/K","missense_variant","133M","CTCATGCGAGCATGTTGGCAGTGGAATCCCTCTGACCGGCCCTCCTTTGCTGAAATCCACCAAAAGTTTGAAACAATGTTCCAGGAATCCAGTATCTCAGACGAAGTGGAAAAGGAGCTGGGGAAACAAGGCG","63G0C0C67",3,131,"GCC/AAG","mnv"
1418,"GCC","AAG",8164,492,492,"A/K","missense_variant","133M","GAGCATGTTGGCAGTGGAATCCCTCTGACCGGCCCTCCTTTGCTGAAATCCACCAAAAGTTTGAAACAATGTTCCAGGAATCCAGTATCTCAGACGAAGTGGAAAAGGAGCTGGGGAAACAAGGCGTCCGTGG","56G0C0C74",3,131,"GCC/AAG","mnv"
1430,"GCC","AAG",7926,492,492,"A/K","missense_variant","133M","AGTGGAATCCCTCTGACCGGCCCTCCTTTGCTGAAATCCACCAAAAGTTTGAAACAATGTTCCAGGAATCCAGTATCTCAGACGAAGTGGAAAAGGAGCTGGGGAAACAAGGCGTCCGTGGGGCTGTGAGTAC","44G0C0C86",3,131,"GCC/AAG","mnv"
1420,"GCC","AAG",8116,492,492,"A/K","missense_variant","133M","GCATGTTGGCAGTGGAATCCCTCTGACCGGCCCTCCTTTGCTGAAATCCACCAAAAGTTTGAAACAATGTTCCAGGAATCCAGTATCTCAGACGAAGTGGAAAAGGAGCTGGGGAAACAAGGCGTCCGTGGGG","54G0C0C76",3,131,"GCC/AAG","mnv"
1412,"GCC","AAG",8037,492,492,"A/K","missense_variant","133M","TCATGCGAGCATGTTGGCAGTGGAATCCCTCTGACCGGCCCTCCTTTGCTGAAATCCACCAAAAGTTTGAAACAATGTTCCAGGAATCCAGTATCTCAGACGAAGTGGAAAAGGAGCTGGGGAAACAAGGCGT","62G0C0C68",3,131,"GCC/AAG","mnv"
1391,"GCC","AAG",8017,492,492,"A/K","missense_variant","133M","GCCCAGAGAAGGTCTATGAACTCATGCGAGCATGTTGGCAGTGGAATCCCTCTGACCGGCCCTCCTTTGCTGAAATCCACCAAAAGTTTGAAACAATGTTCCAGGAATCCAGTATCTCAGACGAAGTGGAAAA","83G0C0C47",3,131,"GCC/AAG","mnv"
1404,"GCC","AAG",8108,492,492,"A/K","missense_variant","133M","CTATGAACTCATGCGAGCATGTTGGCAGTGGAATCCCTCTGACCGGCCCTCCTTTGCTGAAATCCACCAAAAGTTTGAAACAATGTTCCAGGAATCCAGTATCTCAGACGAAGTGGAAAAGGAGCTGGGGAAA","70G0C0C60",3,131,"GCC/AAG","mnv"
1398,"GCC","AAG",8028,492,492,"A/K","missense_variant","133M","GAAGGTCTATGAACTCATGCGAGCATGTTGGCAGTGGAATCCCTCTGACCGGCCCTCCTTTGCTGAAATCCACCAAAAGTTTGAAACAATGTTCCAGGAATCCAGTATCTCAGACGAAGTGGAAAAGGAGCTG","76G0C0C54",3,131,"GCC/AAG","mnv"
1402,"GCC","AAG",8157,492,492,"A/K","missense_variant","133M","GTCTATGAACTCATGCGAGCATGTTGGCAGTGGAATCCCTCTGACCGGCCCTCCTTTGCTGAAATCCACCAAAAGTTTGAAACAATGTTCCAGGAATCCAGTATCTCAGACGAAGTGGAAAAGGAGCTGGGGA","72G0C0C58",3,131,"GCC/AAG","mnv"
1429,"GCC","AAG",7920,492,492,"A/K","missense_variant","133M","CAGTGGAATCCCTCTGACCGGCCCTCCTTTGCTGAAATCCACCAAAAGTTTGAAACAATGTTCCAGGAATCCAGTATCTCAGACGAAGTGGAAAAGGAGCTGGGGAAACAAGGCGTCCGTGGGGCTGTGAGTA","45G0C0C85",3,131,"GCC/AAG","mnv"
1379,"GCC","AAG",7967,492,492,"A/K","missense_variant","133M","GCCCAGAAGGCTGCCCAGAGAAGGTCTATGAACTCATGCGAGCATGTTGGCAGTGGAATCCCTCTGACCGGCCCTCCTTTGCTGAAATCCACCAAAAGTTTGAAACAATGTTCCAGGAATCCAGTATCTCAGA","95G0C0C35",3,131,"GCC/AAG","mnv"
1434,"GCC","AAG",7912,492,492,"A/K","missense_variant","133M","GAATCCCTCTGACCGGCCCTCCTTTGCTGAAATCCACCAAAAGTTTGAAACAATGTTCCAGGAATCCAGTATCTCAGACGAAGTGGAAAAGGAGCTGGGGAAACAAGGCGTCCGTGGGGCTGTGAGTACCTTG","40G0C0C90",3,131,"GCC/AAG","mnv"
1434,"GCC","AAG",7912,492,492,"A/K","missense_variant","133M","GAATCCCTCTGACCGGCCCTCCTTTGCTGAAATCCACCAAAAGTTTGAAACAATGTTCCAGGAATCCAGTATCTCAGACGAAGTGGAAAAGGAGCTGGGGAAACAAGGCGTCCGTGGGGCTGTGAGTACCTTG","40G0C0C90",3,131,"GCC/AAG","mnv"
1433,"GCC","AAG",7933,492,492,"A/K","missense_variant","133M","GGAATCCCTCTGACCGGCCCTCCTTTGCTGAAATCCACCAAAAGTTTGAAACAATGTTCCAGGAATCCAGTATCTCAGACGAAGTGGAAAAGGAGCTGGGGAAACAAGGCGTCCGTGGGGCTGTGAGTACCTT","41G0C0C89",3,131,"GCC/AAG","mnv"
1407,"GCC","AAG",8129,492,492,"A/K","missense_variant","133M","TGAACTCATGCGAGCATGTTGGCAGTGGAATCCCTCTGACCGGCCCTCCTTTGCTGAAATCCACCAAAAGTTTGAAACAATGTTCCAGGAATCCAGTATCTCAGACGAAGTGGAAAAGGAGCTGGGGAAACAA","67G0C0C63",3,131,"GCC/AAG","mnv"
1436,"GCC","AAG",7808,492,492,"A/K","missense_variant","133M","ATCCCTCTGACCGGCCCTCCTTTGCTGAAATCCACCAAAAGTTTGAAACAATGTTCCAGGAATCCAGTATCTCAGACGAAGTGGAAAAGGAGCTGGGGAAACAAGGCGTCCGTGGGGCTGTGAGTACCTTGCT","38G0C0C92",3,131,"GCC/AAG","mnv"
1397,"GCC","AAG",7941,492,492,"A/K","missense_variant","133M","AGAAGGTCTATGAACTCATGCGAGCATGTTGGCAGTGGAATCCCTCTGACCGGCCCTCCTTTGCTGAAATCCACCAAAAGTTTGAAACAATGTTCCAGGAATCCAGTATCTCAGACGAAGTGGAAAAGGAGCT","77G0C0C53",3,131,"GCC/AAG","mnv"
1414,"GCC","AAG",8027,492,492,"A/K","missense_variant","133M","ATGCGAGCATGTTGGCAGTGGAATCCCTCTGACCGGCCCTCCTTTGCTGAAATCCACCAAAAGTTTGAAACAATGTTCCAGGAATCCAGTATCTCAGACGAAGTGGAAAAGGAGCTGGGGAAACAAGGCGTCC","60G0C0C70",3,131,"GCC/AAG","mnv"
1380,"GCC","AAG",7917,492,492,"A/K","missense_variant","133M","CCCAGAAGGCTGCCCAGAGAAGGTCTATGAACTCATGCGAGCATGTTGGCAGTGGAATCCCTCTGACCGGCCCTCCTTTGCTGAAATCCACCAAAAGTTTGAAACAATGTTCCAGGAATCCAGTATCTCAGAC","94G0C0C36",3,131,"GCC/AAG","mnv"
1415,"GCC","AAG",8075,492,492,"A/K","missense_variant","133M","TGCGAGCATGTTGGCAGTGGAATCCCTCTGACCGGCCCTCCTTTGCTGAAATCCACCAAAAGTTTGAAACAATGTTCCAGGAATCCAGTATCTCAGACGAAGTGGAAAAGGAGCTGGGGAAACAAGGCGTCCG","59G0C0C71",3,131,"GCC/AAG","mnv"
1466,"GCC","AAG",7061,492,492,"A/K","missense_variant","133M","TCCACCAAAAGTTTGAAACAATGTTCCAGGAATCCAGTATCTCAGACGAAGTGGAAAAGGAGCTGGGGAAACAAGGCGTCCGTGGGGCTGTGAGTACCTTGCTGCAGGCCCCAGAGCTGCCCACCAAGACGAG","8G0C0C122",3,131,"GCC/AAG","mnv"
1408,"GCC","AAG",8154,492,492,"A/K","missense_variant","133M","GAACTCATGCGAGCATGTTGGCAGTGGAATCCCTCTGACCGGCCCTCCTTTGCTGAAATCCACCAAAAGTTTGAAACAATGTTCCAGGAATCCAGTATCTCAGACGAAGTGGAAAAGGAGCTGGGGAAACAAG","66G0C0C64",3,131,"GCC/AAG","mnv"
1443,"GCC","AAG",7746,492,492,"A/K","missense_variant","133M","TGACCGGCCCTCCTTTGCTGAAATCCACCAAAAGTTTGAAACAATGTTCCAGGAATCCAGTATCTCAGACGAAGTGGAAAAGGAGCTGGGGAAACAAGGCGTCCGTGGGGCTGTGAGTACCTTGCTGCAGGCC","31G0C0C99",3,131,"GCC/AAG","mnv"
1403,"GCC","AAG",8147,492,492,"A/K","missense_variant","133M","TCTATGAACTCATGCGAGCATGTTGGCAGTGGAATCCCTCTGACCGGCCCTCCTTTGCTGAAATCCACCAAAAGTTTGAAACAATGTTCCAGGAATCCAGTATCTCAGACGAAGTGGAAAAGGAGCTGGGGAA","71G0C0C59",3,131,"GCC/AAG","mnv"
1411,"GCC","AAG",8117,492,492,"A/K","missense_variant","133M","CTCATGCGAGCATGTTGGCAGTGGAATCCCTCTGACCGGCCCTCCTTTGCTGAAATCCACCAAAAGTTTGAAACAATGTTCCAGGAATCCAGTATCTCAGACGAAGTGGAAAAGGAGCTGGGGAAACAAGGCG","63G0C0C67",3,131,"GCC/AAG","mnv"
1413,"GCC","AAG",7977,492,492,"A/K","missense_variant","133M","CATGCGAGCATGTTGGCAGTGGAATCCCTCTGACCGGCCCTCCTTTGCTGAAATCCACCAAAAGTTTGAAACAATGTTCCAGGAATCCAGTATCTCAGACGAAGTGGAAAAGGAGCTGGGGAAACAAGGCGTC","61G0C0C69",3,131,"GCC/AAG","mnv"
1416,"GCC","AAG",8138,492,492,"A/K","missense_variant","133M","GCGAGCATGTTGGCAGTGGAATCCCTCTGACCGGCCCTCCTTTGCTGAAATCCACCAAAAGTTTGAAACAATGTTCCAGGAATCCAGTATCTCAGACGAAGTGGAAAAGGAGCTGGGGAAACAAGGCGTCCGT","58G0C0C72",3,131,"GCC/AAG","mnv"
1398,"GCC","AAG",8028,492,492,"A/K","missense_variant","133M","GAAGGTCTATGAACTCATGCGAGCATGTTGGCAGTGGAATCCCTCTGACCGGCCCTCCTTTGCTGAAATCCACCAAAAGTTTGAAACAATGTTCCAGGAATCCAGTATCTCAGACGAAGTGGAAAAGGAGCTG","76G0C0C54",3,131,"GCC/AAG","mnv"
1419,"GCC","AAG",8116,492,492,"A/K","missense_variant","133M","AGCATGTTGGCAGTGGAATCCCTCTGACCGGCCCTCCTTTGCTGAAATCCACCAAAAGTTTGAAACAATGTTCCAGGAATCCAGTATCTCAGACGAAGTGGAAAAGGAGCTGGGGAAACAAGGCGTCCGTGGG","55G0C0C75",3,131,"GCC/AAG","mnv"
1434,"GCC","AGA",7912,492,492,"A/R","missense_variant","133M","GAATCCCTCTGACCGGCCCTCCTTTGCTGAAATCCACCAAAGATTTGAAACAATGTTCCAGGAATCCAGTATCTCAGACGAAGTGGAAAAGGAGCTGGGGAAACAAGGCGTCCGTGGGGCTGTGAGTACCTTG","40G0C0C90",3,19,"GCC/AGA","mnv"
1439,"GCC","AGA",7835,492,492,"A/R","missense_variant","133M","CCTCTGACCGGCCCTCCTTTGCTGAAATCCACCAAAGATTTGAAACAATGTTCCAGGAATCCAGTATCTCAGACGAAGTGGAAAAGGAGCTGGGGAAACAAGGCGTCCGTGGGGCTGTGAGTACCTTGCTGCA","35G0C0C95",3,19,"GCC/AGA","mnv"
1406,"GCC","AGA",8101,492,492,"A/R","missense_variant","133M","ATGAACTCATGCGAGCATGTTGGCAGTGGAATCCCTCTGACCGGCCCTCCTTTGCTGAAATCCACCAAAGATTTGAAACAATGTTCCAGGAATCCAGTATCTCAGACGAAGTGGAAAAGGAGCTGGGGAAACA","68G0C0C62",3,19,"GCC/AGA","mnv"
1411,"GCC","AGA",8117,492,492,"A/R","missense_variant","133M","CTCATGCGAGCATGTTGGCAGTGGAATCCCTCTGACCGGCCCTCCTTTGCTGAAATCCACCAAAGATTTGAAACAATGTTCCAGGAATCCAGTATCTCAGACGAAGTGGAAAAGGAGCTGGGGAAACAAGGCG","63G0C0C67",3,19,"GCC/AGA","mnv"
1379,"GCC","AGA",7967,492,492,"A/R","missense_variant","133M","GCCCAGAAGGCTGCCCAGAGAAGGTCTATGAACTCATGCGAGCATGTTGGCAGTGGAATCCCTCTGACCGGCCCTCCTTTGCTGAAATCCACCAAAGATTTGAAACAATGTTCCAGGAATCCAGTATCTCAGA","95G0C0C35",3,19,"GCC/AGA","mnv"
1389,"GCC","AGA",7859,492,492,"A/R","missense_variant","133M","CTGCCCAGAGAAGGTCTATGAACTCATGCGAGCATGTTGGCAGTGGAATCCCTCTGACCGGCCCTCCTTTGCTGAAATCCACCAAAGATTTGAAACAATGTTCCAGGAATCCAGTATCTCAGACGAAGTGGAA","85G0C0C45",3,19,"GCC/AGA","mnv"
1385,"GCC","AGA",7824,492,492,"A/R","missense_variant","133M","AAGGCTGCCCAGAGAAGGTCTATGAACTCATGCGAGCATGTTGGCAGTGGAATCCCTCTGACCGGCCCTCCTTTGCTGAAATCCACCAAAGATTTGAAACAATGTTCCAGGAATCCAGTATCTCAGACGAAGT","89G0C0C41",3,19,"GCC/AGA","mnv"
1385,"GCC","AGA",7824,492,492,"A/R","missense_variant","133M","AAGGCTGCCCAGAGAAGGTCTATGAACTCATGCGAGCATGTTGGCAGTGGAATCCCTCTGACCGGCCCTCCTTTGCTGAAATCCACCAAAGATTTGAAACAATGTTCCAGGAATCCAGTATCTCAGACGAAGT","89G0C0C41",3,19,"GCC/AGA","mnv"
1386,"GCC","AGA",7820,492,492,"A/R","missense_variant","133M","AGGCTGCCCAGAGAAGGTCTATGAACTCATGCGAGCATGTTGGCAGTGGAATCCCTCTGACCGGCCCTCCTTTGCTGAAATCCACCAAAGATTTGAAACAATGTTCCAGGAATCCAGTATCTCAGACGAAGTG","88G0C0C42",3,19,"GCC/AGA","mnv"
1399,"GCC","AGA",8099,492,492,"A/R","missense_variant","133M","AAGGTCTATGAACTCATGCGAGCATGTTGGCAGTGGAATCCCTCTGACCGGCCCTCCTTTGCTGAAATCCACCAAAGATTTGAAACAATGTTCCAGGAATCCAGTATCTCAGACGAAGTGGAAAAGGAGCTGG","75G0C0C55",3,19,"GCC/AGA","mnv"
1410,"GCC","AGA",8135,492,492,"A/R","missense_variant","133M","ACTCATGCGAGCATGTTGGCAGTGGAATCCCTCTGACCGGCCCTCCTTTGCTGAAATCCACCAAAGATTTGAAACAATGTTCCAGGAATCCAGTATCTCAGACGAAGTGGAAAAGGAGCTGGGGAAACAAGGC","64G0C0C66",3,19,"GCC/AGA","mnv"
1428,"GCC","AGA",7951,492,492,"A/R","missense_variant","133M","GCAGTGGAATCCCTCTGACCGGCCCTCCTTTGCTGAAATCCACCAAAGATTTGAAACAATGTTCCAGGAATCCAGTATCTCAGACGAAGTGGAAAAGGAGCTGGGGAAACAAGGCGTCCGTGGGGCTGTGAGT","46G0C0C84",3,19,"GCC/AGA","mnv"
1414,"GCC","AGA",8027,492,492,"A/R","missense_variant","133M","ATGCGAGCATGTTGGCAGTGGAATCCCTCTGACCGGCCCTCCTTTGCTGAAATCCACCAAAGATTTGAAACAATGTTCCAGGAATCCAGTATCTCAGACGAAGTGGAAAAGGAGCTGGGGAAACAAGGCGTCC","60G0C0C70",3,19,"GCC/AGA","mnv"
1400,"GCC","AGA",8122,492,492,"A/R","missense_variant","133M","AGGTCTATGAACTCATGCGAGCATGTTGGCAGTGGAATCCCTCTGACCGGCCCTCCTTTGCTGAAATCCACCAAAGATTTGAAACAATGTTCCAGGAATCCAGTATCTCAGACGAAGTGGAAAAGGAGCTGGG","74G0C0C56",3,19,"GCC/AGA","mnv"
1401,"GCC","AGA",8146,492,492,"A/R","missense_variant","133M","GGTCTATGAACTCATGCGAGCATGTTGGCAGTGGAATCCCTCTGACCGGCCCTCCTTTGCTGAAATCCACCAAAGATTTGAAACAATGTTCCAGGAATCCAGTATCTCAGACGAAGTGGAAAAGGAGCTGGGG","73G0C0C57",3,19,"GCC/AGA","mnv"
1438,"GCC","AGA",7808,492,492,"A/R","missense_variant","133M","CCCTCTGACCGGCCCTCCTTTGCTGAAATCCACCAAAGATTTGAAACAATGTTCCAGGAATCCAGTATCTCAGACGAAGTGGAAAAGGAGCTGGGGAAACAAGGCGTCCGTGGGGCTGTGAGTACCTTGCTGC","36G0C0C94",3,19,"GCC/AGA","mnv"
1416,"GCC","AGA",8138,492,492,"A/R","missense_variant","133M","GCGAGCATGTTGGCAGTGGAATCCCTCTGACCGGCCCTCCTTTGCTGAAATCCACCAAAGATTTGAAACAATGTTCCAGGAATCCAGTATCTCAGACGAAGTGGAAAAGGAGCTGGGGAAACAAGGCGTCCGT","58G0C0C72",3,19,"GCC/AGA","mnv"
1407,"GCC","AGA",8129,492,492,"A/R","missense_variant","133M","TGAACTCATGCGAGCATGTTGGCAGTGGAATCCCTCTGACCGGCCCTCCTTTGCTGAAATCCACCAAAGATTTGAAACAATGTTCCAGGAATCCAGTATCTCAGACGAAGTGGAAAAGGAGCTGGGGAAACAA","67G0C0C63",3,19,"GCC/AGA","mnv"
1391,"GCC","AGA",8017,492,492,"A/R","missense_variant","133M","GCCCAGAGAAGGTCTATGAACTCATGCGAGCATGTTGGCAGTGGAATCCCTCTGACCGGCCCTCCTTTGCTGAAATCCACCAAAGATTTGAAACAATGTTCCAGGAATCCAGTATCTCAGACGAAGTGGAAAA","83G0C0C47",3,19,"GCC/AGA","mnv"
1406,"TTT","AAC",8101,493,493,"F/N","missense_variant","133M","ATGAACTCATGCGAGCATGTTGGCAGTGGAATCCCTCTGACCGGCCCTCCTTTGCTGAAATCCACCAAGCCAACGAAACAATGTTCCAGGAATCCAGTATCTCAGACGAAGTGGAAAAGGAGCTGGGGAAACA","71T0T0T59",3,2,"TTT/AAC","mnv"
1390,"TTT","AAC",7942,493,493,"F/N","missense_variant","133M","TGCCCAGAGAAGGTCTATGAACTCATGCGAGCATGTTGGCAGTGGAATCCCTCTGACCGGCCCTCCTTTGCTGAAATCCACCAAGCCAACGAAACAATGTTCCAGGAATCCAGTATCTCAGACGAAGTGGAAA","87T0T0T43",3,2,"TTT/AAC","mnv"
1432,"TTT","AAG",7971,493,493,"F/K","missense_variant","133M","TGGAATCCCTCTGACCGGCCCTCCTTTGCTGAAATCCACCAAGCCAAGGAAACAATGTTCCAGGAATCCAGTATCTCAGACGAAGTGGAAAAGGAGCTGGGGAAACAAGGCGTCCGTGGGGCTGTGAGTACCT","45T0T0T85",3,9,"TTT/AAG","mnv"
1431,"TTT","AAG",7948,493,493,"F/K","missense_variant","133M","GTGGAATCCCTCTGACCGGCCCTCCTTTGCTGAAATCCACCAAGCCAAGGAAACAATGTTCCAGGAATCCAGTATCTCAGACGAAGTGGAAAAGGAGCTGGGGAAACAAGGCGTCCGTGGGGCTGTGAGTACC","46T0T0T84",3,9,"TTT/AAG","mnv"
1424,"TTT","AAG",8003,493,493,"F/K","missense_variant","133M","GTTGGCAGTGGAATCCCTCTGACCGGCCCTCCTTTGCTGAAATCCACCAAGCCAAGGAAACAATGTTCCAGGAATCCAGTATCTCAGACGAAGTGGAAAAGGAGCTGGGGAAACAAGGCGTCCGTGGGGCTGT","53T0T0T77",3,9,"TTT/AAG","mnv"
1408,"TTT","AAG",8154,493,493,"F/K","missense_variant","133M","GAACTCATGCGAGCATGTTGGCAGTGGAATCCCTCTGACCGGCCCTCCTTTGCTGAAATCCACCAAGCCAAGGAAACAATGTTCCAGGAATCCAGTATCTCAGACGAAGTGGAAAAGGAGCTGGGGAAACAAG","69T0T0T61",3,9,"TTT/AAG","mnv"
1421,"TTT","AAG",8102,493,493,"F/K","missense_variant","133M","CATGTTGGCAGTGGAATCCCTCTGACCGGCCCTCCTTTGCTGAAATCCACCAAGCCAAGGAAACAATGTTCCAGGAATCCAGTATCTCAGACGAAGTGGAAAAGGAGCTGGGGAAACAAGGCGTCCGTGGGGC","56T0T0T74",3,9,"TTT/AAG","mnv"
1420,"TTT","AAG",8116,493,493,"F/K","missense_variant","133M","GCATGTTGGCAGTGGAATCCCTCTGACCGGCCCTCCTTTGCTGAAATCCACCAAGCCAAGGAAACAATGTTCCAGGAATCCAGTATCTCAGACGAAGTGGAAAAGGAGCTGGGGAAACAAGGCGTCCGTGGGG","57T0T0T73",3,9,"TTT/AAG","mnv"
1356,"TTT","AAG",7998,493,493,"F/K","missense_variant","133M","AGAGAAGGACTACCGCATGGAGCGCCCAGAAGGCTGCCCAGAGAAGGTCTATGAACTCATGCGAGCATGTTGGCAGTGGAATCCCTCTGACCGGCCCTCCTTTGCTGAAATCCACCAAGCCAAGGAAACAATG","121T0T0T9",3,9,"TTT/AAG","mnv"
1439,"TTT","AAG",7835,493,493,"F/K","missense_variant","133M","CCTCTGACCGGCCCTCCTTTGCTGAAATCCACCAAGCCAAGGAAACAATGTTCCAGGAATCCAGTATCTCAGACGAAGTGGAAAAGGAGCTGGGGAAACAAGGCGTCCGTGGGGCTGTGAGTACCTTGCTGCA","38T0T0T92",3,9,"TTT/AAG","mnv"
1428,"TTT","AAG",7951,493,493,"F/K","missense_variant","133M","GCAGTGGAATCCCTCTGACCGGCCCTCCTTTGCTGAAATCCACCAAGCCAAGGAAACAATGTTCCAGGAATCCAGTATCTCAGACGAAGTGGAAAAGGAGCTGGGGAAACAAGGCGTCCGTGGGGCTGTGAGT","49T0T0T81",3,9,"TTT/AAG","mnv"
1399,"TTT","ACC",8099,493,493,"F/T","missense_variant","133M","AAGGTCTATGAACTCATGCGAGCATGTTGGCAGTGGAATCCCTCTGACCGGCCCTCCTTTGCTGAAATCCACCAAGCCACCGAAACAATGTTCCAGGAATCCAGTATCTCAGACGAAGTGGAAAAGGAGCTGG","78T0T0T52",3,2,"TTT/ACC","mnv"
1397,"TTT","ACC",7941,493,493,"F/T","missense_variant","133M","AGAAGGTCTATGAACTCATGCGAGCATGTTGGCAGTGGAATCCCTCTGACCGGCCCTCCTTTGCTGAAATCCACCAAGCCACCGAAACAATGTTCCAGGAATCCAGTATCTCAGACGAAGTGGAAAAGGAGCT","80T0T0T50",3,2,"TTT/ACC","mnv"
1440,"TTT","ATC",7809,493,493,"F/I","missense_variant","133M","CTCTGACCGGCCCTCCTTTGCTGAAATCCACCAAGCCATCGAAACAATGTTCCAGGAATCCAGTATCTCAGACGAAGTGGAAAAGGAGCTGGGGAAACAAGGCGTCCGTGGGGCTGTGAGTACCTTGCTGCAG","37T1T93",2,1,"TTT/ATC","mnv"
1400,"TTT","GTG",8122,493,493,"F/V","missense_variant","133M","AGGTCTATGAACTCATGCGAGCATGTTGGCAGTGGAATCCCTCTGACCGGCCCTCCTTTGCTGAAATCCACCAAGCCGTGGAAACAATGTTCCAGGAATCCAGTATCTCAGACGAAGTGGAAAAGGAGCTGGG","77T1T53",2,20,"TTT/GTG","mnv"
1374,"TTT","GTG",8014,493,493,"F/V","missense_variant","133M","GGAGCGCCCAGAAGGCTGCCCAGAGAAGGTCTATGAACTCATGCGAGCATGTTGGCAGTGGAATCCCTCTGACCGGCCCTCCTTTGCTGAAATCCACCAAGCCGTGGAAACAATGTTCCAGGAATCCAGTATC","103T1T27",2,20,"TTT/GTG","mnv"
1401,"TTT","GTG",8146,493,493,"F/V","missense_variant","133M","GGTCTATGAACTCATGCGAGCATGTTGGCAGTGGAATCCCTCTGACCGGCCCTCCTTTGCTGAAATCCACCAAGCCGTGGAAACAATGTTCCAGGAATCCAGTATCTCAGACGAAGTGGAAAAGGAGCTGGGG","76T1T54",2,20,"TTT/GTG","mnv"
1377,"TTT","GTG",8036,493,493,"F/V","missense_variant","133M","GCGCCCAGAAGGCTGCCCAGAGAAGGTCTATGAACTCATGCGAGCATGTTGGCAGTGGAATCCCTCTGACCGGCCCTCCTTTGCTGAAATCCACCAAGCCGTGGAAACAATGTTCCAGGAATCCAGTATCTCA","100T1T30",2,20,"TTT/GTG","mnv"
1407,"TTT","GTG",8129,493,493,"F/V","missense_variant","133M","TGAACTCATGCGAGCATGTTGGCAGTGGAATCCCTCTGACCGGCCCTCCTTTGCTGAAATCCACCAAGCCGTGGAAACAATGTTCCAGGAATCCAGTATCTCAGACGAAGTGGAAAAGGAGCTGGGGAAACAA","70T1T60",2,20,"TTT/GTG","mnv"
1439,"TTT","GTG",7835,493,493,"F/V","missense_variant","133M","CCTCTGACCGGCCCTCCTTTGCTGAAATCCACCAAGCCGTGGAAACAATGTTCCAGGAATCCAGTATCTCAGACGAAGTGGAAAAGGAGCTGGGGAAACAAGGCGTCCGTGGGGCTGTGAGTACCTTGCTGCA","38T1T92",2,20,"TTT/GTG","mnv"
1389,"TTT","GTG",7859,493,493,"F/V","missense_variant","133M","CTGCCCAGAGAAGGTCTATGAACTCATGCGAGCATGTTGGCAGTGGAATCCCTCTGACCGGCCCTCCTTTGCTGAAATCCACCAAGCCGTGGAAACAATGTTCCAGGAATCCAGTATCTCAGACGAAGTGGAA","88T1T42",2,20,"TTT/GTG","mnv"
1430,"TTT","GTG",7926,493,493,"F/V","missense_variant","133M","AGTGGAATCCCTCTGACCGGCCCTCCTTTGCTGAAATCCACCAAGCCGTGGAAACAATGTTCCAGGAATCCAGTATCTCAGACGAAGTGGAAAAGGAGCTGGGGAAACAAGGCGTCCGTGGGGCTGTGAGTAC","47T1T83",2,20,"TTT/GTG","mnv"
1399,"TTT","GTG",8099,493,493,"F/V","missense_variant","133M","AAGGTCTATGAACTCATGCGAGCATGTTGGCAGTGGAATCCCTCTGACCGGCCCTCCTTTGCTGAAATCCACCAAGCCGTGGAAACAATGTTCCAGGAATCCAGTATCTCAGACGAAGTGGAAAAGGAGCTGG","78T1T52",2,20,"TTT/GTG","mnv"
1404,"TTT","GTG",8108,493,493,"F/V","missense_variant","133M","CTATGAACTCATGCGAGCATGTTGGCAGTGGAATCCCTCTGACCGGCCCTCCTTTGCTGAAATCCACCAAGCCGTGGAAACAATGTTCCAGGAATCCAGTATCTCAGACGAAGTGGAAAAGGAGCTGGGGAAA","73T1T57",2,20,"TTT/GTG","mnv"
1368,"TTT","GTG",8004,493,493,"F/V","missense_variant","133M","CCGCATGGAGCGCCCAGAAGGCTGCCCAGAGAAGGTCTATGAACTCATGCGAGCATGTTGGCAGTGGAATCCCTCTGACCGGCCCTCCTTTGCTGAAATCCACCAAGCCGTGGAAACAATGTTCCAGGAATCC","109T1T21",2,20,"TTT/GTG","mnv"
1385,"TTT","GTG",7824,493,493,"F/V","missense_variant","133M","AAGGCTGCCCAGAGAAGGTCTATGAACTCATGCGAGCATGTTGGCAGTGGAATCCCTCTGACCGGCCCTCCTTTGCTGAAATCCACCAAGCCGTGGAAACAATGTTCCAGGAATCCAGTATCTCAGACGAAGT","92T1T38",2,20,"TTT/GTG","mnv"
1397,"TTT","GTG",7941,493,493,"F/V","missense_variant","133M","AGAAGGTCTATGAACTCATGCGAGCATGTTGGCAGTGGAATCCCTCTGACCGGCCCTCCTTTGCTGAAATCCACCAAGCCGTGGAAACAATGTTCCAGGAATCCAGTATCTCAGACGAAGTGGAAAAGGAGCT","80T1T50",2,20,"TTT/GTG","mnv"
1462,"TTT","GTG",7159,493,493,"F/V","missense_variant","133M","GAAATCCACCAAGCCGTGGAAACAATGTTCCAGGAATCCAGTATCTCAGACGAAGTGGAAAAGGAGCTGGGGAAACAAGGCGTCCGTGGGGCTGTGAGTACCTTGCTGCAGGCCCCAGAGCTGCCCACCAAGA","15T1T115",2,20,"TTT/GTG","mnv"
1388,"TTT","GTG",7843,493,493,"F/V","missense_variant","133M","GCTGCCCAGAGAAGGTCTATGAACTCATGCGAGCATGTTGGCAGTGGAATCCCTCTGACCGGCCCTCCTTTGCTGAAATCCACCAAGCCGTGGAAACAATGTTCCAGGAATCCAGTATCTCAGACGAAGTGGA","89T1T41",2,20,"TTT/GTG","mnv"
1415,"TTT","GTG",8075,493,493,"F/V","missense_variant","133M","TGCGAGCATGTTGGCAGTGGAATCCCTCTGACCGGCCCTCCTTTGCTGAAATCCACCAAGCCGTGGAAACAATGTTCCAGGAATCCAGTATCTCAGACGAAGTGGAAAAGGAGCTGGGGAAACAAGGCGTCCG","62T1T68",2,20,"TTT/GTG","mnv"
1426,"TTT","GTG",7931,493,493,"F/V","missense_variant","133M","TGGCAGTGGAATCCCTCTGACCGGCCCTCCTTTGCTGAAATCCACCAAGCCGTGGAAACAATGTTCCAGGAATCCAGTATCTCAGACGAAGTGGAAAAGGAGCTGGGGAAACAAGGCGTCCGTGGGGCTGTGA","51T1T79",2,20,"TTT/GTG","mnv"
1464,"TTT","GTG",7137,493,493,"F/V","missense_variant","133M","AATCCACCAAGCCGTGGAAACAATGTTCCAGGAATCCAGTATCTCAGACGAAGTGGAAAAGGAGCTGGGGAAACAAGGCGTCCGTGGGGCTGTGAGTACCTTGCTGCAGGCCCCAGAGCTGCCCACCAAGACG","13T1T117",2,20,"TTT/GTG","mnv"
1457,"TTT","GTG",7432,493,493,"F/V","missense_variant","133M","TTGCTGAAATCCACCAAGCCGTGGAAACAATGTTCCAGGAATCCAGTATCTCAGACGAAGTGGAAAAGGAGCTGGGGAAACAAGGCGTCCGTGGGGCTGTGAGTACCTTGCTGCAGGCCCCAGAGCTGCCCAC","20T1T110",2,20,"TTT/GTG","mnv"
1420,"TTT","GTG",8116,493,493,"F/V","missense_variant","133M","GCATGTTGGCAGTGGAATCCCTCTGACCGGCCCTCCTTTGCTGAAATCCACCAAGCCGTGGAAACAATGTTCCAGGAATCCAGTATCTCAGACGAAGTGGAAAAGGAGCTGGGGAAACAAGGCGTCCGTGGGG","57T1T73",2,20,"TTT/GTG","mnv"
680,"ATC","CTG",2259,242,242,"I/L","missense_variant","133M","GTGTGTCCCCCAACTACGACAAGTGGGAGATGGAACGCACGGACCTGACCATGAAGCACAAGCTGGGCGGGGGCCAGTACGGGGAGGTGTACGAGGGCGTGTGGAAGAAATACAGCCTGACGGTGGCCGTGAA","44A1C86",2,1,"ATC/CTG","mnv"
642,"ATG","TGC",1974,244,244,"M/C","missense_variant","133M","TTATCCAGCCCCAAAGCGCAACAAGCCCACTGTCTATGGTGTGTCCCCCAACTACGACAAGTGGGAGATGGAACGCACGGACATCACCTGCAAGCACAAGCTGGGCGGGGGCCAGTACGGGGAGGTGTACGAG","88A0T0G42",3,3,"ATG/TGC","mnv"
673,"ATG","TGC",2207,244,244,"M/C","missense_variant","133M","GTCTATGGTGTGTCCCCCAACTACGACAAGTGGGAGATGGAACGCACGGACATCACCTGCAAGCACAAGCTGGGCGGGGGCCAGTACGGGGAGGTGTACGAGGGCGTGTGGAAGAAATACAGCCTGACGGTGG","57A0T0G73",3,3,"ATG/TGC","mnv"
639,"ATG","TGC",1941,244,244,"M/C","missense_variant","133M","CCATTATCCAGCCCCAAAGCGCAACAAGCCCACTGTCTATGGTGTGTCCCCCAACTACGACAAGTGGGAGATGGAACGCACGGACATCACCTGCAAGCACAAGCTGGGCGGGGGCCAGTACGGGGAGGTGTAC","91A0T0G39",3,3,"ATG/TGC","mnv"
619,"CA","TT",1636,246,246,"H/F","missense_variant","133M","GACGGGCTCATCACCACGCTCCATTATCCAGCCCCAAAGCGCAACAAGCCCACTGTCTATGGTGTGTCCCCCAACTACGACAAGTGGGAGATGGAACGCACGGACATCACCATGAAGTTCAAGCTGGGCGGGG","117C0A14",2,4,"CAc/TTc","mnv"
695,"CA","TT",2295,246,246,"H/F","missense_variant","133M","ACGACAAGTGGGAGATGGAACGCACGGACATCACCATGAAGTTCAAGCTGGGCGGGGGCCAGTACGGGGAGGTGTACGAGGGCGTGTGGAAGAAATACAGCCTGACGGTGGCCGTGAAGACCTTGAAGGAGGA","41C0A90",2,4,"CAc/TTc","mnv"
638,"CA","TT",1933,246,246,"H/F","missense_variant","133M","TCCATTATCCAGCCCCAAAGCGCAACAAGCCCACTGTCTATGGTGTGTCCCCCAACTACGACAAGTGGGAGATGGAACGCACGGACATCACCATGAAGTTCAAGCTGGGCGGGGGCCAGTACGGGGAGGTGTA","98C0A33",2,4,"CAc/TTc","mnv"
627,"CA","TT",1787,246,246,"H/F","missense_variant","133M","CATCACCACGCTCCATTATCCAGCCCCAAAGCGCAACAAGCCCACTGTCTATGGTGTGTCCCCCAACTACGACAAGTGGGAGATGGAACGCACGGACATCACCATGAAGTTCAAGCTGGGCGGGGGCCAGTAC","109C0A22",2,4,"CAc/TTc","mnv"
682,"CAC","AGA",2264,246,246,"H/R","missense_variant","133M","GTGTCCCCCAACTACGACAAGTGGGAGATGGAACGCACGGACATCACCATGAAGAGAAAGCTGGGCGGGGGCCAGTACGGGGAGGTGTACGAGGGCGTGTGGAAGAAATACAGCCTGACGGTGGCCGTGAAGA","54C0A0C76",3,2,"CAC/AGA","mnv"
677,"CAC","AGA",2242,246,246,"H/R","missense_variant","133M","ATGGTGTGTCCCCCAACTACGACAAGTGGGAGATGGAACGCACGGACATCACCATGAAGAGAAAGCTGGGCGGGGGCCAGTACGGGGAGGTGTACGAGGGCGTGTGGAAGAAATACAGCCTGACGGTGGCCGT","59C0A0C71",3,2,"CAC/AGA","mnv"
656,"AA","GT",2060,247,247,"K/V","missense_variant","133M","AGCGCAACAAGCCCACTGTCTATGGTGTGTCCCCCAACTACGACAAGTGGGAGATGGAACGCACGGACATCACCATGAAGCACGTGCTGGGCGGGGGCCAGTACGGGGAGGTGTACGAGGGCGTGTGGAAGAA","83A0A48",2,2,"AAg/GTg","mnv"
714,"AA","GT",2365,247,247,"K/V","missense_variant","133M","ACGCACGGACATCACCATGAAGCACGTGCTGGGCGGGGGCCAGTACGGGGAGGTGTACGAGGGCGTGTGGAAGAAATACAGCCTGACGGTGGCCGTGAAGACCTTGAAGGAGGACACCATGGAGGTGGAAGAG","25A0A106",2,2,"AAg/GTg","mnv"
702,"CTG","TGC",2369,248,248,"L/C","missense_variant","133M","GTGGGAGATGGAACGCACGGACATCACCATGAAGCACAAGTGCGGCGGGGGCCAGTACGGGGAGGTGTACGAGGGCGTGTGGAAGAAATACAGCCTGACGGTGGCCGTGAAGACCTTGAAGGAGGACACCATG","40C0T0G90",3,1,"CTG/TGC","mnv"
656,"GG","AA",2060,249,249,"G/N","missense_variant","133M","AGCGCAACAAGCCCACTGTCTATGGTGTGTCCCCCAACTACGACAAGTGGGAGATGGAACGCACGGACATCACCATGAAGCACAAGCTGAACGGGGGCCAGTACGGGGAGGTGTACGAGGGCGTGTGGAAGAA","89G0G42",2,8,"GGc/AAc","mnv"
623,"GG","AA",1678,249,249,"G/N","missense_variant","133M","GGCTCATCACCACGCTCCATTATCCAGCCCCAAAGCGCAACAAGCCCACTGTCTATGGTGTGTCCCCCAACTACGACAAGTGGGAGATGGAACGCACGGACATCACCATGAAGCACAAGCTGAACGGGGGCCA","122G0G9",2,8,"GGc/AAc","mnv"
629,"GG","AA",1831,249,249,"G/N","missense_variant","133M","TCACCACGCTCCATTATCCAGCCCCAAAGCGCAACAAGCCCACTGTCTATGGTGTGTCCCCCAACTACGACAAGTGGGAGATGGAACGCACGGACATCACCATGAAGCACAAGCTGAACGGGGGCCAGTACGG","116G0G15",2,8,"GGc/AAc","mnv"
730,"GG","AA",2150,249,249,"G/N","missense_variant","133M","ATGAAGCACAAGCTGAACGGGGGCCAGTACGGGGAGGTGTACGAGGGCGTGTGGAAGAAATACAGCCTGACGGTGGCCGTGAAGACCTTGAAGGAGGACACCATGGAGGTGGAAGAGTTCTTGAAAGAAGCTG","15G0G116",2,8,"GGc/AAc","mnv"
721,"GG","AA",2248,249,249,"G/N","missense_variant","133M","GACATCACCATGAAGCACAAGCTGAACGGGGGCCAGTACGGGGAGGTGTACGAGGGCGTGTGGAAGAAATACAGCCTGACGGTGGCCGTGAAGACCTTGAAGGAGGACACCATGGAGGTGGAAGAGTTCTTGA","24G0G107",2,8,"GGc/AAc","mnv"
729,"GG","AA",2150,249,249,"G/N","missense_variant","133M","CATGAAGCACAAGCTGAACGGGGGCCAGTACGGGGAGGTGTACGAGGGCGTGTGGAAGAAATACAGCCTGACGGTGGCCGTGAAGACCTTGAAGGAGGACACCATGGAGGTGGAAGAGTTCTTGAAAGAAGCT","16G0G115",2,8,"GGc/AAc","mnv"
628,"GG","AA",1820,249,249,"G/N","missense_variant","133M","ATCACCACGCTCCATTATCCAGCCCCAAAGCGCAACAAGCCCACTGTCTATGGTGTGTCCCCCAACTACGACAAGTGGGAGATGGAACGCACGGACATCACCATGAAGCACAAGCTGAACGGGGGCCAGTACG","117G0G14",2,8,"GGc/AAc","mnv"
693,"GG","AA",2284,249,249,"G/N","missense_variant","133M","CTACGACAAGTGGGAGATGGAACGCACGGACATCACCATGAAGCACAAGCTGAACGGGGGCCAGTACGGGGAGGTGTACGAGGGCGTGTGGAAGAAATACAGCCTGACGGTGGCCGTGAAGACCTTGAAGGAG","52G0G79",2,8,"GGc/AAc","mnv"
649,"GG","CA",2030,250,250,"G/Q","missense_variant","133M","GCCCCAAAGCGCAACAAGCCCACTGTCTATGGTGTGTCCCCCAACTACGACAAGTGGGAGATGGAACGCACGGACATCACCATGAAGCACAAGCTGGGCCAGGGCCAGTACGGGGAGGTGTACGAGGGCGTGT","99G0G32",2,3,"GGg/CAg","mnv"
708,"GG","CA",2369,250,250,"G/Q","missense_variant","133M","GATGGAACGCACGGACATCACCATGAAGCACAAGCTGGGCCAGGGCCAGTACGGGGAGGTGTACGAGGGCGTGTGGAAGAAATACAGCCTGACGGTGGCCGTGAAGACCTTGAAGGAGGACACCATGGAGGTG","40G0G91",2,3,"GGg/CAg","mnv"
623,"GG","CA",1678,250,250,"G/Q","missense_variant","133M","GGCTCATCACCACGCTCCATTATCCAGCCCCAAAGCGCAACAAGCCCACTGTCTATGGTGTGTCCCCCAACTACGACAAGTGGGAGATGGAACGCACGGACATCACCATGAAGCACAAGCTGGGCCAGGGCCA","125G0G6",2,3,"GGg/CAg","mnv"
662,"GGG","AAC",2121,250,250,"G/N","missense_variant","133M","ACAAGCCCACTGTCTATGGTGTGTCCCCCAACTACGACAAGTGGGAGATGGAACGCACGGACATCACCATGAAGCACAAGCTGGGCAACGGCCAGTACGGGGAGGTGTACGAGGGCGTGTGGAAGAAATACAG","86G0G0G44",3,12,"GGG/AAC","mnv"
668,"GGG","AAC",2179,250,250,"G/N","missense_variant","133M","CCACTGTCTATGGTGTGTCCCCCAACTACGACAAGTGGGAGATGGAACGCACGGACATCACCATGAAGCACAAGCTGGGCAACGGCCAGTACGGGGAGGTGTACGAGGGCGTGTGGAAGAAATACAGCCTGAC","80G0G0G50",3,12,"GGG/AAC","mnv"
717,"GGG","AAC",2288,250,250,"G/N","missense_variant","133M","CACGGACATCACCATGAAGCACAAGCTGGGCAACGGCCAGTACGGGGAGGTGTACGAGGGCGTGTGGAAGAAATACAGCCTGACGGTGGCCGTGAAGACCTTGAAGGAGGACACCATGGAGGTGGAAGAGTTC","31G0G0G99",3,12,"GGG/AAC","mnv"
740,"GGG","AAC",2088,250,250,"G/N","missense_variant","133M","AGCTGGGCAACGGCCAGTACGGGGAGGTGTACGAGGGCGTGTGGAAGAAATACAGCCTGACGGTGGCCGTGAAGACCTTGAAGGAGGACACCATGGAGGTGGAAGAGTTCTTGAAAGAAGCTGCAGTCATGAA","8G0G0G122",3,12,"GGG/AAC","mnv"
626,"GGG","AAC",1767,250,250,"G/N","missense_variant","133M","TCATCACCACGCTCCATTATCCAGCCCCAAAGCGCAACAAGCCCACTGTCTATGGTGTGTCCCCCAACTACGACAAGTGGGAGATGGAACGCACGGACATCACCATGAAGCACAAGCTGGGCAACGGCCAGTA","122G0G0G8",3,12,"GGG/AAC","mnv"
712,"GGG","AAC",2394,250,250,"G/N","missense_variant","133M","GAACGCACGGACATCACCATGAAGCACAAGCTGGGCAACGGCCAGTACGGGGAGGTGTACGAGGGCGTGTGGAAGAAATACAGCCTGACGGTGGCCGTGAAGACCTTGAAGGAGGACACCATGGAGGTGGAAG","36G0G0G94",3,12,"GGG/AAC","mnv"
654,"GGG","AAC",2051,250,250,"G/N","missense_variant","133M","AAAGCGCAACAAGCCCACTGTCTATGGTGTGTCCCCCAACTACGACAAGTGGGAGATGGAACGCACGGACATCACCATGAAGCACAAGCTGGGCAACGGCCAGTACGGGGAGGTGTACGAGGGCGTGTGGAAG","94G0G0G36",3,12,"GGG/AAC","mnv"
739,"GGG","AAC",2090,250,250,"G/N","missense_variant","133M","AAGCTGGGCAACGGCCAGTACGGGGAGGTGTACGAGGGCGTGTGGAAGAAATACAGCCTGACGGTGGCCGTGAAGACCTTGAAGGAGGACACCATGGAGGTGGAAGAGTTCTTGAAAGAAGCTGCAGTCATGA","9G0G0G121",3,12,"GGG/AAC","mnv"
714,"GGG","AAC",2365,250,250,"G/N","missense_variant","133M","ACGCACGGACATCACCATGAAGCACAAGCTGGGCAACGGCCAGTACGGGGAGGTGTACGAGGGCGTGTGGAAGAAATACAGCCTGACGGTGGCCGTGAAGACCTTGAAGGAGGACACCATGGAGGTGGAAGAG","34G0G0G96",3,12,"GGG/AAC","mnv"
664,"GGG","AAC",2161,250,250,"G/N","missense_variant","133M","AAGCCCACTGTCTATGGTGTGTCCCCCAACTACGACAAGTGGGAGATGGAACGCACGGACATCACCATGAAGCACAAGCTGGGCAACGGCCAGTACGGGGAGGTGTACGAGGGCGTGTGGAAGAAATACAGCC","84G0G0G46",3,12,"GGG/AAC","mnv"
714,"GGG","AAC",2365,250,250,"G/N","missense_variant","133M","ACGCACGGACATCACCATGAAGCACAAGCTGGGCAACGGCCAGTACGGGGAGGTGTACGAGGGCGTGTGGAAGAAATACAGCCTGACGGTGGCCGTGAAGACCTTGAAGGAGGACACCATGGAGGTGGAAGAG","34G0G0G96",3,12,"GGG/AAC","mnv"
679,"GGG","AAC",2255,250,250,"G/N","missense_variant","133M","GGTGTGTCCCCCAACTACGACAAGTGGGAGATGGAACGCACGGACATCACCATGAAGCACAAGCTGGGCAACGGCCAGTACGGGGAGGTGTACGAGGGCGTGTGGAAGAAATACAGCCTGACGGTGGCCGTGA","69G0G0G61",3,12,"GGG/AAC","mnv"
666,"GGG","AGA",2174,250,250,"G/R","missense_variant","133M","GCCCACTGTCTATGGTGTGTCCCCCAACTACGACAAGTGGGAGATGGAACGCACGGACATCACCATGAAGCACAAGCTGGGCAGAGGCCAGTACGGGGAGGTGTACGAGGGCGTGTGGAAGAAATACAGCCTG","82G1G48",2,1,"GGG/AGA","mnv"
652,"GGG","TAC",2051,250,250,"G/Y","missense_variant","133M","CCAAAGCGCAACAAGCCCACTGTCTATGGTGTGTCCCCCAACTACGACAAGTGGGAGATGGAACGCACGGACATCACCATGAAGCACAAGCTGGGCTACGGCCAGTACGGGGAGGTGTACGAGGGCGTGTGGA","96G0G0G34",3,3,"GGG/TAC","mnv"
673,"GGG","TAC",2207,250,250,"G/Y","missense_variant","133M","GTCTATGGTGTGTCCCCCAACTACGACAAGTGGGAGATGGAACGCACGGACATCACCATGAAGCACAAGCTGGGCTACGGCCAGTACGGGGAGGTGTACGAGGGCGTGTGGAAGAAATACAGCCTGACGGTGG","75G0G0G55",3,3,"GGG/TAC","mnv"
696,"GGG","TAC",2303,250,250,"G/Y","missense_variant","133M","CGACAAGTGGGAGATGGAACGCACGGACATCACCATGAAGCACAAGCTGGGCTACGGCCAGTACGGGGAGGTGTACGAGGGCGTGTGGAAGAAATACAGCCTGACGGTGGCCGTGAAGACCTTGAAGGAGGAC","52G0G0G78",3,3,"GGG/TAC","mnv"
662,"CA","AT",2121,252,252,"Q/M","missense_variant","133M","ACAAGCCCACTGTCTATGGTGTGTCCCCCAACTACGACAAGTGGGAGATGGAACGCACGGACATCACCATGAAGCACAAGCTGGGCGGGGGCATGTACGGGGAGGTGTACGAGGGCGTGTGGAAGAAATACAG","92C0A39",2,1,"CAg/ATg","mnv"
711,"CAG","TAC",2384,252,252,"Q/Y","missense_variant","133M","GGAACGCACGGACATCACCATGAAGCACAAGCTGGGCGGGGGCTACTACGGGGAGGTGTACGAGGGCGTGTGGAAGAAATACAGCCTGACGGTGGCCGTGAAGACCTTGAAGGAGGACACCATGGAGGTGGAA","43C1G87",2,1,"CAG/TAC","mnv"
707,"GAG","AAC",2365,255,255,"E/N","missense_variant","133M","AGATGGAACGCACGGACATCACCATGAAGCACAAGCTGGGCGGGGGCCAGTACGGGAACGTGTACGAGGGCGTGTGGAAGAAATACAGCCTGACGGTGGCCGTGAAGACCTTGAAGGAGGACACCATGGAGGT","56G1G74",2,1,"GAG/AAC","mnv"
690,"GAG","ACC",2271,255,255,"E/T","missense_variant","133M","CAACTACGACAAGTGGGAGATGGAACGCACGGACATCACCATGAAGCACAAGCTGGGCGGGGGCCAGTACGGGACCGTGTACGAGGGCGTGTGGAAGAAATACAGCCTGACGGTGGCCGTGAAGACCTTGAAG","73G0A0G57",3,1,"GAG/ACC","mnv"
639,"GAG","TAC",1941,255,255,"E/Y","missense_variant","133M","CCATTATCCAGCCCCAAAGCGCAACAAGCCCACTGTCTATGGTGTGTCCCCCAACTACGACAAGTGGGAGATGGAACGCACGGACATCACCATGAAGCACAAGCTGGGCGGGGGCCAGTACGGGTACGTGTAC","124G1G6",2,1,"GAG/TAC","mnv"
718,"GAG","TGC",2272,255,255,"E/C","missense_variant","133M","ACGGACATCACCATGAAGCACAAGCTGGGCGGGGGCCAGTACGGGTGCGTGTACGAGGGCGTGTGGAAGAAATACAGCCTGACGGTGGCCGTGAAGACCTTGAAGGAGGACACCATGGAGGTGGAAGAGTTCT","45G0A0G85",3,1,"GAG/TGC","mnv"
725,"GA","AT",2213,258,258,"E/M","missense_variant","133M","TCACCATGAAGCACAAGCTGGGCGGGGGCCAGTACGGGGAGGTGTACATGGGCGTGTGGAAGAAATACAGCCTGACGGTGGCCGTGAAGACCTTGAAGGAGGACACCATGGAGGTGGAAGAGTTCTTGAAAGA","47G0A84",2,1,"GAg/ATg","mnv"
732,"GA","TG",2106,258,258,"E/W","missense_variant","133M","GAAGCACAAGCTGGGCGGGGGCCAGTACGGGGAGGTGTACTGGGGCGTGTGGAAGAAATACAGCCTGACGGTGGCCGTGAAGACCTTGAAGGAGGACACCATGGAGGTGGAAGAGTTCTTGAAAGAAGCTGCA","40G0A91",2,1,"GAg/TGg","mnv"
692,"GTG","AGA",2273,260,260,"V/R","missense_variant","133M","ACTACGACAAGTGGGAGATGGAACGCACGGACATCACCATGAAGCACAAGCTGGGCGGGGGCCAGTACGGGGAGGTGTACGAGGGCAGATGGAAGAAATACAGCCTGACGGTGGCCGTGAAGACCTTGAAGGA","86G0T0G44",3,1,"GTG/AGA","mnv"
762,"GTG","TTC",2116,260,260,"V/F","missense_variant","133M","GGAGGTGTACGAGGGCTTCTGGAAGAAATACAGCCTGACGGTGGCCGTGAAGACCTTGAAGGAGGACACCATGGAGGTGGAAGAGTTCTTGAAAGAAGCTGCAGTCATGAAAGAGATCAAACACCCTAACCTG","16G1G114",2,1,"GTG/TTC","mnv"
675,"TG","AT",2209,261,261,"W/M","missense_variant","133M","CTATGGTGTGTCCCCCAACTACGACAAGTGGGAGATGGAACGCACGGACATCACCATGAAGCACAAGCTGGGCGGGGGCCAGTACGGGGAGGTGTACGAGGGCGTGATGAAGAAATACAGCCTGACGGTGGCC","106T0G25",2,1,"TGg/ATg","mnv"
741,"AAG","TAC",2111,262,262,"K/Y","missense_variant","133M","GCTGGGCGGGGGCCAGTACGGGGAGGTGTACGAGGGCGTGTGGTACAAATACAGCCTGACGGTGGCCGTGAAGACCTTGAAGGAGGACACCATGGAGGTGGAAGAGTTCTTGAAAGAAGCTGCAGTCATGAAA","43A1G87",2,1,"AAG/TAC","mnv"
701,"AAA","CTG",2370,263,263,"K/L","missense_variant","133M","AGTGGGAGATGGAACGCACGGACATCACCATGAAGCACAAGCTGGGCGGGGGCCAGTACGGGGAGGTGTACGAGGGCGTGTGGAAGCTGTACAGCCTGACGGTGGCCGTGAAGACCTTGAAGGAGGACACCAT","86A0A0A44",3,1,"AAA/CTG","mnv"
771,"TAC","GAT",2302,264,264,"Y/D","missense_variant","133M","CGAGGGCGTGTGGAAGAAAGATAGCCTGACGGTGGCCGTGAAGACCTTGAAGGAGGACACCATGGAGGTGGAAGAGTTCTTGAAAGAAGCTGCAGTCATGAAAGAGATCAAACACCCTAACCTGGTGCAGCTC","19T1C111",2,6,"TAC/GAT","mnv"
714,"TAC","GAT",2365,264,264,"Y/D","missense_variant","133M","ACGCACGGACATCACCATGAAGCACAAGCTGGGCGGGGGCCAGTACGGGGAGGTGTACGAGGGCGTGTGGAAGAAAGATAGCCTGACGGTGGCCGTGAAGACCTTGAAGGAGGACACCATGGAGGTGGAAGAG","76T1C54",2,6,"TAC/GAT","mnv"
744,"TAC","GAT",2091,264,264,"Y/D","missense_variant","133M","GGGCGGGGGCCAGTACGGGGAGGTGTACGAGGGCGTGTGGAAGAAAGATAGCCTGACGGTGGCCGTGAAGACCTTGAAGGAGGACACCATGGAGGTGGAAGAGTTCTTGAAAGAAGCTGCAGTCATGAAAGAG","46T1C84",2,6,"TAC/GAT","mnv"
766,"TAC","GAT",2228,264,264,"Y/D","missense_variant","133M","GTGTACGAGGGCGTGTGGAAGAAAGATAGCCTGACGGTGGCCGTGAAGACCTTGAAGGAGGACACCATGGAGGTGGAAGAGTTCTTGAAAGAAGCTGCAGTCATGAAAGAGATCAAACACCCTAACCTGGTGC","24T1C106",2,6,"TAC/GAT","mnv"
753,"TAC","GAT",2062,264,264,"Y/D","missense_variant","133M","CCAGTACGGGGAGGTGTACGAGGGCGTGTGGAAGAAAGATAGCCTGACGGTGGCCGTGAAGACCTTGAAGGAGGACACCATGGAGGTGGAAGAGTTCTTGAAAGAAGCTGCAGTCATGAAAGAGATCAAACAC","37T1C93",2,6,"TAC/GAT","mnv"
723,"TAC","GAT",2235,264,264,"Y/D","missense_variant","133M","CATCACCATGAAGCACAAGCTGGGCGGGGGCCAGTACGGGGAGGTGTACGAGGGCGTGTGGAAGAAAGATAGCCTGACGGTGGCCGTGAAGACCTTGAAGGAGGACACCATGGAGGTGGAAGAGTTCTTGAAA","67T1C63",2,6,"TAC/GAT","mnv"
741,"AGC","CTG",2111,265,265,"S/L","missense_variant","133M","GCTGGGCGGGGGCCAGTACGGGGAGGTGTACGAGGGCGTGTGGAAGAAATACCTGCTGACGGTGGCCGTGAAGACCTTGAAGGAGGACACCATGGAGGTGGAAGAGTTCTTGAAAGAAGCTGCAGTCATGAAA","52A0G0C78",3,4,"AGC/CTG","mnv"
736,"AGC","CTG",2105,265,265,"S/L","missense_variant","133M","CACAAGCTGGGCGGGGGCCAGTACGGGGAGGTGTACGAGGGCGTGTGGAAGAAATACCTGCTGACGGTGGCCGTGAAGACCTTGAAGGAGGACACCATGGAGGTGGAAGAGTTCTTGAAAGAAGCTGCAGTCA","57A0G0C73",3,4,"AGC/CTG","mnv"
709,"AGC","CTG",2379,265,265,"S/L","missense_variant","133M","ATGGAACGCACGGACATCACCATGAAGCACAAGCTGGGCGGGGGCCAGTACGGGGAGGTGTACGAGGGCGTGTGGAAGAAATACCTGCTGACGGTGGCCGTGAAGACCTTGAAGGAGGACACCATGGAGGTGG","84A0G0C46",3,4,"AGC/CTG","mnv"
707,"AGC","CTG",2365,265,265,"S/L","missense_variant","133M","AGATGGAACGCACGGACATCACCATGAAGCACAAGCTGGGCGGGGGCCAGTACGGGGAGGTGTACGAGGGCGTGTGGAAGAAATACCTGCTGACGGTGGCCGTGAAGACCTTGAAGGAGGACACCATGGAGGT","86A0G0C44",3,4,"AGC/CTG","mnv"
778,"AGC","GGT",2451,265,265,"S/G","missense_variant","133M","GTGTGGAAGAAATACGGTCTGACGGTGGCCGTGAAGACCTTGAAGGAGGACACCATGGAGGTGGAAGAGTTCTTGAAAGAAGCTGCAGTCATGAAAGAGATCAAACACCCTAACCTGGTGCAGCTCCTTGGGG","15A1C115",2,1,"AGC/GGT","mnv"
771,"AGC","TGG",2302,265,265,"S/W","missense_variant","133M","CGAGGGCGTGTGGAAGAAATACTGGCTGACGGTGGCCGTGAAGACCTTGAAGGAGGACACCATGGAGGTGGAAGAGTTCTTGAAAGAAGCTGCAGTCATGAAAGAGATCAAACACCCTAACCTGGTGCAGCTC","22A1C108",2,1,"AGC/TGG","mnv"
714,"CTG","ATC",2365,266,266,"L/I","missense_variant","133M","ACGCACGGACATCACCATGAAGCACAAGCTGGGCGGGGGCCAGTACGGGGAGGTGTACGAGGGCGTGTGGAAGAAATACAGCATCACGGTGGCCGTGAAGACCTTGAAGGAGGACACCATGGAGGTGGAAGAG","82C1G48",2,1,"CTG/ATC","mnv"
750,"CTG","TGC",2057,266,266,"L/C","missense_variant","133M","GGGCCAGTACGGGGAGGTGTACGAGGGCGTGTGGAAGAAATACAGCTGCACGGTGGCCGTGAAGACCTTGAAGGAGGACACCATGGAGGTGGAAGAGTTCTTGAAAGAAGCTGCAGTCATGAAAGAGATCAAA","46C0T0G84",3,1,"CTG/TGC","mnv"
697,"AC","CT",2324,267,267,"T/L","missense_variant","133M","GACAAGTGGGAGATGGAACGCACGGACATCACCATGAAGCACAAGCTGGGCGGGGGCCAGTACGGGGAGGTGTACGAGGGCGTGTGGAAGAAATACAGCCTGCTGGTGGCCGTGAAGACCTTGAAGGAGGACA","102A0C29",2,1,"ACg/CTg","mnv"
742,"ACG","TGC",2098,267,267,"T/C","missense_variant","133M","CTGGGCGGGGGCCAGTACGGGGAGGTGTACGAGGGCGTGTGGAAGAAATACAGCCTGTGCGTGGCCGTGAAGACCTTGAAGGAGGACACCATGGAGGTGGAAGAGTTCTTGAAAGAAGCTGCAGTCATGAAAG","57A0C0G73",3,2,"ACG/TGC","mnv"
790,"ACG","TGC",2833,267,267,"T/C","missense_variant","133M","TACAGCCTGTGCGTGGCCGTGAAGACCTTGAAGGAGGACACCATGGAGGTGGAAGAGTTCTTGAAAGAAGCTGCAGTCATGAAAGAGATCAAACACCCTAACCTGGTGCAGCTCCTTGGGGTCTGCACCCGGG","9A0C0G121",3,2,"ACG/TGC","mnv"
759,"GTG","ATC",2114,268,268,"V/I","missense_variant","133M","CGGGGAGGTGTACGAGGGCGTGTGGAAGAAATACAGCCTGACGATCGCCGTGAAGACCTTGAAGGAGGACACCATGGAGGTGGAAGAGTTCTTGAAAGAAGCTGCAGTCATGAAAGAGATCAAACACCCTAAC","43G1G87",2,2,"GTG/ATC","mnv"
755,"GTG","ATC",2093,268,268,"V/I","missense_variant","133M","AGTACGGGGAGGTGTACGAGGGCGTGTGGAAGAAATACAGCCTGACGATCGCCGTGAAGACCTTGAAGGAGGACACCATGGAGGTGGAAGAGTTCTTGAAAGAAGCTGCAGTCATGAAAGAGATCAAACACCC","47G1G83",2,2,"GTG/ATC","mnv"
759,"TT","CA",2114,273,273,"L/Q","missense_variant","133M","CGGGGAGGTGTACGAGGGCGTGTGGAAGAAATACAGCCTGACGGTGGCCGTGAAGACCCAGAAGGAGGACACCATGGAGGTGGAAGAGTTCTTGAAAGAAGCTGCAGTCATGAAAGAGATCAAACACCCTAAC","58T0T73",2,1,"TTg/CAg","mnv"
747,"TTG","GCT",2075,273,273,"L/A","missense_variant","133M","CGGGGGCCAGTACGGGGAGGTGTACGAGGGCGTGTGGAAGAAATACAGCCTGACGGTGGCCGTGAAGACCGCTAAGGAGGACACCATGGAGGTGGAAGAGTTCTTGAAAGAAGCTGCAGTCATGAAAGAGATC","70T0T0G60",3,2,"TTG/GCT","mnv"
721,"TTG","GCT",2248,273,273,"L/A","missense_variant","133M","GACATCACCATGAAGCACAAGCTGGGCGGGGGCCAGTACGGGGAGGTGTACGAGGGCGTGTGGAAGAAATACAGCCTGACGGTGGCCGTGAAGACCGCTAAGGAGGACACCATGGAGGTGGAAGAGTTCTTGA","96T0T0G34",3,2,"TTG/GCT","mnv"
722,"GAG","CAC",2239,275,275,"E/H","missense_variant","133M","ACATCACCATGAAGCACAAGCTGGGCGGGGGCCAGTACGGGGAGGTGTACGAGGGCGTGTGGAAGAAATACAGCCTGACGGTGGCCGTGAAGACCTTGAAGCACGACACCATGGAGGTGGAAGAGTTCTTGAA","101G1G29",2,1,"GAG/CAC","mnv"
799,"AC","TA",3101,277,277,"T/Y","missense_variant","133M","ACGGTGGCCGTGAAGACCTTGAAGGAGGACTACATGGAGGTGGAAGAGTTCTTGAAAGAAGCTGCAGTCATGAAAGAGATCAAACACCCTAACCTGGTGCAGCTCCTTGGGGTCTGCACCCGGGAGCCCCCGT","30A0C101",2,1,"ACc/TAc","mnv"
728,"AC","TG",2154,277,277,"T/C","missense_variant","133M","CCATGAAGCACAAGCTGGGCGGGGGCCAGTACGGGGAGGTGTACGAGGGCGTGTGGAAGAAATACAGCCTGACGGTGGCCGTGAAGACCTTGAAGGAGGACTGCATGGAGGTGGAAGAGTTCTTGAAAGAAGC","101A0C30",2,1,"ACc/TGc","mnv"
786,"ACC","GGT",2705,277,277,"T/G","missense_variant","133M","GAAATACAGCCTGACGGTGGCCGTGAAGACCTTGAAGGAGGACGGTATGGAGGTGGAAGAGTTCTTGAAAGAAGCTGCAGTCATGAAAGAGATCAAACACCCTAACCTGGTGCAGCTCCTTGGGGTCTGCACC","43A0C0C87",3,1,"ACC/GGT","mnv"
754,"GAG","TAC",2076,279,279,"E/Y","missense_variant","133M","CAGTACGGGGAGGTGTACGAGGGCGTGTGGAAGAAATACAGCCTGACGGTGGCCGTGAAGACCTTGAAGGAGGACACCATGTACGTGGAAGAGTTCTTGAAAGAAGCTGCAGTCATGAAAGAGATCAAACACC","81G1G49",2,5,"GAG/TAC","mnv"
715,"GAG","TAC",2356,279,279,"E/Y","missense_variant","133M","CGCACGGACATCACCATGAAGCACAAGCTGGGCGGGGGCCAGTACGGGGAGGTGTACGAGGGCGTGTGGAAGAAATACAGCCTGACGGTGGCCGTGAAGACCTTGAAGGAGGACACCATGTACGTGGAAGAGT","120G1G10",2,5,"GAG/TAC","mnv"
762,"GAG","TAC",2116,279,279,"E/Y","missense_variant","133M","GGAGGTGTACGAGGGCGTGTGGAAGAAATACAGCCTGACGGTGGCCGTGAAGACCTTGAAGGAGGACACCATGTACGTGGAAGAGTTCTTGAAAGAAGCTGCAGTCATGAAAGAGATCAAACACCCTAACCTG","73G1G57",2,5,"GAG/TAC","mnv"
731,"GAG","TAC",2131,279,279,"E/Y","missense_variant","133M","TGAAGCACAAGCTGGGCGGGGGCCAGTACGGGGAGGTGTACGAGGGCGTGTGGAAGAAATACAGCCTGACGGTGGCCGTGAAGACCTTGAAGGAGGACACCATGTACGTGGAAGAGTTCTTGAAAGAAGCTGC","104G1G26",2,5,"GAG/TAC","mnv"
759,"GAG","TAC",2114,279,279,"E/Y","missense_variant","133M","CGGGGAGGTGTACGAGGGCGTGTGGAAGAAATACAGCCTGACGGTGGCCGTGAAGACCTTGAAGGAGGACACCATGTACGTGGAAGAGTTCTTGAAAGAAGCTGCAGTCATGAAAGAGATCAAACACCCTAAC","76G1G54",2,5,"GAG/TAC","mnv"
715,"GT","CA",2356,280,280,"V/Q","missense_variant","133M","CGCACGGACATCACCATGAAGCACAAGCTGGGCGGGGGCCAGTACGGGGAGGTGTACGAGGGCGTGTGGAAGAAATACAGCCTGACGGTGGCCGTGAAGACCTTGAAGGAGGACACCATGGAGCAGGAAGAGT","123G0T8",2,5,"GTg/CAg","mnv"
771,"GT","CA",2302,280,280,"V/Q","missense_variant","133M","CGAGGGCGTGTGGAAGAAATACAGCCTGACGGTGGCCGTGAAGACCTTGAAGGAGGACACCATGGAGCAGGAAGAGTTCTTGAAAGAAGCTGCAGTCATGAAAGAGATCAAACACCCTAACCTGGTGCAGCTC","67G0T64",2,5,"GTg/CAg","mnv"
818,"GT","CA",3702,280,280,"V/Q","missense_variant","133M","TGAAGGAGGACACCATGGAGCAGGAAGAGTTCTTGAAAGAAGCTGCAGTCATGAAAGAGATCAAACACCCTAACCTGGTGCAGCTCCTTGGGGTCTGCACCCGGGAGCCCCCGTTCTATATCATCACTGAGTT","20G0T111",2,5,"GTg/CAg","mnv"
832,"GT","CA",4408,280,280,"V/Q","missense_variant","133M","ATGGAGCAGGAAGAGTTCTTGAAAGAAGCTGCAGTCATGAAAGAGATCAAACACCCTAACCTGGTGCAGCTCCTTGGGGTCTGCACCCGGGAGCCCCCGTTCTATATCATCACTGAGTTCATGACCTACGGGA","6G0T125",2,5,"GTg/CAg","mnv"
832,"GT","CA",4408,280,280,"V/Q","missense_variant","133M","ATGGAGCAGGAAGAGTTCTTGAAAGAAGCTGCAGTCATGAAAGAGATCAAACACCCTAACCTGGTGCAGCTCCTTGGGGTCTGCACCCGGGAGCCCCCGTTCTATATCATCACTGAGTTCATGACCTACGGGA","6G0T125",2,5,"GTg/CAg","mnv"
794,"GTG","TGC",3029,280,280,"V/C","missense_variant","133M","GCCTGACGGTGGCCGTGAAGACCTTGAAGGAGGACACCATGGAGTGCGAAGAGTTCTTGAAAGAAGCTGCAGTCATGAAAGAGATCAAACACCCTAACCTGGTGCAGCTCCTTGGGGTCTGCACCCGGGAGCC","44G0T0G86",3,1,"GTG/TGC","mnv"
823,"GTG","TTC",3964,280,280,"V/F","missense_variant","133M","GAGGACACCATGGAGTTCGAAGAGTTCTTGAAAGAAGCTGCAGTCATGAAAGAGATCAAACACCCTAACCTGGTGCAGCTCCTTGGGGTCTGCACCCGGGAGCCCCCGTTCTATATCATCACTGAGTTCATGA","15G1G115",2,1,"GTG/TTC","mnv"
810,"GA","AG",3359,281,281,"E/R","missense_variant","133M","GAAGACCTTGAAGGAGGACACCATGGAGGTGAGAGAGTTCTTGAAAGAAGCTGCAGTCATGAAAGAGATCAAACACCCTAACCTGGTGCAGCTCCTTGGGGTCTGCACCCGGGAGCCCCCGTTCTATATCATC","31G0A100",2,1,"GAa/AGa","mnv"
781,"GAA","CTG",2564,281,281,"E/L","missense_variant","133M","TGGAAGAAATACAGCCTGACGGTGGCCGTGAAGACCTTGAAGGAGGACACCATGGAGGTGCTGGAGTTCTTGAAAGAAGCTGCAGTCATGAAAGAGATCAAACACCCTAACCTGGTGCAGCTCCTTGGGGTCT","60G0A0A70",3,3,"GAA/CTG","mnv"
800,"GAA","CTG",3119,281,281,"E/L","missense_variant","133M","CGGTGGCCGTGAAGACCTTGAAGGAGGACACCATGGAGGTGCTGGAGTTCTTGAAAGAAGCTGCAGTCATGAAAGAGATCAAACACCCTAACCTGGTGCAGCTCCTTGGGGTCTGCACCCGGGAGCCCCCGTT","41G0A0A89",3,3,"GAA/CTG","mnv"
806,"GAA","CTG",3296,281,281,"E/L","missense_variant","133M","CCGTGAAGACCTTGAAGGAGGACACCATGGAGGTGCTGGAGTTCTTGAAAGAAGCTGCAGTCATGAAAGAGATCAAACACCCTAACCTGGTGCAGCTCCTTGGGGTCTGCACCCGGGAGCCCCCGTTCTATAT","35G0A0A95",3,3,"GAA/CTG","mnv"
847,"AAA","CAG",5032,285,285,"K/Q","missense_variant","133M","TTCTTGCAGGAAGCTGCAGTCATGAAAGAGATCAAACACCCTAACCTGGTGCAGCTCCTTGGGGTCTGCACCCGGGAGCCCCCGTTCTATATCATCACTGAGTTCATGACCTACGGGAACCTCCTGGACTACC","6A1A124",2,1,"AAA/CAG","mnv"
784,"AAA","GAT",2619,285,285,"K/D","missense_variant","133M","AAGAAATACAGCCTGACGGTGGCCGTGAAGACCTTGAAGGAGGACACCATGGAGGTGGAAGAGTTCTTGGATGAAGCTGCAGTCATGAAAGAGATCAAACACCCTAACCTGGTGCAGCTCCTTGGGGTCTGCA","69A1A61",2,5,"AAA/GAT","mnv"
820,"AAA","GAT",3841,285,285,"K/D","missense_variant","133M","AAGGAGGACACCATGGAGGTGGAAGAGTTCTTGGATGAAGCTGCAGTCATGAAAGAGATCAAACACCCTAACCTGGTGCAGCTCCTTGGGGTCTGCACCCGGGAGCCCCCGTTCTATATCATCACTGAGTTCA","33A1A97",2,5,"AAA/GAT","mnv"
843,"AAA","GAT",4852,285,285,"K/D","missense_variant","133M","AGAGTTCTTGGATGAAGCTGCAGTCATGAAAGAGATCAAACACCCTAACCTGGTGCAGCTCCTTGGGGTCTGCACCCGGGAGCCCCCGTTCTATATCATCACTGAGTTCATGACCTACGGGAACCTCCTGGAC","10A1A120",2,5,"AAA/GAT","mnv"
843,"AAA","GAT",4852,285,285,"K/D","missense_variant","133M","AGAGTTCTTGGATGAAGCTGCAGTCATGAAAGAGATCAAACACCCTAACCTGGTGCAGCTCCTTGGGGTCTGCACCCGGGAGCCCCCGTTCTATATCATCACTGAGTTCATGACCTACGGGAACCTCCTGGAC","10A1A120",2,5,"AAA/GAT","mnv"
830,"AAA","GAT",4361,285,285,"K/D","missense_variant","133M","CCATGGAGGTGGAAGAGTTCTTGGATGAAGCTGCAGTCATGAAAGAGATCAAACACCCTAACCTGGTGCAGCTCCTTGGGGTCTGCACCCGGGAGCCCCCGTTCTATATCATCACTGAGTTCATGACCTACGG","23A1A107",2,5,"AAA/GAT","mnv"
771,"AAA","GGT",2302,285,285,"K/G","missense_variant","133M","CGAGGGCGTGTGGAAGAAATACAGCCTGACGGTGGCCGTGAAGACCTTGAAGGAGGACACCATGGAGGTGGAAGAGTTCTTGGGTGAAGCTGCAGTCATGAAAGAGATCAAACACCCTAACCTGGTGCAGCTC","82A0A0A48",3,1,"AAA/GGT","mnv"
761,"AAA","TGC",2119,285,285,"K/C","missense_variant","133M","GGGAGGTGTACGAGGGCGTGTGGAAGAAATACAGCCTGACGGTGGCCGTGAAGACCTTGAAGGAGGACACCATGGAGGTGGAAGAGTTCTTGTGCGAAGCTGCAGTCATGAAAGAGATCAAACACCCTAACCT","92A0A0A38",3,5,"AAA/TGC","mnv"
771,"AAA","TGC",2302,285,285,"K/C","missense_variant","133M","CGAGGGCGTGTGGAAGAAATACAGCCTGACGGTGGCCGTGAAGACCTTGAAGGAGGACACCATGGAGGTGGAAGAGTTCTTGTGCGAAGCTGCAGTCATGAAAGAGATCAAACACCCTAACCTGGTGCAGCTC","82A0A0A48",3,5,"AAA/TGC","mnv"
804,"AAA","TGC",3206,285,285,"K/C","missense_variant","133M","GGCCGTGAAGACCTTGAAGGAGGACACCATGGAGGTGGAAGAGTTCTTGTGCGAAGCTGCAGTCATGAAAGAGATCAAACACCCTAACCTGGTGCAGCTCCTTGGGGTCTGCACCCGGGAGCCCCCGTTCTAT","49A0A0A81",3,5,"AAA/TGC","mnv"
794,"AAA","TGC",3029,285,285,"K/C","missense_variant","133M","GCCTGACGGTGGCCGTGAAGACCTTGAAGGAGGACACCATGGAGGTGGAAGAGTTCTTGTGCGAAGCTGCAGTCATGAAAGAGATCAAACACCCTAACCTGGTGCAGCTCCTTGGGGTCTGCACCCGGGAGCC","59A0A0A71",3,5,"AAA/TGC","mnv"
790,"AAA","TGC",2833,285,285,"K/C","missense_variant","133M","TACAGCCTGACGGTGGCCGTGAAGACCTTGAAGGAGGACACCATGGAGGTGGAAGAGTTCTTGTGCGAAGCTGCAGTCATGAAAGAGATCAAACACCCTAACCTGGTGCAGCTCCTTGGGGTCTGCACCCGGG","63A0A0A67",3,5,"AAA/TGC","mnv"
769,"GCA","CAG",2259,288,288,"A/Q","missense_variant","133M","TACGAGGGCGTGTGGAAGAAATACAGCCTGACGGTGGCCGTGAAGACCTTGAAGGAGGACACCATGGAGGTGGAAGAGTTCTTGAAAGAAGCTCAGGTCATGAAAGAGATCAAACACCCTAACCTGGTGCAGC","93G0C0A37",3,1,"GCA/CAG","mnv"
830,"GT","AC",4361,289,289,"V/T","missense_variant","133M","CCATGGAGGTGGAAGAGTTCTTGAAAGAAGCTGCAACCATGAAAGAGATCAAACACCCTAACCTGGTGCAGCTCCTTGGGGTCTGCACCCGGGAGCCCCCGTTCTATATCATCACTGAGTTCATGACCTACGG","35G0T96",2,3,"GTc/ACc","mnv"
825,"GT","AC",4073,289,289,"V/T","missense_variant","133M","GGACACCATGGAGGTGGAAGAGTTCTTGAAAGAAGCTGCAACCATGAAAGAGATCAAACACCCTAACCTGGTGCAGCTCCTTGGGGTCTGCACCCGGGAGCCCCCGTTCTATATCATCACTGAGTTCATGACC","40G0T91",2,3,"GTc/ACc","mnv"
793,"GT","AC",2979,289,289,"V/T","missense_variant","133M","AGCCTGACGGTGGCCGTGAAGACCTTGAAGGAGGACACCATGGAGGTGGAAGAGTTCTTGAAAGAAGCTGCAACCATGAAAGAGATCAAACACCCTAACCTGGTGCAGCTCCTTGGGGTCTGCACCCGGGAGC","72G0T59",2,3,"GTc/ACc","mnv"
825,"GTC","CTG",4073,289,289,"V/L","missense_variant","133M","GGACACCATGGAGGTGGAAGAGTTCTTGAAAGAAGCTGCACTGATGAAAGAGATCAAACACCCTAACCTGGTGCAGCTCCTTGGGGTCTGCACCCGGGAGCCCCCGTTCTATATCATCACTGAGTTCATGACC","40G1C90",2,1,"GTC/CTG","mnv"
760,"GA","CT",2113,292,292,"E/L","missense_variant","133M","GGGGAGGTGTACGAGGGCGTGTGGAAGAAATACAGCCTGACGGTGGCCGTGAAGACCTTGAAGGAGGACACCATGGAGGTGGAAGAGTTCTTGAAAGAAGCTGCAGTCATGAAACTGATCAAACACCCTAACC","114G0A17",2,3,"GAg/CTg","mnv"
747,"GA","CT",2075,292,292,"E/L","missense_variant","133M","CGGGGGCCAGTACGGGGAGGTGTACGAGGGCGTGTGGAAGAAATACAGCCTGACGGTGGCCGTGAAGACCTTGAAGGAGGACACCATGGAGGTGGAAGAGTTCTTGAAAGAAGCTGCAGTCATGAAACTGATC","127G0A4",2,3,"GAg/CTg","mnv"
761,"GA","CT",2119,292,292,"E/L","missense_variant","133M","GGGAGGTGTACGAGGGCGTGTGGAAGAAATACAGCCTGACGGTGGCCGTGAAGACCTTGAAGGAGGACACCATGGAGGTGGAAGAGTTCTTGAAAGAAGCTGCAGTCATGAAACTGATCAAACACCCTAACCT","113G0A18",2,3,"GAg/CTg","mnv"
842,"CTG","ATC",4821,298,298,"L/I","missense_variant","133M","AAGAGTTCTTGAAAGAAGCTGCAGTCATGAAAGAGATCAAACACCCTAACATCGTGCAGCTCCTTGGGGTCTGCACCCGGGAGCCCCCGTTCTATATCATCACTGAGTTCATGACCTACGGGAACCTCCTGGA","50C1G80",2,18,"CTG/ATC","mnv"
771,"CTG","ATC",2302,298,298,"L/I","missense_variant","133M","CGAGGGCGTGTGGAAGAAATACAGCCTGACGGTGGCCGTGAAGACCTTGAAGGAGGACACCATGGAGGTGGAAGAGTTCTTGAAAGAAGCTGCAGTCATGAAAGAGATCAAACACCCTAACATCGTGCAGCTC","121C1G9",2,18,"CTG/ATC","mnv"
805,"CTG","ATC",3247,298,298,"L/I","missense_variant","133M","GCCGTGAAGACCTTGAAGGAGGACACCATGGAGGTGGAAGAGTTCTTGAAAGAAGCTGCAGTCATGAAAGAGATCAAACACCCTAACATCGTGCAGCTCCTTGGGGTCTGCACCCGGGAGCCCCCGTTCTATA","87C1G43",2,18,"CTG/ATC","mnv"
807,"CTG","ATC",3325,298,298,"L/I","missense_variant","133M","CGTGAAGACCTTGAAGGAGGACACCATGGAGGTGGAAGAGTTCTTGAAAGAAGCTGCAGTCATGAAAGAGATCAAACACCCTAACATCGTGCAGCTCCTTGGGGTCTGCACCCGGGAGCCCCCGTTCTATATC","85C1G45",2,18,"CTG/ATC","mnv"
836,"CTG","ATC",4552,298,298,"L/I","missense_variant","133M","AGGTGGAAGAGTTCTTGAAAGAAGCTGCAGTCATGAAAGAGATCAAACACCCTAACATCGTGCAGCTCCTTGGGGTCTGCACCCGGGAGCCCCCGTTCTATATCATCACTGAGTTCATGACCTACGGGAACCT","56C1G74",2,18,"CTG/ATC","mnv"
857,"CTG","ATC",5407,298,298,"L/I","missense_variant","133M","AAGCTGCAGTCATGAAAGAGATCAAACACCCTAACATCGTGCAGCTCCTTGGGGTCTGCACCCGGGAGCCCCCGTTCTATATCATCACTGAGTTCATGACCTACGGGAACCTCCTGGACTACCTGAGGGAGTG","35C1G95",2,18,"CTG/ATC","mnv"
785,"CTG","ATC",2668,298,298,"L/I","missense_variant","133M","AGAAATACAGCCTGACGGTGGCCGTGAAGACCTTGAAGGAGGACACCATGGAGGTGGAAGAGTTCTTGAAAGAAGCTGCAGTCATGAAAGAGATCAAACACCCTAACATCGTGCAGCTCCTTGGGGTCTGCAC","107C1G23",2,18,"CTG/ATC","mnv"
792,"CTG","ATC",2917,298,298,"L/I","missense_variant","133M","CAGCCTGACGGTGGCCGTGAAGACCTTGAAGGAGGACACCATGGAGGTGGAAGAGTTCTTGAAAGAAGCTGCAGTCATGAAAGAGATCAAACACCCTAACATCGTGCAGCTCCTTGGGGTCTGCACCCGGGAG","100C1G30",2,18,"CTG/ATC","mnv"
841,"CTG","ATC",4759,298,298,"L/I","missense_variant","133M","GAAGAGTTCTTGAAAGAAGCTGCAGTCATGAAAGAGATCAAACACCCTAACATCGTGCAGCTCCTTGGGGTCTGCACCCGGGAGCCCCCGTTCTATATCATCACTGAGTTCATGACCTACGGGAACCTCCTGG","51C1G79",2,18,"CTG/ATC","mnv"
788,"CTG","ATC",2765,298,298,"L/I","missense_variant","133M","AATACAGCCTGACGGTGGCCGTGAAGACCTTGAAGGAGGACACCATGGAGGTGGAAGAGTTCTTGAAAGAAGCTGCAGTCATGAAAGAGATCAAACACCCTAACATCGTGCAGCTCCTTGGGGTCTGCACCCG","104C1G26",2,18,"CTG/ATC","mnv"
840,"CTG","ATC",4688,298,298,"L/I","missense_variant","133M","GGAAGAGTTCTTGAAAGAAGCTGCAGTCATGAAAGAGATCAAACACCCTAACATCGTGCAGCTCCTTGGGGTCTGCACCCGGGAGCCCCCGTTCTATATCATCACTGAGTTCATGACCTACGGGAACCTCCTG","52C1G78",2,18,"CTG/ATC","mnv"
873,"CTG","ATC",5852,298,298,"L/I","missense_variant","133M","AGAGATCAAACACCCTAACATCGTGCAGCTCCTTGGGGTCTGCACCCGGGAGCCCCCGTTCTATATCATCACTGAGTTCATGACCTACGGGAACCTCCTGGACTACCTGAGGGAGTGCAACCGGCAGGAGGTG","19C1G111",2,18,"CTG/ATC","mnv"
883,"CTG","ATC",6263,298,298,"L/I","missense_variant","133M","CACCCTAACATCGTGCAGCTCCTTGGGGTCTGCACCCGGGAGCCCCCGTTCTATATCATCACTGAGTTCATGACCTACGGGAACCTCCTGGACTACCTGAGGGAGTGCAACCGGCAGGAGGTGAACGCCGTGG","9C1G121",2,18,"CTG/ATC","mnv"
884,"CTG","ATC",6290,298,298,"L/I","missense_variant","133M","ACCCTAACATCGTGCAGCTCCTTGGGGTCTGCACCCGGGAGCCCCCGTTCTATATCATCACTGAGTTCATGACCTACGGGAACCTCCTGGACTACCTGAGGGAGTGCAACCGGCAGGAGGTGAACGCCGTGGT","8C1G122",2,18,"CTG/ATC","mnv"
822,"CTG","ATC",3920,298,298,"L/I","missense_variant","133M","GGAGGACACCATGGAGGTGGAAGAGTTCTTGAAAGAAGCTGCAGTCATGAAAGAGATCAAACACCCTAACATCGTGCAGCTCCTTGGGGTCTGCACCCGGGAGCCCCCGTTCTATATCATCACTGAGTTCATG","70C1G60",2,18,"CTG/ATC","mnv"
812,"CTG","ATC",3436,298,298,"L/I","missense_variant","133M","AGACCTTGAAGGAGGACACCATGGAGGTGGAAGAGTTCTTGAAAGAAGCTGCAGTCATGAAAGAGATCAAACACCCTAACATCGTGCAGCTCCTTGGGGTCTGCACCCGGGAGCCCCCGTTCTATATCATCAC","80C1G50",2,18,"CTG/ATC","mnv"
833,"CTG","ATC",4437,298,298,"L/I","missense_variant","133M","TGGAGGTGGAAGAGTTCTTGAAAGAAGCTGCAGTCATGAAAGAGATCAAACACCCTAACATCGTGCAGCTCCTTGGGGTCTGCACCCGGGAGCCCCCGTTCTATATCATCACTGAGTTCATGACCTACGGGAA","59C1G71",2,18,"CTG/ATC","mnv"
883,"CTG","ATC",6263,298,298,"L/I","missense_variant","133M","CACCCTAACATCGTGCAGCTCCTTGGGGTCTGCACCCGGGAGCCCCCGTTCTATATCATCACTGAGTTCATGACCTACGGGAACCTCCTGGACTACCTGAGGGAGTGCAACCGGCAGGAGGTGAACGCCGTGG","9C1G121",2,18,"CTG/ATC","mnv"
841,"CTG","GCT",4759,298,298,"L/A","missense_variant","133M","GAAGAGTTCTTGAAAGAAGCTGCAGTCATGAAAGAGATCAAACACCCTAACGCTGTGCAGCTCCTTGGGGTCTGCACCCGGGAGCCCCCGTTCTATATCATCACTGAGTTCATGACCTACGGGAACCTCCTGG","51C0T0G79",3,2,"CTG/GCT","mnv"
834,"CTG","GCT",4457,298,298,"L/A","missense_variant","133M","GGAGGTGGAAGAGTTCTTGAAAGAAGCTGCAGTCATGAAAGAGATCAAACACCCTAACGCTGTGCAGCTCCTTGGGGTCTGCACCCGGGAGCCCCCGTTCTATATCATCACTGAGTTCATGACCTACGGGAAC","58C0T0G72",3,2,"CTG/GCT","mnv"
847,"CTG","TTC",5032,298,298,"L/F","missense_variant","133M","TTCTTGAAAGAAGCTGCAGTCATGAAAGAGATCAAACACCCTAACTTCGTGCAGCTCCTTGGGGTCTGCACCCGGGAGCCCCCGTTCTATATCATCACTGAGTTCATGACCTACGGGAACCTCCTGGACTACC","45C1G85",2,1,"CTG/TTC","mnv"
883,"GG","AC",6263,298,299,"LV/LL","missense_variant","133M","CACCCTAACCTACTGCAGCTCCTTGGGGTCTGCACCCGGGAGCCCCCGTTCTATATCATCACTGAGTTCATGACCTACGGGAACCTCCTGGACTACCTGAGGGAGTGCAACCGGCAGGAGGTGAACGCCGTGG","11G0G120",2,1,"ctGGtg/ctACtg","mnv"
898,"GT","CA",7005,304,304,"V/H","missense_variant","133M","CAGCTCCTTGGGCACTGCACCCGGGAGCCCCCGTTCTATATCATCACTGAGTTCATGACCTACGGGAACCTCCTGGACTACCTGAGGGAGTGCAACCGGCAGGAGGTGAACGCCGTGGTGCTGCTGTACATGG","12G0T119",2,2,"GTc/CAc","mnv"
897,"GT","CA",6961,304,304,"V/H","missense_variant","133M","GCAGCTCCTTGGGCACTGCACCCGGGAGCCCCCGTTCTATATCATCACTGAGTTCATGACCTACGGGAACCTCCTGGACTACCTGAGGGAGTGCAACCGGCAGGAGGTGAACGCCGTGGTGCTGCTGTACATG","13G0T118",2,2,"GTc/CAc","mnv"
876,"CG","AA",5939,307,307,"R/K","missense_variant","133M","GATCAAACACCCTAACCTGGTGCAGCTCCTTGGGGTCTGCACCAAGGAGCCCCCGTTCTATATCATCACTGAGTTCATGACCTACGGGAACCTCCTGGACTACCTGAGGGAGTGCAACCGGCAGGAGGTGAAC","43C0G88",2,2,"CGg/AAg","mnv"
823,"CG","AA",3964,307,307,"R/K","missense_variant","133M","GAGGACACCATGGAGGTGGAAGAGTTCTTGAAAGAAGCTGCAGTCATGAAAGAGATCAAACACCCTAACCTGGTGCAGCTCCTTGGGGTCTGCACCAAGGAGCCCCCGTTCTATATCATCACTGAGTTCATGA","96C0G35",2,2,"CGg/AAg","mnv"
875,"TTC","CCT",5896,311,311,"F/P","missense_variant","133M","AGATCAAACACCCTAACCTGGTGCAGCTCCTTGGGGTCTGCACCCGGGAGCCCCCGCCTTATATCATCACTGAGTTCATGACCTACGGGAACCTCCTGGACTACCTGAGGGAGTGCAACCGGCAGGAGGTGAA","56T0T0C74",3,2,"TTC/CCT","mnv"
874,"TTC","CCT",5859,311,311,"F/P","missense_variant","133M","GAGATCAAACACCCTAACCTGGTGCAGCTCCTTGGGGTCTGCACCCGGGAGCCCCCGCCTTATATCATCACTGAGTTCATGACCTACGGGAACCTCCTGGACTACCTGAGGGAGTGCAACCGGCAGGAGGTGA","57T0T0C73",3,2,"TTC/CCT","mnv"
910,"TTC","GTG",7499,311,311,"F/V","missense_variant","133M","GTCTGCACCCGGGAGCCCCCGGTGTATATCATCACTGAGTTCATGACCTACGGGAACCTCCTGGACTACCTGAGGGAGTGCAACCGGCAGGAGGTGAACGCCGTGGTGCTGCTGTACATGGCCACTCAGATCT","21T1C109",2,1,"TTC/GTG","mnv"
851,"ATC","CCT",5223,313,313,"I/P","missense_variant","133M","TGAAAGAAGCTGCAGTCATGAAAGAGATCAAACACCCTAACCTGGTGCAGCTCCTTGGGGTCTGCACCCGGGAGCCCCCGTTCTATCCTATCACTGAGTTCATGACCTACGGGAACCTCCTGGACTACCTGAG","86A0T0C44",3,1,"ATC/CCT","mnv"
820,"ATC","GTG",3841,314,314,"I/V","missense_variant","133M","AAGGAGGACACCATGGAGGTGGAAGAGTTCTTGAAAGAAGCTGCAGTCATGAAAGAGATCAAACACCCTAACCTGGTGCAGCTCCTTGGGGTCTGCACCCGGGAGCCCCCGTTCTATATCGTGACTGAGTTCA","120A1C10",2,2,"ATC/GTG","mnv"
895,"ATC","GTG",6840,314,314,"I/V","missense_variant","133M","GTGCAGCTCCTTGGGGTCTGCACCCGGGAGCCCCCGTTCTATATCGTGACTGAGTTCATGACCTACGGGAACCTCCTGGACTACCTGAGGGAGTGCAACCGGCAGGAGGTGAACGCCGTGGTGCTGCTGTACA","45A1C85",2,2,"ATC/GTG","mnv"
846,"ACT","CTG",4981,315,315,"T/L","missense_variant","133M","GTTCTTGAAAGAAGCTGCAGTCATGAAAGAGATCAAACACCCTAACCTGGTGCAGCTCCTTGGGGTCTGCACCCGGGAGCCCCCGTTCTATATCATCCTGGAGTTCATGACCTACGGGAACCTCCTGGACTAC","97A0C0T33",3,5,"ACT/CTG","mnv"
880,"ACT","CTG",6123,315,315,"T/L","missense_variant","133M","AAACACCCTAACCTGGTGCAGCTCCTTGGGGTCTGCACCCGGGAGCCCCCGTTCTATATCATCCTGGAGTTCATGACCTACGGGAACCTCCTGGACTACCTGAGGGAGTGCAACCGGCAGGAGGTGAACGCCG","63A0C0T67",3,5,"ACT/CTG","mnv"
902,"ACT","CTG",7102,315,315,"T/L","missense_variant","133M","TCCTTGGGGTCTGCACCCGGGAGCCCCCGTTCTATATCATCCTGGAGTTCATGACCTACGGGAACCTCCTGGACTACCTGAGGGAGTGCAACCGGCAGGAGGTGAACGCCGTGGTGCTGCTGTACATGGCCAC","41A0C0T89",3,5,"ACT/CTG","mnv"
897,"ACT","CTG",6961,315,315,"T/L","missense_variant","133M","GCAGCTCCTTGGGGTCTGCACCCGGGAGCCCCCGTTCTATATCATCCTGGAGTTCATGACCTACGGGAACCTCCTGGACTACCTGAGGGAGTGCAACCGGCAGGAGGTGAACGCCGTGGTGCTGCTGTACATG","46A0C0T84",3,5,"ACT/CTG","mnv"
912,"ACT","CTG",7648,315,315,"T/L","missense_variant","133M","CTGCACCCGGGAGCCCCCGTTCTATATCATCCTGGAGTTCATGACCTACGGGAACCTCCTGGACTACCTGAGGGAGTGCAACCGGCAGGAGGTGAACGCCGTGGTGCTGCTGTACATGGCCACTCAGATCTCG","31A0C0T99",3,5,"ACT/CTG","mnv"
852,"ACT","GTG",5275,315,315,"T/V","missense_variant","133M","GAAAGAAGCTGCAGTCATGAAAGAGATCAAACACCCTAACCTGGTGCAGCTCCTTGGGGTCTGCACCCGGGAGCCCCCGTTCTATATCATCGTGGAGTTCATGACCTACGGGAACCTCCTGGACTACCTGAGG","91A0C0T39",3,6,"ACT/GTG","mnv"
911,"ACT","GTG",7618,315,315,"T/V","missense_variant","133M","TCTGCACCCGGGAGCCCCCGTTCTATATCATCGTGGAGTTCATGACCTACGGGAACCTCCTGGACTACCTGAGGGAGTGCAACCGGCAGGAGGTGAACGCCGTGGTGCTGCTGTACATGGCCACTCAGATCTC","32A0C0T98",3,6,"ACT/GTG","mnv"
849,"ACT","GTG",5078,315,315,"T/V","missense_variant","133M","CTTGAAAGAAGCTGCAGTCATGAAAGAGATCAAACACCCTAACCTGGTGCAGCTCCTTGGGGTCTGCACCCGGGAGCCCCCGTTCTATATCATCGTGGAGTTCATGACCTACGGGAACCTCCTGGACTACCTG","94A0C0T36",3,6,"ACT/GTG","mnv"
886,"ACT","GTG",6378,315,315,"T/V","missense_variant","133M","CCTAACCTGGTGCAGCTCCTTGGGGTCTGCACCCGGGAGCCCCCGTTCTATATCATCGTGGAGTTCATGACCTACGGGAACCTCCTGGACTACCTGAGGGAGTGCAACCGGCAGGAGGTGAACGCCGTGGTGC","57A0C0T73",3,6,"ACT/GTG","mnv"
892,"ACT","GTG",6774,315,315,"T/V","missense_variant","133M","CTGGTGCAGCTCCTTGGGGTCTGCACCCGGGAGCCCCCGTTCTATATCATCGTGGAGTTCATGACCTACGGGAACCTCCTGGACTACCTGAGGGAGTGCAACCGGCAGGAGGTGAACGCCGTGGTGCTGCTGT","51A0C0T79",3,6,"ACT/GTG","mnv"
881,"ACT","GTG",6180,315,315,"T/V","missense_variant","133M","AACACCCTAACCTGGTGCAGCTCCTTGGGGTCTGCACCCGGGAGCCCCCGTTCTATATCATCGTGGAGTTCATGACCTACGGGAACCTCCTGGACTACCTGAGGGAGTGCAACCGGCAGGAGGTGAACGCCGT","62A0C0T68",3,6,"ACT/GTG","mnv"
897,"ACT","TGC",6961,315,315,"T/C","missense_variant","133M","GCAGCTCCTTGGGGTCTGCACCCGGGAGCCCCCGTTCTATATCATCTGCGAGTTCATGACCTACGGGAACCTCCTGGACTACCTGAGGGAGTGCAACCGGCAGGAGGTGAACGCCGTGGTGCTGCTGTACATG","46A0C0T84",3,1,"ACT/TGC","mnv"
905,"ACT","TTG",7213,315,315,"T/L","missense_variant","133M","TTGGGGTCTGCACCCGGGAGCCCCCGTTCTATATCATCTTGGAGTTCATGACCTACGGGAACCTCCTGGACTACCTGAGGGAGTGCAACCGGCAGGAGGTGAACGCCGTGGTGCTGCTGTACATGGCCACTCA","38A0C0T92",3,1,"ACT/TTG","mnv"
826,"TT","AA",4163,317,317,"F/N","missense_variant","133M","GACACCATGGAGGTGGAAGAGTTCTTGAAAGAAGCTGCAGTCATGAAAGAGATCAAACACCCTAACCTGGTGCAGCTCCTTGGGGTCTGCACCCGGGAGCCCCCGTTCTATATCATCACTGAGAACATGACCT","123T0T8",2,5,"TTc/AAc","mnv"
929,"TT","AA",8245,317,317,"F/N","missense_variant","133M","CGTTCTATATCATCACTGAGAACATGACCTACGGGAACCTCCTGGACTACCTGAGGGAGTGCAACCGGCAGGAGGTGAACGCCGTGGTGCTGCTGTACATGGCCACTCAGATCTCGTCAGCCATGGAGTACCT","20T0T111",2,5,"TTc/AAc","mnv"
837,"TT","AA",4591,317,317,"F/N","missense_variant","133M","GGTGGAAGAGTTCTTGAAAGAAGCTGCAGTCATGAAAGAGATCAAACACCCTAACCTGGTGCAGCTCCTTGGGGTCTGCACCCGGGAGCCCCCGTTCTATATCATCACTGAGAACATGACCTACGGGAACCTC","112T0T19",2,5,"TTc/AAc","mnv"
875,"TT","AA",5896,317,317,"F/N","missense_variant","133M","AGATCAAACACCCTAACCTGGTGCAGCTCCTTGGGGTCTGCACCCGGGAGCCCCCGTTCTATATCATCACTGAGAACATGACCTACGGGAACCTCCTGGACTACCTGAGGGAGTGCAACCGGCAGGAGGTGAA","74T0T57",2,5,"TTc/AAc","mnv"
887,"TT","AA",6453,317,317,"F/N","missense_variant","133M","CTAACCTGGTGCAGCTCCTTGGGGTCTGCACCCGGGAGCCCCCGTTCTATATCATCACTGAGAACATGACCTACGGGAACCTCCTGGACTACCTGAGGGAGTGCAACCGGCAGGAGGTGAACGCCGTGGTGCT","62T0T69",2,5,"TTc/AAc","mnv"
914,"TTC","AAG",7748,317,317,"F/K","missense_variant","133M","GCACCCGGGAGCCCCCGTTCTATATCATCACTGAGAAGATGACCTACGGGAACCTCCTGGACTACCTGAGGGAGTGCAACCGGCAGGAGGTGAACGCCGTGGTGCTGCTGTACATGGCCACTCAGATCTCGTC","35T0T0C95",3,8,"TTC/AAG","mnv"
902,"TTC","AAG",7102,317,317,"F/K","missense_variant","133M","TCCTTGGGGTCTGCACCCGGGAGCCCCCGTTCTATATCATCACTGAGAAGATGACCTACGGGAACCTCCTGGACTACCTGAGGGAGTGCAACCGGCAGGAGGTGAACGCCGTGGTGCTGCTGTACATGGCCAC","47T0T0C83",3,8,"TTC/AAG","mnv"
917,"TTC","AAG",7763,317,317,"F/K","missense_variant","133M","CCCGGGAGCCCCCGTTCTATATCATCACTGAGAAGATGACCTACGGGAACCTCCTGGACTACCTGAGGGAGTGCAACCGGCAGGAGGTGAACGCCGTGGTGCTGCTGTACATGGCCACTCAGATCTCGTCAGC","32T0T0C98",3,8,"TTC/AAG","mnv"
895,"TTC","AAG",6840,317,317,"F/K","missense_variant","133M","GTGCAGCTCCTTGGGGTCTGCACCCGGGAGCCCCCGTTCTATATCATCACTGAGAAGATGACCTACGGGAACCTCCTGGACTACCTGAGGGAGTGCAACCGGCAGGAGGTGAACGCCGTGGTGCTGCTGTACA","54T0T0C76",3,8,"TTC/AAG","mnv"
910,"TTC","AAG",7499,317,317,"F/K","missense_variant","133M","GTCTGCACCCGGGAGCCCCCGTTCTATATCATCACTGAGAAGATGACCTACGGGAACCTCCTGGACTACCTGAGGGAGTGCAACCGGCAGGAGGTGAACGCCGTGGTGCTGCTGTACATGGCCACTCAGATCT","39T0T0C91",3,8,"TTC/AAG","mnv"
874,"TTC","AAG",5859,317,317,"F/K","missense_variant","133M","GAGATCAAACACCCTAACCTGGTGCAGCTCCTTGGGGTCTGCACCCGGGAGCCCCCGTTCTATATCATCACTGAGAAGATGACCTACGGGAACCTCCTGGACTACCTGAGGGAGTGCAACCGGCAGGAGGTGA","75T0T0C55",3,8,"TTC/AAG","mnv"
913,"TTC","AAG",7670,317,317,"F/K","missense_variant","133M","TGCACCCGGGAGCCCCCGTTCTATATCATCACTGAGAAGATGACCTACGGGAACCTCCTGGACTACCTGAGGGAGTGCAACCGGCAGGAGGTGAACGCCGTGGTGCTGCTGTACATGGCCACTCAGATCTCGT","36T0T0C94",3,8,"TTC/AAG","mnv"
908,"TTC","AAG",7408,317,317,"F/K","missense_variant","133M","GGGTCTGCACCCGGGAGCCCCCGTTCTATATCATCACTGAGAAGATGACCTACGGGAACCTCCTGGACTACCTGAGGGAGTGCAACCGGCAGGAGGTGAACGCCGTGGTGCTGCTGTACATGGCCACTCAGAT","41T0T0C89",3,8,"TTC/AAG","mnv"
887,"ACC","CTG",6453,319,319,"T/L","missense_variant","133M","CTAACCTGGTGCAGCTCCTTGGGGTCTGCACCCGGGAGCCCCCGTTCTATATCATCACTGAGTTCATGCTGTACGGGAACCTCCTGGACTACCTGAGGGAGTGCAACCGGCAGGAGGTGAACGCCGTGGTGCT","68A0C0C62",3,6,"ACC/CTG","mnv"
907,"ACC","CTG",7318,319,319,"T/L","missense_variant","132M","GGGGTCTGCACCCGGGAGCCCCCGTTCTATATCATCACTGAGTTCATGCTGTACGGGAACCTCCTGGACTACCTGAGGGAGTGCAACCGGCAGGAGGTGAACGCCGTGGTGCTGCTGTACATGGCCACTCAG","48A0C0C81",3,6,"ACC/CTG","mnv"
881,"ACC","CTG",6180,319,319,"T/L","missense_variant","133M","AACACCCTAACCTGGTGCAGCTCCTTGGGGTCTGCACCCGGGAGCCCCCGTTCTATATCATCACTGAGTTCATGCTGTACGGGAACCTCCTGGACTACCTGAGGGAGTGCAACCGGCAGGAGGTGAACGCCGT","74A0C0C56",3,6,"ACC/CTG","mnv"
898,"ACC","CTG",7005,319,319,"T/L","missense_variant","133M","CAGCTCCTTGGGGTCTGCACCCGGGAGCCCCCGTTCTATATCATCACTGAGTTCATGCTGTACGGGAACCTCCTGGACTACCTGAGGGAGTGCAACCGGCAGGAGGTGAACGCCGTGGTGCTGCTGTACATGG","57A0C0C73",3,6,"ACC/CTG","mnv"
856,"ACC","CTG",5371,319,319,"T/L","missense_variant","133M","GAAGCTGCAGTCATGAAAGAGATCAAACACCCTAACCTGGTGCAGCTCCTTGGGGTCTGCACCCGGGAGCCCCCGTTCTATATCATCACTGAGTTCATGCTGTACGGGAACCTCCTGGACTACCTGAGGGAGT","99A0C0C31",3,6,"ACC/CTG","mnv"
913,"ACC","CTG",7670,319,319,"T/L","missense_variant","133M","TGCACCCGGGAGCCCCCGTTCTATATCATCACTGAGTTCATGCTGTACGGGAACCTCCTGGACTACCTGAGGGAGTGCAACCGGCAGGAGGTGAACGCCGTGGTGCTGCTGTACATGGCCACTCAGATCTCGT","42A0C0C88",3,6,"ACC/CTG","mnv"
894,"ACC","GAG",6776,319,319,"T/E","missense_variant","133M","GGTGCAGCTCCTTGGGGTCTGCACCCGGGAGCCCCCGTTCTATATCATCACTGAGTTCATGGAGTACGGGAACCTCCTGGACTACCTGAGGGAGTGCAACCGGCAGGAGGTGAACGCCGTGGTGCTGCTGTAC","61A0C0C69",3,1,"ACC/GAG","mnv"
878,"TA","AG",6017,320,320,"Y/S","missense_variant","133M","TCAAACACCCTAACCTGGTGCAGCTCCTTGGGGTCTGCACCCGGGAGCCCCCGTTCTATATCATCACTGAGTTCATGACCAGCGGGAACCTCCTGGACTACCTGAGGGAGTGCAACCGGCAGGAGGTGAACGC","80T0A51",2,1,"TAc/AGc","mnv"
866,"TAC","ATG",5741,320,320,"Y/M","missense_variant","133M","TCATGAAAGAGATCAAACACCCTAACCTGGTGCAGCTCCTTGGGGTCTGCACCCGGGAGCCCCCGTTCTATATCATCACTGAGTTCATGACCATGGGGAACCTCCTGGACTACCTGAGGGAGTGCAACCGGCA","92T0A0C38",3,1,"TAC/ATG","mnv"
951,"AA","TG",8758,322,322,"N/C","missense_variant","133M","CATGACCTACGGGTGCCTCCTGGACTACCTGAGGGAGTGCAACCGGCAGGAGGTGAACGCCGTGGTGCTGCTGTACATGGCCACTCAGATCTCGTCAGCCATGGAGTACCTGGAGAAGAAAAACTTCATCCAC","13A0A118",2,4,"AAc/TGc","mnv"
881,"AA","TG",6180,322,322,"N/C","missense_variant","133M","AACACCCTAACCTGGTGCAGCTCCTTGGGGTCTGCACCCGGGAGCCCCCGTTCTATATCATCACTGAGTTCATGACCTACGGGTGCCTCCTGGACTACCTGAGGGAGTGCAACCGGCAGGAGGTGAACGCCGT","83A0A48",2,4,"AAc/TGc","mnv"
895,"AA","TG",6840,322,322,"N/C","missense_variant","133M","GTGCAGCTCCTTGGGGTCTGCACCCGGGAGCCCCCGTTCTATATCATCACTGAGTTCATGACCTACGGGTGCCTCCTGGACTACCTGAGGGAGTGCAACCGGCAGGAGGTGAACGCCGTGGTGCTGCTGTACA","69A0A62",2,4,"AAc/TGc","mnv"
910,"AA","TG",7499,322,322,"N/C","missense_variant","133M","GTCTGCACCCGGGAGCCCCCGTTCTATATCATCACTGAGTTCATGACCTACGGGTGCCTCCTGGACTACCTGAGGGAGTGCAACCGGCAGGAGGTGAACGCCGTGGTGCTGCTGTACATGGCCACTCAGATCT","54A0A77",2,4,"AAc/TGc","mnv"
946,"CTC","ATG",8769,323,323,"L/M","missense_variant","133M","GAGTTCATGACCTACGGGAACATGCTGGACTACCTGAGGGAGTGCAACCGGCAGGAGGTGAACGCCGTGGTGCTGCTGTACATGGCCACTCAGATCTCGTCAGCCATGGAGTACCTGGAGAAGAAAAACTTCA","21C1C109",2,2,"CTC/ATG","mnv"
951,"CTC","ATG",8758,323,323,"L/M","missense_variant","133M","CATGACCTACGGGAACATGCTGGACTACCTGAGGGAGTGCAACCGGCAGGAGGTGAACGCCGTGGTGCTGCTGTACATGGCCACTCAGATCTCGTCAGCCATGGAGTACCTGGAGAAGAAAAACTTCATCCAC","16C1C114",2,2,"CTC/ATG","mnv"
898,"CTC","GCT",7005,323,323,"L/A","missense_variant","133M","CAGCTCCTTGGGGTCTGCACCCGGGAGCCCCCGTTCTATATCATCACTGAGTTCATGACCTACGGGAACGCTCTGGACTACCTGAGGGAGTGCAACCGGCAGGAGGTGAACGCCGTGGTGCTGCTGTACATGG","69C0T0C61",3,5,"CTC/GCT","mnv"
935,"CTC","GCT",8565,323,323,"L/A","missense_variant","133M","ATATCATCACTGAGTTCATGACCTACGGGAACGCTCTGGACTACCTGAGGGAGTGCAACCGGCAGGAGGTGAACGCCGTGGTGCTGCTGTACATGGCCACTCAGATCTCGTCAGCCATGGAGTACCTGGAGAA","32C0T0C98",3,5,"CTC/GCT","mnv"
922,"CTC","GCT",8062,323,323,"L/A","missense_variant","133M","GAGCCCCCGTTCTATATCATCACTGAGTTCATGACCTACGGGAACGCTCTGGACTACCTGAGGGAGTGCAACCGGCAGGAGGTGAACGCCGTGGTGCTGCTGTACATGGCCACTCAGATCTCGTCAGCCATGG","45C0T0C85",3,5,"CTC/GCT","mnv"
932,"CTC","GCT",8453,323,323,"L/A","missense_variant","133M","TCTATATCATCACTGAGTTCATGACCTACGGGAACGCTCTGGACTACCTGAGGGAGTGCAACCGGCAGGAGGTGAACGCCGTGGTGCTGCTGTACATGGCCACTCAGATCTCGTCAGCCATGGAGTACCTGGA","35C0T0C95",3,5,"CTC/GCT","mnv"
912,"CTC","GCT",7648,323,323,"L/A","missense_variant","133M","CTGCACCCGGGAGCCCCCGTTCTATATCATCACTGAGTTCATGACCTACGGGAACGCTCTGGACTACCTGAGGGAGTGCAACCGGCAGGAGGTGAACGCCGTGGTGCTGCTGTACATGGCCACTCAGATCTCG","55C0T0C75",3,5,"CTC/GCT","mnv"
925,"GAC","TGG",8184,325,325,"D/W","missense_variant","133M","CCCCCGTTCTATATCATCACTGAGTTCATGACCTACGGGAACCTCCTGTGGTACCTGAGGGAGTGCAACCGGCAGGAGGTGAACGCCGTGGTGCTGCTGTACATGGCCACTCAGATCTCGTCAGCCATGGAGT","48G0A0C82",3,6,"GAC/TGG","mnv"
931,"GAC","TGG",8367,325,325,"D/W","missense_variant","133M","TTCTATATCATCACTGAGTTCATGACCTACGGGAACCTCCTGTGGTACCTGAGGGAGTGCAACCGGCAGGAGGTGAACGCCGTGGTGCTGCTGTACATGGCCACTCAGATCTCGTCAGCCATGGAGTACCTGG","42G0A0C88",3,6,"GAC/TGG","mnv"
925,"GAC","TGG",8184,325,325,"D/W","missense_variant","133M","CCCCCGTTCTATATCATCACTGAGTTCATGACCTACGGGAACCTCCTGTGGTACCTGAGGGAGTGCAACCGGCAGGAGGTGAACGCCGTGGTGCTGCTGTACATGGCCACTCAGATCTCGTCAGCCATGGAGT","48G0A0C82",3,6,"GAC/TGG","mnv"
878,"GAC","TGG",6017,325,325,"D/W","missense_variant","133M","TCAAACACCCTAACCTGGTGCAGCTCCTTGGGGTCTGCACCCGGGAGCCCCCGTTCTATATCATCACTGAGTTCATGACCTACGGGAACCTCCTGTGGTACCTGAGGGAGTGCAACCGGCAGGAGGTGAACGC","95G0A0C35",3,6,"GAC/TGG","mnv"
896,"GAC","TGG",6909,325,325,"D/W","missense_variant","133M","TGCAGCTCCTTGGGGTCTGCACCCGGGAGCCCCCGTTCTATATCATCACTGAGTTCATGACCTACGGGAACCTCCTGTGGTACCTGAGGGAGTGCAACCGGCAGGAGGTGAACGCCGTGGTGCTGCTGTACAT","77G0A0C53",3,6,"GAC/TGG","mnv"
891,"GAC","TGG",6750,325,325,"D/W","missense_variant","133M","CCTGGTGCAGCTCCTTGGGGTCTGCACCCGGGAGCCCCCGTTCTATATCATCACTGAGTTCATGACCTACGGGAACCTCCTGTGGTACCTGAGGGAGTGCAACCGGCAGGAGGTGAACGCCGTGGTGCTGCTG","82G0A0C48",3,6,"GAC/TGG","mnv"
937,"CTG","ATC",8714,327,327,"L/I","missense_variant","133M","ATCATCACTGAGTTCATGACCTACGGGAACCTCCTGGACTACATCAGGGAGTGCAACCGGCAGGAGGTGAACGCCGTGGTGCTGCTGTACATGGCCACTCAGATCTCGTCAGCCATGGAGTACCTGGAGAAGA","42C1G88",2,1,"CTG/ATC","mnv"
953,"AG","CT",8771,328,328,"R/L","missense_variant","133M","TGACCTACGGGAACCTCCTGGACTACCTGCTGGAGTGCAACCGGCAGGAGGTGAACGCCGTGGTGCTGCTGTACATGGCCACTCAGATCTCGTCAGCCATGGAGTACCTGGAGAAGAAAAACTTCATCCACAG","29A0G102",2,1,"AGg/CTg","mnv"
932,"AGG","GCT",8453,328,328,"R/A","missense_variant","133M","TCTATATCATCACTGAGTTCATGACCTACGGGAACCTCCTGGACTACCTGGCTGAGTGCAACCGGCAGGAGGTGAACGCCGTGGTGCTGCTGTACATGGCCACTCAGATCTCGTCAGCCATGGAGTACCTGGA","50A0G0G80",3,2,"AGG/GCT","mnv"
949,"AGG","GCT",8719,328,328,"R/A","missense_variant","133M","TTCATGACCTACGGGAACCTCCTGGACTACCTGGCTGAGTGCAACCGGCAGGAGGTGAACGCCGTGGTGCTGCTGTACATGGCCACTCAGATCTCGTCAGCCATGGAGTACCTGGAGAAGAAAAACTTCATCC","33A0G0G97",3,2,"AGG/GCT","mnv"
902,"AGG","TAC",7102,328,328,"R/Y","missense_variant","133M","TCCTTGGGGTCTGCACCCGGGAGCCCCCGTTCTATATCATCACTGAGTTCATGACCTACGGGAACCTCCTGGACTACCTGTACGAGTGCAACCGGCAGGAGGTGAACGCCGTGGTGCTGCTGTACATGGCCAC","80A0G0G50",3,1,"AGG/TAC","mnv"
933,"AGG","TTC",8465,328,328,"R/F","missense_variant","133M","CTATATCATCACTGAGTTCATGACCTACGGGAACCTCCTGGACTACCTGTTCGAGTGCAACCGGCAGGAGGTGAACGCCGTGGTGCTGCTGTACATGGCCACTCAGATCTCGTCAGCCATGGAGTACCTGGAG","49A0G0G81",3,3,"AGG/TTC","mnv"
921,"AGG","TTC",8005,328,328,"R/F","missense_variant","133M","GGAGCCCCCGTTCTATATCATCACTGAGTTCATGACCTACGGGAACCTCCTGGACTACCTGTTCGAGTGCAACCGGCAGGAGGTGAACGCCGTGGTGCTGCTGTACATGGCCACTCAGATCTCGTCAGCCATG","61A0G0G69",3,3,"AGG/TTC","mnv"
931,"AGG","TTC",8367,328,328,"R/F","missense_variant","133M","TTCTATATCATCACTGAGTTCATGACCTACGGGAACCTCCTGGACTACCTGTTCGAGTGCAACCGGCAGGAGGTGAACGCCGTGGTGCTGCTGTACATGGCCACTCAGATCTCGTCAGCCATGGAGTACCTGG","51A0G0G79",3,3,"AGG/TTC","mnv"
942,"GA","AT",8764,329,329,"E/M","missense_variant","133M","CACTGAGTTCATGACCTACGGGAACCTCCTGGACTACCTGAGGATGTGCAACCGGCAGGAGGTGAACGCCGTGGTGCTGCTGTACATGGCCACTCAGATCTCGTCAGCCATGGAGTACCTGGAGAAGAAAAAC","43G0A88",2,1,"GAg/ATg","mnv"
936,"GA","TG",8646,329,329,"E/W","missense_variant","133M","TATCATCACTGAGTTCATGACCTACGGGAACCTCCTGGACTACCTGAGGTGGTGCAACCGGCAGGAGGTGAACGCCGTGGTGCTGCTGTACATGGCCACTCAGATCTCGTCAGCCATGGAGTACCTGGAGAAG","49G0A82",2,8,"GAg/TGg","mnv"
896,"GA","TG",6909,329,329,"E/W","missense_variant","133M","TGCAGCTCCTTGGGGTCTGCACCCGGGAGCCCCCGTTCTATATCATCACTGAGTTCATGACCTACGGGAACCTCCTGGACTACCTGAGGTGGTGCAACCGGCAGGAGGTGAACGCCGTGGTGCTGCTGTACAT","89G0A42",2,8,"GAg/TGg","mnv"
942,"GA","TG",8764,329,329,"E/W","missense_variant","133M","CACTGAGTTCATGACCTACGGGAACCTCCTGGACTACCTGAGGTGGTGCAACCGGCAGGAGGTGAACGCCGTGGTGCTGCTGTACATGGCCACTCAGATCTCGTCAGCCATGGAGTACCTGGAGAAGAAAAAC","43G0A88",2,8,"GAg/TGg","mnv"
930,"GA","TG",8280,329,329,"E/W","missense_variant","133M","GTTCTATATCATCACTGAGTTCATGACCTACGGGAACCTCCTGGACTACCTGAGGTGGTGCAACCGGCAGGAGGTGAACGCCGTGGTGCTGCTGTACATGGCCACTCAGATCTCGTCAGCCATGGAGTACCTG","55G0A76",2,8,"GAg/TGg","mnv"
959,"GA","TG",8796,329,329,"E/W","missense_variant","133M","ACGGGAACCTCCTGGACTACCTGAGGTGGTGCAACCGGCAGGAGGTGAACGCCGTGGTGCTGCTGTACATGGCCACTCAGATCTCGTCAGCCATGGAGTACCTGGAGAAGAAAAACTTCATCCACAGAGATCT","26G0A105",2,8,"GAg/TGg","mnv"
926,"GA","TG",8189,329,329,"E/W","missense_variant","133M","CCCCGTTCTATATCATCACTGAGTTCATGACCTACGGGAACCTCCTGGACTACCTGAGGTGGTGCAACCGGCAGGAGGTGAACGCCGTGGTGCTGCTGTACATGGCCACTCAGATCTCGTCAGCCATGGAGTA","59G0A72",2,8,"GAg/TGg","mnv"
912,"GA","TG",7648,329,329,"E/W","missense_variant","133M","CTGCACCCGGGAGCCCCCGTTCTATATCATCACTGAGTTCATGACCTACGGGAACCTCCTGGACTACCTGAGGTGGTGCAACCGGCAGGAGGTGAACGCCGTGGTGCTGCTGTACATGGCCACTCAGATCTCG","73G0A58",2,8,"GAg/TGg","mnv"
949,"GA","TG",8719,329,329,"E/W","missense_variant","133M","TTCATGACCTACGGGAACCTCCTGGACTACCTGAGGTGGTGCAACCGGCAGGAGGTGAACGCCGTGGTGCTGCTGTACATGGCCACTCAGATCTCGTCAGCCATGGAGTACCTGGAGAAGAAAAACTTCATCC","36G0A95",2,8,"GAg/TGg","mnv"
976,"GAG","CCT",8964,329,329,"E/P","missense_variant","133M","TACCTGAGGCCTTGCAACCGGCAGGAGGTGAACGCCGTGGTGCTGCTGTACATGGCCACTCAGATCTCGTCAGCCATGGAGTACCTGGAGAAGAAAAACTTCATCCACAGAGATCTTGCTGCCCGAAACTGCC","9G0A0G121",3,3,"GAG/CCT","mnv"
886,"GAG","CCT",6378,329,329,"E/P","missense_variant","133M","CCTAACCTGGTGCAGCTCCTTGGGGTCTGCACCCGGGAGCCCCCGTTCTATATCATCACTGAGTTCATGACCTACGGGAACCTCCTGGACTACCTGAGGCCTTGCAACCGGCAGGAGGTGAACGCCGTGGTGC","99G0A0G31",3,3,"GAG/CCT","mnv"
933,"GAG","CCT",8465,329,329,"E/P","missense_variant","133M","CTATATCATCACTGAGTTCATGACCTACGGGAACCTCCTGGACTACCTGAGGCCTTGCAACCGGCAGGAGGTGAACGCCGTGGTGCTGCTGTACATGGCCACTCAGATCTCGTCAGCCATGGAGTACCTGGAG","52G0A0G78",3,3,"GAG/CCT","mnv"
926,"GAG","TAC",8189,329,329,"E/Y","missense_variant","133M","CCCCGTTCTATATCATCACTGAGTTCATGACCTACGGGAACCTCCTGGACTACCTGAGGTACTGCAACCGGCAGGAGGTGAACGCCGTGGTGCTGCTGTACATGGCCACTCAGATCTCGTCAGCCATGGAGTA","59G1G71",2,2,"GAG/TAC","mnv"
937,"GAG","TAC",8714,329,329,"E/Y","missense_variant","133M","ATCATCACTGAGTTCATGACCTACGGGAACCTCCTGGACTACCTGAGGTACTGCAACCGGCAGGAGGTGAACGCCGTGGTGCTGCTGTACATGGCCACTCAGATCTCGTCAGCCATGGAGTACCTGGAGAAGA","48G1G82",2,2,"GAG/TAC","mnv"
906,"GAG","TGC",7249,329,329,"E/C","missense_variant","133M","TGGGGTCTGCACCCGGGAGCCCCCGTTCTATATCATCACTGAGTTCATGACCTACGGGAACCTCCTGGACTACCTGAGGTGCTGCAACCGGCAGGAGGTGAACGCCGTGGTGCTGCTGTACATGGCCACTCAG","79G0A0G51",3,1,"GAG/TGC","mnv"
902,"TGC","GAT",7102,330,330,"C/D","missense_variant","133M","TCCTTGGGGTCTGCACCCGGGAGCCCCCGTTCTATATCATCACTGAGTTCATGACCTACGGGAACCTCCTGGACTACCTGAGGGAGGATAACCGGCAGGAGGTGAACGCCGTGGTGCTGCTGTACATGGCCAC","86T0G0C44",3,8,"TGC/GAT","mnv"
954,"TGC","GAT",8802,330,330,"C/D","missense_variant","133M","GACCTACGGGAACCTCCTGGACTACCTGAGGGAGGATAACCGGCAGGAGGTGAACGCCGTGGTGCTGCTGTACATGGCCACTCAGATCTCGTCAGCCATGGAGTACCTGGAGAAGAAAAACTTCATCCACAGA","34T0G0C96",3,8,"TGC/GAT","mnv"
903,"TGC","GAT",7146,330,330,"C/D","missense_variant","133M","CCTTGGGGTCTGCACCCGGGAGCCCCCGTTCTATATCATCACTGAGTTCATGACCTACGGGAACCTCCTGGACTACCTGAGGGAGGATAACCGGCAGGAGGTGAACGCCGTGGTGCTGCTGTACATGGCCACT","85T0G0C45",3,8,"TGC/GAT","mnv"
911,"TGC","GAT",7618,330,330,"C/D","missense_variant","133M","TCTGCACCCGGGAGCCCCCGTTCTATATCATCACTGAGTTCATGACCTACGGGAACCTCCTGGACTACCTGAGGGAGGATAACCGGCAGGAGGTGAACGCCGTGGTGCTGCTGTACATGGCCACTCAGATCTC","77T0G0C53",3,8,"TGC/GAT","mnv"
925,"TGC","GAT",8184,330,330,"C/D","missense_variant","133M","CCCCCGTTCTATATCATCACTGAGTTCATGACCTACGGGAACCTCCTGGACTACCTGAGGGAGGATAACCGGCAGGAGGTGAACGCCGTGGTGCTGCTGTACATGGCCACTCAGATCTCGTCAGCCATGGAGT","63T0G0C67",3,8,"TGC/GAT","mnv"
923,"TGC","GAT",8118,330,330,"C/D","missense_variant","133M","AGCCCCCGTTCTATATCATCACTGAGTTCATGACCTACGGGAACCTCCTGGACTACCTGAGGGAGGATAACCGGCAGGAGGTGAACGCCGTGGTGCTGCTGTACATGGCCACTCAGATCTCGTCAGCCATGGA","65T0G0C65",3,8,"TGC/GAT","mnv"
913,"TGC","GAT",7670,330,330,"C/D","missense_variant","133M","TGCACCCGGGAGCCCCCGTTCTATATCATCACTGAGTTCATGACCTACGGGAACCTCCTGGACTACCTGAGGGAGGATAACCGGCAGGAGGTGAACGCCGTGGTGCTGCTGTACATGGCCACTCAGATCTCGT","75T0G0C55",3,8,"TGC/GAT","mnv"
912,"TGC","GAT",7648,330,330,"C/D","missense_variant","133M","CTGCACCCGGGAGCCCCCGTTCTATATCATCACTGAGTTCATGACCTACGGGAACCTCCTGGACTACCTGAGGGAGGATAACCGGCAGGAGGTGAACGCCGTGGTGCTGCTGTACATGGCCACTCAGATCTCG","76T0G0C54",3,8,"TGC/GAT","mnv"
937,"AAC","GAG",8714,331,331,"N/E","missense_variant","133M","ATCATCACTGAGTTCATGACCTACGGGAACCTCCTGGACTACCTGAGGGAGTGCGAGCGGCAGGAGGTGAACGCCGTGGTGCTGCTGTACATGGCCACTCAGATCTCGTCAGCCATGGAGTACCTGGAGAAGA","54A1C76",2,8,"AAC/GAG","mnv"
925,"AAC","GAG",8184,331,331,"N/E","missense_variant","133M","CCCCCGTTCTATATCATCACTGAGTTCATGACCTACGGGAACCTCCTGGACTACCTGAGGGAGTGCGAGCGGCAGGAGGTGAACGCCGTGGTGCTGCTGTACATGGCCACTCAGATCTCGTCAGCCATGGAGT","66A1C64",2,8,"AAC/GAG","mnv"
889,"AAC","GAG",6613,331,331,"N/E","missense_variant","133M","AACCTGGTGCAGCTCCTTGGGGTCTGCACCCGGGAGCCCCCGTTCTATATCATCACTGAGTTCATGACCTACGGGAACCTCCTGGACTACCTGAGGGAGTGCGAGCGGCAGGAGGTGAACGCCGTGGTGCTGC","102A1C28",2,8,"AAC/GAG","mnv"
959,"AAC","GAG",8796,331,331,"N/E","missense_variant","133M","ACGGGAACCTCCTGGACTACCTGAGGGAGTGCGAGCGGCAGGAGGTGAACGCCGTGGTGCTGCTGTACATGGCCACTCAGATCTCGTCAGCCATGGAGTACCTGGAGAAGAAAAACTTCATCCACAGAGATCT","32A1C98",2,8,"AAC/GAG","mnv"
979,"AAC","GAG",9036,331,331,"N/E","missense_variant","133M","CTGAGGGAGTGCGAGCGGCAGGAGGTGAACGCCGTGGTGCTGCTGTACATGGCCACTCAGATCTCGTCAGCCATGGAGTACCTGGAGAAGAAAAACTTCATCCACAGAGATCTTGCTGCCCGAAACTGCCTGG","12A1C118",2,8,"AAC/GAG","mnv"
912,"AAC","GAG",7648,331,331,"N/E","missense_variant","133M","CTGCACCCGGGAGCCCCCGTTCTATATCATCACTGAGTTCATGACCTACGGGAACCTCCTGGACTACCTGAGGGAGTGCGAGCGGCAGGAGGTGAACGCCGTGGTGCTGCTGTACATGGCCACTCAGATCTCG","79A1C51",2,8,"AAC/GAG","mnv"
926,"AAC","GAG",8189,331,331,"N/E","missense_variant","133M","CCCCGTTCTATATCATCACTGAGTTCATGACCTACGGGAACCTCCTGGACTACCTGAGGGAGTGCGAGCGGCAGGAGGTGAACGCCGTGGTGCTGCTGTACATGGCCACTCAGATCTCGTCAGCCATGGAGTA","65A1C65",2,8,"AAC/GAG","mnv"
907,"AAC","GAG",7318,331,331,"N/E","missense_variant","133M","GGGGTCTGCACCCGGGAGCCCCCGTTCTATATCATCACTGAGTTCATGACCTACGGGAACCTCCTGGACTACCTGAGGGAGTGCGAGCGGCAGGAGGTGAACGCCGTGGTGCTGCTGTACATGGCCACTCAGA","84A1C46",2,8,"AAC/GAG","mnv"
917,"AAC","GTG",7763,331,331,"N/V","missense_variant","133M","CCCGGGAGCCCCCGTTCTATATCATCACTGAGTTCATGACCTACGGGAACCTCCTGGACTACCTGAGGGAGTGCGTGCGGCAGGAGGTGAACGCCGTGGTGCTGCTGTACATGGCCACTCAGATCTCGTCAGC","74A0A0C56",3,3,"AAC/GTG","mnv"
921,"AAC","GTG",8005,331,331,"N/V","missense_variant","133M","GGAGCCCCCGTTCTATATCATCACTGAGTTCATGACCTACGGGAACCTCCTGGACTACCTGAGGGAGTGCGTGCGGCAGGAGGTGAACGCCGTGGTGCTGCTGTACATGGCCACTCAGATCTCGTCAGCCATG","70A0A0C60",3,3,"AAC/GTG","mnv"
956,"AAC","GTG",8838,331,331,"N/V","missense_variant","133M","CCTACGGGAACCTCCTGGACTACCTGAGGGAGTGCGTGCGGCAGGAGGTGAACGCCGTGGTGCTGCTGTACATGGCCACTCAGATCTCGTCAGCCATGGAGTACCTGGAGAAGAAAAACTTCATCCACAGAGA","35A0A0C95",3,3,"AAC/GTG","mnv"
909,"CGG","AGC",7450,332,332,"R/S","missense_variant","133M","GGTCTGCACCCGGGAGCCCCCGTTCTATATCATCACTGAGTTCATGACCTACGGGAACCTCCTGGACTACCTGAGGGAGTGCAACAGCCAGGAGGTGAACGCCGTGGTGCTGCTGTACATGGCCACTCAGATC","85C1G45",2,1,"CGG/AGC","mnv"
971,"CA","AT",8902,333,333,"Q/M","missense_variant","133M","TGGACTACCTGAGGGAGTGCAACCGGATGGAGGTGAACGCCGTGGTGCTGCTGTACATGGCCACTCAGATCTCGTCAGCCATGGAGTACCTGGAGAAGAAAAACTTCATCCACAGAGATCTTGCTGCCCGAAA","26C0A105",2,9,"CAg/ATg","mnv"
937,"CA","AT",8714,333,333,"Q/M","missense_variant","133M","ATCATCACTGAGTTCATGACCTACGGGAACCTCCTGGACTACCTGAGGGAGTGCAACCGGATGGAGGTGAACGCCGTGGTGCTGCTGTACATGGCCACTCAGATCTCGTCAGCCATGGAGTACCTGGAGAAGA","60C0A71",2,9,"CAg/ATg","mnv"
925,"CA","AT",8184,333,333,"Q/M","missense_variant","133M","CCCCCGTTCTATATCATCACTGAGTTCATGACCTACGGGAACCTCCTGGACTACCTGAGGGAGTGCAACCGGATGGAGGTGAACGCCGTGGTGCTGCTGTACATGGCCACTCAGATCTCGTCAGCCATGGAGT","72C0A59",2,9,"CAg/ATg","mnv"
985,"CA","AT",9078,333,333,"Q/M","missense_variant","133M","GAGTGCAACCGGATGGAGGTGAACGCCGTGGTGCTGCTGTACATGGCCACTCAGATCTCGTCAGCCATGGAGTACCTGGAGAAGAAAAACTTCATCCACAGAGATCTTGCTGCCCGAAACTGCCTGGTAGGGG","12C0A119",2,9,"CAg/ATg","mnv"
911,"CA","AT",7618,333,333,"Q/M","missense_variant","133M","TCTGCACCCGGGAGCCCCCGTTCTATATCATCACTGAGTTCATGACCTACGGGAACCTCCTGGACTACCTGAGGGAGTGCAACCGGATGGAGGTGAACGCCGTGGTGCTGCTGTACATGGCCACTCAGATCTC","86C0A45",2,9,"CAg/ATg","mnv"
956,"CA","AT",8838,333,333,"Q/M","missense_variant","133M","CCTACGGGAACCTCCTGGACTACCTGAGGGAGTGCAACCGGATGGAGGTGAACGCCGTGGTGCTGCTGTACATGGCCACTCAGATCTCGTCAGCCATGGAGTACCTGGAGAAGAAAAACTTCATCCACAGAGA","41C0A90",2,9,"CAg/ATg","mnv"
880,"CA","AT",6123,333,333,"Q/M","missense_variant","133M","AAACACCCTAACCTGGTGCAGCTCCTTGGGGTCTGCACCCGGGAGCCCCCGTTCTATATCATCACTGAGTTCATGACCTACGGGAACCTCCTGGACTACCTGAGGGAGTGCAACCGGATGGAGGTGAACGCCG","117C0A14",2,9,"CAg/ATg","mnv"
952,"CA","AT",8767,333,333,"Q/M","missense_variant","133M","ATGACCTACGGGAACCTCCTGGACTACCTGAGGGAGTGCAACCGGATGGAGGTGAACGCCGTGGTGCTGCTGTACATGGCCACTCAGATCTCGTCAGCCATGGAGTACCTGGAGAAGAAAAACTTCATCCACA","45C0A86",2,9,"CAg/ATg","mnv"
985,"CA","AT",9078,333,333,"Q/M","missense_variant","133M","GAGTGCAACCGGATGGAGGTGAACGCCGTGGTGCTGCTGTACATGGCCACTCAGATCTCGTCAGCCATGGAGTACCTGGAGAAGAAAAACTTCATCCACAGAGATCTTGCTGCCCGAAACTGCCTGGTAGGGG","12C0A119",2,9,"CAg/ATg","mnv"
